1 8123622
2 2120398
3 1019162
4 625097
5 428750
6 317791
7 245464
8 196650
9 162204
10 135975
11 116058
12 100346
13 88177
14 77523
15 68976
16 61559
17 55910
18 50787
19 46022
20 41994
21 38483
22 35855
23 33476
24 31006
25 28485
26 27010
27 25265
28 23755
29 22370
30 20935
31 19618
32 18949
33 17771
34 16863
35 15861
36 15649
37 14397
38 13980
39 13267
40 12644
41 12187
42 11727
43 11024
44 10860
45 10350
46 9901
47 9392
48 9227
49 8842
50 8559
51 8171
52 7875
53 7693
54 7436
55 7215
56 7007
57 6846
58 6444
59 6441
60 6299
61 6022
62 5828
63 5627
64 5301
65 5258
66 5172
67 4999
68 4879
69 4665
70 4573
71 4508
72 4438
73 4217
74 4328
75 4103
76 3945
77 3875
78 3736
79 3676
80 3674
81 3496
82 3386
83 3336
84 3338
85 3196
86 3116
87 3008
88 2952
89 2995
90 2909
91 2857
92 2924
93 2798
94 2681
95 2553
96 2590
97 2434
98 2409
99 2443
100 2343
101 2335
102 2257
103 2170
104 2155
105 2140
106 2166
107 2101
108 2042
109 1950
110 1997
111 1874
112 1963
113 1817
114 1875
115 1748
116 1818
117 1761
118 1657
119 1640
120 1692
121 1621
122 1614
123 1590
124 1540
125 1535
126 1475
127 1484
128 1462
129 1417
130 1484
131 1391
132 1417
133 1384
134 1325
135 1320
136 1226
137 1297
138 1296
139 1283
140 1257
141 1189
142 1219
143 1094
144 1051
145 1130
146 1151
147 1131
148 1103
149 1086
150 1025
151 1054
152 1037
153 987
154 1030
155 939
156 935
157 1005
158 1000
159 979
160 1002
161 950
162 883
163 874
164 909
165 913
166 896
167 901
168 816
169 820
170 819
171 839
172 826
173 767
174 797
175 776
176 793
177 728
178 707
179 703
180 759
181 690
182 711
183 707
184 731
185 699
186 645
187 682
188 676
189 701
190 673
191 649
192 609
193 681
194 638
195 659
196 584
197 611
198 585
199 573
200 593
201 569
202 564
203 589
204 518
205 548
206 551
207 580
208 526
209 519
210 505
211 517
212 507
213 524
214 486
215 480
216 442
217 531
218 486
219 496
220 512
221 482
222 478
223 499
224 445
225 490
226 472
227 462
228 436
229 461
230 448
231 386
232 444
233 418
234 434
235 447
236 408
237 414
238 382
239 436
240 374
241 378
242 373
243 396
244 390
245 392
246 391
247 382
248 342
249 353
250 397
251 364
252 365
253 371
254 357
255 343
256 317
257 336
258 344
259 338
260 306
261 374
262 381
263 329
264 315
265 369
266 342
267 349
268 309
269 317
270 308
271 288
272 273
273 312
274 291
275 295
276 300
277 290
278 261
279 254
280 291
281 310
282 291
283 294
284 256
285 278
286 289
287 290
288 277
289 274
290 261
291 259
292 263
293 256
294 284
295 271
296 246
297 255
298 251
299 234
300 232
301 241
302 243
303 233
304 248
305 238
306 235
307 228
308 217
309 228
310 234
311 241
312 204
313 201
314 232
315 230
316 244
317 215
318 213
319 225
320 198
321 254
322 212
323 197
324 234
325 221
326 190
327 183
328 199
329 215
330 207
331 184
332 193
333 186
334 157
335 183
336 209
337 197
338 185
339 221
340 172
341 190
342 186
343 173
344 202
345 203
346 177
347 159
348 167
349 183
350 190
351 187
352 167
353 172
354 170
355 150
356 166
357 168
358 175
359 159
360 162
361 157
362 158
363 163
364 145
365 161
366 141
367 170
368 149
369 132
370 161
371 152
372 149
373 153
374 150
375 144
376 145
377 129
378 159
379 134
380 140
381 126
382 142
383 160
384 146
385 141
386 129
387 120
388 147
389 150
390 140
391 143
392 128
393 137
394 131
395 114
396 134
397 136
398 129
399 134
400 104
401 140
402 132
403 114
404 115
405 117
406 128
407 134
408 115
409 107
410 125
411 110
412 123
413 124
414 112
415 108
416 110
417 135
418 130
419 106
420 111
421 89
422 117
423 119
424 93
425 94
426 91
427 128
428 101
429 106
430 111
431 100
432 111
433 110
434 109
435 113
436 112
437 108
438 109
439 96
440 93
441 111
442 101
443 86
444 108
445 97
446 106
447 88
448 114
449 105
450 109
451 103
452 94
453 92
454 80
455 97
456 104
457 91
458 88
459 80
460 109
461 109
462 83
463 90
464 91
465 81
466 78
467 79
468 84
469 81
470 74
471 117
472 78
473 104
474 83
475 71
476 88
477 74
478 86
479 78
480 79
481 94
482 75
483 85
484 94
485 85
486 73
487 91
488 63
489 73
490 80
491 74
492 80
493 88
494 74
495 82
496 71
497 87
498 84
499 74
500 80
501 72
502 66
503 61
504 72
505 85
506 78
507 68
508 66
509 63
510 76
511 75
512 68
513 79
514 70
515 57
516 74
517 61
518 69
519 71
520 75
521 80
522 59
523 67
524 57
525 60
526 60
527 66
528 72
529 68
530 60
531 55
532 72
533 72
534 63
535 76
536 62
537 72
538 72
539 56
540 66
541 66
542 60
543 54
544 50
545 60
546 69
547 64
548 66
549 47
550 54
551 57
552 54
553 57
554 72
555 67
556 65
557 65
558 59
559 66
560 54
561 45
562 64
563 65
564 58
565 63
566 54
567 54
568 53
569 66
570 58
571 54
572 54
573 51
574 50
575 43
576 56
577 57
578 57
579 54
580 56
581 45
582 47
583 58
584 50
585 61
586 55
587 56
588 54
589 43
590 53
591 52
592 55
593 42
594 49
595 48
596 45
597 51
598 51
599 51
600 45
601 45
602 39
603 53
604 38
605 58
606 39
607 50
608 45
609 56
610 38
611 48
612 40
613 43
614 55
615 38
616 43
617 45
618 49
619 43
620 46
621 39
622 52
623 37
624 45
625 51
626 47
627 35
628 40
629 39
630 46
631 41
632 46
633 42
634 45
635 38
636 39
637 46
638 46
639 29
640 41
641 46
642 48
643 39
644 40
645 44
646 36
647 43
648 42
649 43
650 43
651 46
652 39
653 38
654 38
655 42
656 44
657 43
658 39
659 31
660 29
661 50
662 40
663 37
664 47
665 37
666 42
667 38
668 36
669 47
670 33
671 39
672 34
673 40
674 38
675 37
676 27
677 36
678 35
679 29
680 36
681 30
682 36
683 35
684 41
685 30
686 29
687 32
688 36
689 33
690 25
691 42
692 35
693 31
694 32
695 25
696 38
697 38
698 35
699 20
700 37
701 37
702 31
703 37
704 33
705 35
706 36
707 35
708 35
709 26
710 27
711 27
712 30
713 33
714 33
715 40
716 37
717 32
718 31
719 36
720 37
721 29
722 29
723 30
724 23
725 29
726 22
727 28
728 27
729 31
730 33
731 32
732 30
733 36
734 30
735 33
736 27
737 37
738 34
739 28
740 38
741 41
742 29
743 27
744 39
745 32
746 28
747 31
748 35
749 36
750 27
751 31
752 29
753 25
754 20
755 31
756 31
757 29
758 26
759 25
760 31
761 26
762 26
763 33
764 25
765 32
766 21
767 40
768 15
769 14
770 21
771 27
772 33
773 39
774 21
775 22
776 29
777 23
778 23
779 24
780 18
781 31
782 29
783 20
784 28
785 36
786 26
787 24
788 33
789 24
790 41
791 20
792 28
793 32
794 27
795 16
796 33
797 26
798 22
799 27
800 22
801 24
802 24
803 23
804 29
805 16
806 22
807 24
808 26
809 24
810 25
811 18
812 15
813 16
814 25
815 21
816 20
817 18
818 28
819 20
820 30
821 36
822 37
823 22
824 17
825 17
826 17
827 24
828 28
829 26
830 30
831 23
832 20
833 16
834 22
835 16
836 16
837 24
838 18
839 24
840 28
841 27
842 26
843 19
844 25
845 18
846 16
847 19
848 20
849 19
850 17
851 20
852 23
853 14
854 22
855 17
856 28
857 19
858 14
859 18
860 16
861 24
862 24
863 22
864 16
865 23
866 22
867 17
868 21
869 9
870 32
871 18
872 13
873 22
874 24
875 20
876 25
877 25
878 18
879 13
880 22
881 24
882 12
883 17
884 11
885 14
886 16
887 20
888 20
889 14
890 23
891 21
892 16
893 15
894 20
895 13
896 21
897 13
898 24
899 26
900 18
901 17
902 16
903 19
904 17
905 16
906 23
907 19
908 15
909 16
910 13
911 10
912 20
913 25
914 17
915 16
916 20
917 21
918 27
919 20
920 15
921 25
922 21
923 18
924 14
925 18
926 12
927 19
928 13
929 9
930 34
931 18
932 20
933 20
934 15
935 17
936 12
937 21
938 13
939 26
940 11
941 11
942 16
943 12
944 20
945 17
946 7
947 12
948 16
949 16
950 19
951 12
952 23
953 18
954 22
955 19
956 19
957 10
958 27
959 18
960 23
961 21
962 19
963 16
964 14
965 21
966 12
967 18
968 16
969 9
970 14
971 17
972 12
973 12
974 15
975 10
976 14
977 5
978 17
979 7
980 7
981 10
982 14
983 18
984 14
985 17
986 9
987 15
988 21
989 6
990 13
991 14
992 14
993 21
994 15
995 23
996 15
997 12
998 13
999 9
1000 18
1001 25
1002 8
1003 8
1004 7
1005 7
1006 15
1007 9
1008 21
1009 17
1010 12
1011 19
1012 9
1013 12
1014 17
1015 17
1016 23
1017 8
1018 12
1019 14
1020 10
1021 13
1022 12
1023 16
1024 10
1025 14
1026 15
1027 14
1028 22
1029 11
1030 11
1031 11
1032 15
1033 12
1034 7
1035 18
1036 12
1037 12
1038 11
1039 19
1040 13
1041 12
1042 16
1043 10
1044 13
1045 12
1046 16
1047 17
1048 9
1049 7
1050 16
1051 10
1052 12
1053 17
1054 12
1055 13
1056 17
1057 16
1058 14
1059 14
1060 13
1061 13
1062 9
1063 11
1064 5
1065 14
1066 17
1067 10
1068 12
1069 9
1070 16
1071 8
1072 11
1073 14
1074 16
1075 16
1076 15
1077 14
1078 9
1079 9
1080 12
1081 18
1082 8
1083 14
1084 5
1085 14
1086 13
1087 13
1088 10
1089 8
1090 14
1091 11
1092 9
1093 9
1094 9
1095 15
1096 10
1097 10
1098 14
1099 11
1100 11
1101 12
1102 8
1103 10
1104 12
1105 11
1106 9
1107 11
1108 12
1109 9
1110 11
1111 17
1112 11
1113 9
1114 12
1115 11
1116 13
1117 11
1118 12
1119 9
1120 9
1121 7
1122 13
1123 8
1124 14
1125 13
1126 12
1127 11
1128 9
1129 13
1130 11
1131 12
1132 6
1133 14
1134 8
1135 12
1136 6
1137 7
1138 18
1139 8
1140 9
1141 9
1142 11
1143 12
1144 5
1145 13
1146 11
1147 11
1148 11
1149 6
1150 9
1151 15
1152 14
1153 11
1154 12
1155 14
1156 11
1157 11
1158 9
1159 12
1160 12
1161 6
1162 11
1163 14
1164 12
1165 12
1166 8
1167 8
1168 8
1169 10
1170 14
1171 11
1172 12
1173 11
1174 9
1175 6
1176 15
1177 10
1178 9
1179 8
1180 6
1181 8
1182 7
1183 5
1184 10
1185 6
1186 9
1187 13
1188 11
1189 12
1190 8
1191 14
1192 9
1193 8
1194 11
1195 10
1196 13
1197 8
1198 10
1199 13
1200 13
1201 12
1202 11
1203 6
1204 5
1205 8
1206 8
1207 9
1208 4
1209 9
1210 8
1211 10
1212 9
1213 5
1214 6
1215 13
1216 13
1217 8
1218 7
1219 10
1220 12
1221 12
1222 10
1223 6
1224 12
1225 6
1226 10
1227 10
1228 6
1229 7
1230 9
1231 11
1232 8
1233 9
1234 7
1235 8
1236 14
1237 6
1238 13
1239 16
1240 8
1241 7
1242 9
1243 8
1244 8
1245 11
1246 4
1247 12
1248 14
1249 6
1250 6
1251 11
1252 11
1253 9
1254 8
1255 12
1256 8
1257 12
1258 3
1259 9
1260 5
1261 12
1262 12
1263 3
1264 9
1265 9
1266 11
1267 10
1268 9
1269 8
1270 9
1271 10
1272 1
1273 7
1274 4
1275 5
1276 12
1277 8
1278 9
1279 4
1280 6
1281 5
1282 6
1283 7
1284 10
1285 7
1286 6
1287 7
1288 4
1289 6
1290 7
1291 9
1292 8
1293 7
1294 6
1295 8
1296 8
1297 4
1298 6
1299 7
1300 9
1301 4
1302 6
1303 7
1304 6
1305 9
1306 8
1307 7
1308 9
1309 9
1310 3
1311 4
1312 7
1313 8
1314 4
1315 5
1316 4
1317 5
1318 7
1319 6
1320 9
1321 6
1322 8
1323 5
1324 8
1325 5
1326 4
1327 5
1328 9
1329 13
1330 2
1331 12
1332 9
1333 3
1334 7
1335 3
1336 9
1337 4
1338 4
1339 7
1340 10
1341 5
1342 8
1343 8
1344 2
1345 8
1346 8
1347 8
1348 3
1349 5
1350 4
1351 12
1352 5
1353 3
1354 6
1355 7
1356 13
1357 8
1358 7
1359 3
1360 7
1361 10
1362 8
1363 7
1364 5
1365 5
1366 7
1367 11
1368 6
1369 8
1370 6
1371 9
1372 9
1373 3
1374 9
1375 5
1376 5
1377 7
1378 4
1379 6
1380 8
1381 5
1382 5
1383 4
1384 3
1385 4
1386 7
1387 4
1388 7
1389 8
1390 8
1391 4
1392 6
1393 4
1394 5
1395 4
1396 9
1397 11
1398 3
1399 2
1400 6
1401 2
1402 10
1403 10
1404 8
1405 6
1406 7
1407 7
1408 11
1409 7
1410 7
1411 3
1412 7
1413 12
1414 6
1415 8
1416 7
1417 6
1418 9
1419 6
1420 2
1421 3
1422 4
1423 7
1424 5
1425 6
1426 1
1427 7
1428 5
1429 3
1430 5
1431 4
1432 7
1433 6
1434 7
1435 6
1436 4
1437 5
1438 8
1439 4
1440 9
1441 5
1442 5
1443 3
1444 1
1445 10
1446 9
1447 6
1448 4
1449 5
1450 8
1451 9
1452 7
1453 9
1454 6
1455 11
1456 4
1457 9
1458 5
1459 6
1460 2
1462 6
1463 3
1464 6
1465 4
1466 4
1467 3
1468 7
1469 3
1470 8
1471 7
1472 3
1473 5
1474 5
1475 7
1476 8
1477 6
1478 2
1479 6
1480 5
1481 8
1482 6
1483 8
1484 7
1485 8
1486 7
1487 5
1488 4
1489 5
1490 3
1491 3
1492 5
1493 5
1494 5
1495 9
1496 3
1497 4
1498 5
1499 6
1500 7
1501 1
1502 4
1503 9
1504 9
1505 3
1506 1
1507 5
1508 2
1509 5
1510 5
1511 2
1512 5
1513 4
1514 8
1515 5
1516 3
1517 4
1518 3
1519 6
1520 5
1521 5
1522 7
1523 7
1524 8
1525 3
1526 5
1527 3
1528 4
1529 4
1530 6
1531 5
1532 7
1533 4
1534 4
1535 4
1536 6
1537 8
1538 8
1539 5
1540 6
1541 5
1542 8
1543 8
1544 8
1545 2
1546 4
1547 9
1548 4
1549 4
1550 3
1551 9
1552 1
1553 6
1554 6
1555 7
1556 7
1557 5
1558 3
1559 3
1560 1
1561 4
1563 2
1564 4
1565 2
1566 3
1567 5
1568 3
1569 4
1570 8
1571 7
1572 6
1573 5
1574 5
1575 6
1576 3
1577 5
1578 6
1579 7
1580 3
1581 6
1582 5
1583 3
1584 5
1585 3
1586 4
1587 6
1588 2
1589 5
1590 2
1591 3
1592 4
1593 3
1594 3
1595 6
1596 5
1597 5
1598 7
1599 3
1600 5
1601 7
1602 10
1603 2
1604 9
1605 8
1606 5
1607 2
1608 6
1609 5
1610 2
1611 3
1612 1
1613 3
1614 3
1615 2
1616 5
1617 4
1618 3
1619 6
1620 5
1621 3
1622 4
1623 3
1624 10
1625 7
1626 5
1627 1
1628 2
1629 4
1630 1
1631 6
1632 2
1633 1
1634 2
1635 8
1636 2
1637 4
1638 3
1639 4
1640 4
1641 3
1642 7
1643 5
1644 4
1645 3
1646 3
1647 6
1648 4
1649 5
1650 4
1651 2
1652 6
1653 5
1654 5
1655 5
1656 6
1657 3
1658 8
1659 6
1660 4
1661 2
1662 4
1663 1
1664 4
1665 4
1666 3
1667 4
1668 3
1669 6
1670 4
1671 3
1672 7
1673 4
1674 6
1675 4
1676 2
1677 3
1678 5
1679 7
1680 3
1681 8
1682 4
1683 5
1684 4
1685 3
1686 4
1687 6
1688 4
1689 3
1690 4
1691 4
1692 3
1693 7
1694 2
1695 3
1696 2
1697 3
1698 2
1699 5
1700 3
1701 7
1702 4
1703 3
1704 6
1705 5
1706 2
1707 6
1708 4
1709 3
1710 6
1711 2
1712 5
1713 3
1714 6
1715 3
1717 2
1718 5
1719 5
1720 2
1721 1
1722 4
1723 4
1724 5
1725 3
1726 3
1727 4
1728 2
1729 5
1730 8
1731 1
1732 4
1733 2
1734 3
1735 4
1736 2
1737 6
1738 5
1739 1
1740 5
1741 3
1742 6
1743 2
1744 2
1745 1
1746 4
1747 1
1748 2
1749 2
1750 4
1751 9
1752 2
1753 3
1754 2
1755 1
1756 7
1757 1
1758 3
1759 2
1760 3
1761 3
1762 5
1763 3
1764 3
1765 4
1766 2
1767 2
1768 1
1769 1
1770 2
1771 2
1772 6
1773 2
1774 1
1775 5
1776 2
1777 3
1778 7
1779 5
1780 2
1781 3
1782 3
1783 2
1784 3
1785 3
1786 3
1787 5
1788 4
1789 5
1790 6
1791 1
1792 1
1793 1
1794 5
1795 4
1796 4
1797 1
1798 3
1799 5
1800 1
1801 5
1802 3
1803 1
1805 1
1806 2
1807 4
1808 4
1809 2
1810 2
1811 3
1812 5
1813 5
1814 2
1815 2
1816 3
1818 5
1819 1
1820 2
1821 3
1822 3
1823 5
1824 6
1825 2
1826 4
1827 4
1828 2
1830 3
1832 5
1833 2
1834 3
1835 4
1836 4
1837 2
1838 5
1839 4
1840 3
1841 4
1842 2
1843 2
1844 4
1845 3
1846 4
1847 2
1848 1
1850 3
1851 2
1852 3
1853 5
1854 2
1855 4
1856 2
1857 9
1858 5
1859 2
1860 2
1861 3
1862 5
1863 3
1864 1
1865 5
1866 1
1867 2
1868 3
1869 3
1870 1
1872 2
1873 2
1874 3
1875 4
1877 2
1878 2
1879 4
1880 4
1881 2
1882 1
1883 2
1884 5
1885 1
1886 2
1887 2
1888 2
1889 4
1890 1
1891 2
1892 4
1893 2
1894 1
1896 2
1897 2
1898 3
1899 4
1900 3
1901 3
1902 4
1903 3
1904 1
1905 2
1906 1
1907 2
1908 1
1909 2
1910 3
1911 5
1912 1
1913 1
1914 2
1915 3
1917 2
1918 2
1919 4
1920 5
1921 1
1922 4
1923 1
1924 3
1925 2
1926 1
1928 2
1929 5
1930 1
1931 2
1932 1
1933 3
1934 2
1935 2
1936 4
1937 4
1938 3
1939 2
1940 4
1941 2
1943 3
1944 1
1945 2
1946 4
1947 4
1948 3
1949 1
1950 4
1951 3
1952 4
1953 4
1955 2
1956 3
1957 3
1958 3
1959 3
1960 1
1961 3
1962 3
1963 3
1964 1
1965 3
1966 6
1967 3
1969 3
1970 1
1971 8
1972 3
1973 4
1974 3
1975 2
1976 3
1977 5
1978 3
1980 4
1981 3
1982 1
1983 2
1984 3
1985 1
1986 3
1987 3
1988 1
1990 2
1991 8
1992 2
1993 1
1994 4
1995 2
1996 5
1997 1
1998 3
1999 2
2000 1
2001 1
2002 1
2003 5
2004 2
2005 3
2006 5
2007 1
2008 2
2009 3
2010 2
2011 2
2012 3
2013 5
2014 1
2015 2
2016 5
2018 2
2019 4
2020 5
2022 2
2023 1
2024 2
2025 4
2026 3
2027 2
2028 3
2029 1
2031 4
2032 5
2033 3
2034 1
2035 1
2036 2
2037 4
2038 2
2039 4
2040 7
2041 1
2042 4
2043 1
2044 5
2045 3
2046 1
2047 2
2048 3
2049 3
2050 1
2051 1
2052 8
2053 5
2054 6
2055 3
2056 4
2058 1
2059 3
2060 3
2061 2
2063 1
2064 1
2065 1
2066 3
2067 3
2068 3
2069 2
2070 1
2071 2
2072 2
2074 1
2075 4
2076 1
2077 5
2079 4
2080 6
2081 3
2082 2
2083 4
2084 1
2085 3
2086 2
2088 3
2089 1
2090 4
2091 1
2092 5
2093 2
2094 1
2096 1
2097 3
2098 1
2099 1
2100 6
2101 1
2102 2
2103 4
2104 1
2105 2
2106 2
2108 4
2109 3
2110 4
2111 1
2112 1
2113 1
2114 3
2115 3
2116 4
2117 2
2118 3
2119 2
2120 3
2121 3
2122 3
2124 1
2125 3
2127 1
2129 4
2131 2
2132 4
2133 3
2134 2
2135 3
2136 2
2137 3
2138 4
2139 1
2140 2
2141 1
2142 3
2143 2
2145 4
2146 2
2147 1
2148 5
2149 4
2150 3
2151 4
2152 3
2153 1
2154 1
2155 3
2156 3
2157 2
2158 2
2159 3
2161 1
2162 1
2163 3
2164 2
2165 1
2167 2
2168 4
2170 3
2171 3
2172 4
2173 1
2174 2
2175 1
2176 3
2177 2
2178 1
2179 2
2180 5
2181 2
2182 3
2183 2
2185 1
2186 1
2187 1
2188 3
2190 1
2191 3
2192 4
2193 2
2194 1
2195 2
2196 2
2197 2
2198 1
2199 2
2200 1
2201 1
2202 3
2204 1
2205 7
2207 1
2208 1
2209 2
2210 3
2212 2
2213 3
2215 2
2216 5
2217 2
2218 3
2219 3
2221 2
2222 4
2223 1
2224 3
2225 3
2226 4
2227 1
2228 3
2229 1
2230 3
2231 1
2232 1
2233 1
2234 1
2235 3
2236 5
2237 2
2239 2
2240 1
2241 2
2242 3
2243 1
2244 2
2245 1
2246 1
2247 3
2248 2
2250 2
2251 1
2252 4
2253 3
2255 2
2256 3
2257 3
2258 2
2259 1
2260 4
2261 2
2262 1
2263 4
2264 4
2265 2
2267 2
2268 1
2269 4
2270 2
2271 2
2273 3
2274 1
2275 6
2276 1
2277 1
2278 2
2279 2
2280 2
2281 3
2282 2
2283 1
2284 3
2285 1
2286 1
2287 1
2288 1
2289 4
2290 4
2291 2
2292 1
2293 5
2294 2
2295 4
2296 1
2297 3
2298 5
2299 7
2300 1
2301 2
2302 4
2303 1
2304 1
2306 1
2307 1
2308 2
2309 4
2310 1
2312 3
2313 1
2314 5
2315 2
2316 1
2317 2
2319 3
2320 1
2322 2
2324 1
2325 4
2326 2
2328 2
2329 1
2331 2
2332 1
2333 1
2334 6
2335 3
2336 2
2337 1
2338 2
2339 1
2340 2
2342 1
2344 1
2346 2
2347 1
2348 2
2349 3
2350 2
2351 2
2352 4
2353 1
2355 1
2358 2
2359 3
2360 4
2363 3
2364 3
2365 1
2368 1
2369 5
2370 2
2372 4
2373 2
2375 1
2376 1
2377 1
2379 2
2380 3
2381 4
2382 2
2383 2
2384 3
2385 2
2386 3
2387 1
2388 1
2390 3
2391 1
2392 1
2393 3
2395 2
2397 2
2398 1
2399 1
2400 2
2401 3
2403 1
2404 2
2405 5
2409 1
2410 2
2411 2
2413 1
2414 3
2415 1
2416 1
2417 2
2419 3
2420 1
2421 2
2422 4
2424 3
2426 2
2427 2
2431 1
2433 2
2434 1
2435 2
2439 1
2440 1
2443 2
2445 1
2446 1
2447 1
2448 1
2449 2
2450 4
2451 3
2453 1
2454 1
2455 2
2456 1
2459 1
2460 2
2461 1
2462 2
2464 1
2465 3
2466 4
2468 2
2470 3
2471 2
2472 1
2473 1
2474 3
2475 5
2476 1
2477 2
2480 3
2481 3
2482 4
2483 3
2484 2
2485 1
2486 3
2487 1
2488 3
2489 5
2492 1
2493 3
2494 2
2495 1
2496 1
2498 1
2499 3
2501 1
2502 2
2504 2
2505 1
2506 3
2507 2
2508 3
2509 2
2510 1
2511 4
2512 2
2514 2
2515 1
2516 2
2517 2
2519 1
2520 3
2522 1
2523 2
2524 1
2525 2
2529 4
2530 1
2531 2
2532 1
2533 1
2536 3
2537 1
2538 2
2539 2
2540 1
2542 2
2544 1
2547 1
2548 1
2549 1
2550 1
2551 1
2553 1
2554 3
2555 1
2556 2
2559 1
2560 2
2561 1
2563 2
2565 2
2566 1
2567 1
2568 4
2569 1
2570 2
2571 2
2572 2
2573 3
2574 1
2577 3
2579 1
2580 2
2581 1
2584 2
2587 6
2588 1
2589 3
2590 1
2591 1
2593 1
2594 3
2595 2
2596 3
2597 2
2598 1
2600 5
2601 5
2604 2
2605 3
2606 2
2607 1
2608 4
2609 1
2610 2
2611 1
2612 1
2613 1
2614 3
2616 1
2617 1
2618 1
2619 5
2620 1
2623 3
2624 4
2626 1
2627 1
2629 3
2630 1
2631 2
2632 1
2633 2
2634 2
2635 3
2636 1
2637 1
2638 1
2639 1
2640 1
2641 1
2643 2
2644 2
2645 1
2647 1
2649 4
2650 1
2651 3
2652 1
2653 4
2654 2
2655 1
2657 1
2658 5
2659 2
2660 2
2662 1
2663 1
2664 1
2665 2
2666 1
2667 2
2668 3
2671 2
2672 1
2673 1
2674 1
2675 1
2676 2
2677 1
2679 1
2681 1
2683 1
2684 1
2685 2
2686 3
2687 1
2688 2
2689 1
2692 1
2693 3
2694 1
2695 1
2696 1
2698 1
2699 1
2700 3
2701 1
2702 3
2704 4
2705 1
2706 2
2707 1
2708 3
2709 1
2710 1
2711 3
2712 1
2713 1
2714 1
2715 2
2716 1
2719 1
2720 2
2722 2
2723 1
2726 1
2728 4
2729 2
2731 1
2733 1
2734 2
2735 2
2736 2
2737 1
2738 2
2739 1
2740 2
2741 1
2742 1
2743 4
2746 2
2748 2
2750 1
2751 1
2752 1
2753 1
2754 1
2756 1
2757 1
2758 2
2760 1
2761 1
2764 3
2765 1
2766 1
2767 2
2768 1
2769 1
2770 2
2772 1
2774 2
2775 2
2776 3
2777 2
2778 3
2781 1
2782 3
2784 2
2786 2
2788 2
2789 3
2790 1
2791 1
2795 1
2798 1
2799 3
2802 2
2803 1
2804 1
2805 1
2806 3
2809 3
2811 2
2812 2
2813 1
2815 2
2816 1
2817 3
2818 1
2821 1
2822 2
2824 1
2825 2
2826 1
2827 1
2829 1
2830 1
2831 1
2832 2
2833 1
2834 1
2835 1
2836 3
2837 3
2839 2
2840 3
2841 1
2842 1
2843 4
2845 3
2847 1
2848 1
2851 1
2852 1
2853 1
2854 3
2855 3
2856 4
2857 1
2859 1
2860 1
2865 2
2867 1
2872 1
2875 1
2876 1
2877 2
2878 1
2879 1
2880 1
2881 2
2882 1
2883 2
2885 1
2886 1
2889 1
2890 1
2891 1
2892 1
2896 1
2898 1
2899 1
2900 1
2901 1
2902 1
2904 2
2905 1
2906 2
2908 1
2909 1
2911 1
2913 1
2915 3
2917 4
2919 2
2922 1
2925 1
2927 1
2928 1
2929 1
2932 2
2934 1
2936 2
2940 2
2942 2
2943 2
2946 1
2947 1
2948 1
2949 1
2950 1
2951 1
2952 1
2954 1
2959 1
2962 1
2964 3
2965 1
2966 1
2967 3
2968 1
2971 1
2972 1
2973 2
2975 1
2978 1
2979 1
2980 1
2982 3
2985 1
2987 1
2989 1
2991 1
2992 1
2993 1
2994 1
2995 1
2996 1
2998 3
3000 2
3001 2
3005 1
3007 1
3009 4
3012 2
3014 2
3015 3
3017 1
3020 2
3023 1
3026 1
3027 2
3029 1
3030 2
3031 1
3034 1
3035 1
3036 1
3037 1
3038 1
3040 2
3041 1
3043 1
3045 1
3048 1
3049 1
3052 1
3056 1
3057 1
3058 1
3061 2
3062 2
3067 1
3068 3
3070 2
3071 2
3073 1
3077 1
3078 1
3079 2
3080 2
3083 4
3087 1
3090 1
3094 2
3095 1
3096 1
3097 3
3099 1
3100 1
3105 1
3106 2
3107 3
3108 1
3109 1
3110 1
3111 3
3112 1
3116 1
3118 1
3120 3
3121 3
3122 1
3123 1
3124 2
3125 1
3127 3
3128 1
3129 2
3130 3
3131 1
3135 3
3136 1
3137 2
3139 2
3140 2
3142 1
3143 2
3144 1
3150 2
3151 1
3153 1
3154 1
3155 1
3157 1
3158 1
3159 1
3160 3
3161 3
3162 1
3164 1
3165 1
3167 2
3170 1
3171 1
3173 2
3176 1
3181 4
3185 2
3187 1
3189 1
3190 1
3191 1
3192 1
3197 1
3198 2
3199 1
3200 1
3204 1
3207 1
3208 3
3210 1
3214 2
3216 1
3218 1
3219 3
3220 2
3221 2
3223 3
3224 1
3225 2
3226 2
3227 1
3228 1
3230 1
3231 1
3232 2
3233 1
3234 1
3235 2
3239 1
3240 1
3241 2
3242 2
3243 2
3244 2
3245 1
3246 1
3247 1
3248 1
3249 2
3250 1
3252 2
3254 2
3255 1
3257 2
3258 1
3259 2
3260 1
3264 4
3266 2
3267 1
3270 1
3271 1
3276 2
3277 3
3278 2
3279 2
3281 1
3282 3
3283 2
3284 1
3287 1
3290 1
3291 1
3293 2
3294 1
3296 1
3302 2
3303 1
3304 1
3306 1
3308 1
3311 2
3313 1
3314 1
3316 1
3318 3
3319 1
3320 1
3321 1
3322 2
3323 2
3324 2
3328 1
3336 1
3337 3
3339 1
3340 1
3341 1
3346 1
3347 1
3348 1
3350 2
3351 1
3352 2
3355 1
3357 1
3361 1
3363 2
3364 1
3365 1
3369 2
3370 1
3371 2
3372 2
3373 1
3374 1
3375 1
3377 1
3379 2
3381 1
3384 3
3385 1
3388 3
3391 2
3392 1
3393 1
3395 2
3396 2
3399 2
3401 1
3402 2
3407 2
3409 2
3412 1
3414 1
3415 1
3418 1
3420 3
3427 1
3429 1
3435 1
3436 1
3438 2
3441 1
3442 1
3443 1
3445 1
3446 1
3447 1
3450 1
3453 1
3460 1
3463 1
3465 1
3467 1
3471 1
3473 1
3474 1
3475 1
3476 2
3478 1
3481 1
3483 2
3486 1
3487 1
3489 1
3490 1
3491 1
3493 1
3495 1
3497 2
3499 1
3500 1
3502 1
3505 1
3509 4
3510 1
3511 2
3512 1
3514 1
3515 1
3517 1
3520 1
3526 1
3527 2
3528 1
3531 1
3532 1
3534 1
3535 2
3538 2
3539 1
3540 2
3541 1
3542 2
3547 1
3548 1
3549 2
3552 3
3554 1
3555 1
3556 1
3557 1
3559 1
3560 2
3567 1
3568 1
3569 2
3572 1
3573 1
3574 1
3575 2
3576 1
3582 1
3585 3
3588 1
3593 1
3597 1
3599 1
3605 2
3608 1
3609 1
3610 1
3611 2
3612 1
3615 1
3616 2
3618 1
3620 1
3625 1
3626 1
3627 1
3628 1
3632 1
3636 2
3639 1
3643 2
3645 2
3646 2
3648 1
3653 1
3654 2
3657 1
3661 2
3662 3
3672 1
3673 1
3676 2
3678 2
3688 1
3690 2
3691 3
3693 1
3694 2
3695 2
3701 3
3707 1
3709 1
3711 2
3717 1
3721 2
3722 1
3723 1
3725 1
3728 2
3729 1
3730 1
3738 1
3739 1
3740 1
3741 1
3743 1
3744 1
3746 1
3748 1
3753 1
3754 1
3757 1
3760 1
3761 2
3764 1
3769 1
3771 1
3772 1
3775 1
3778 1
3779 2
3782 1
3783 1
3785 2
3786 1
3788 2
3790 1
3794 1
3796 1
3797 2
3798 3
3802 1
3805 1
3806 1
3809 1
3811 1
3816 1
3817 1
3822 1
3823 2
3826 1
3827 1
3828 1
3831 1
3837 1
3838 2
3839 1
3840 1
3845 1
3846 1
3847 1
3849 1
3855 1
3856 1
3861 1
3864 1
3865 1
3866 2
3867 1
3868 1
3870 1
3871 1
3872 1
3875 1
3877 2
3880 1
3881 2
3882 1
3889 3
3890 1
3892 1
3904 1
3905 1
3908 1
3911 2
3912 1
3914 1
3918 3
3919 1
3921 2
3922 1
3923 1
3926 1
3927 1
3928 1
3931 3
3933 2
3936 1
3944 1
3946 1
3947 1
3948 1
3954 1
3957 2
3958 1
3960 1
3968 1
3972 1
3973 1
3978 2
3985 1
3987 2
3990 1
3991 1
3992 1
3994 1
3996 1
3997 1
4000 1
4001 1
4002 2
4004 1
4008 1
4009 1
4012 2
4016 1
4018 1
4019 1
4024 1
4026 1
4030 1
4034 1
4035 1
4036 1
4038 1
4040 1
4042 1
4045 1
4047 1
4048 1
4049 2
4050 2
4052 1
4057 1
4058 1
4059 1
4060 2
4061 1
4063 1
4068 2
4073 1
4076 1
4079 2
4080 1
4084 1
4085 1
4087 1
4090 2
4092 1
4094 1
4096 1
4100 2
4102 2
4103 1
4105 1
4112 1
4114 1
4119 1
4122 1
4126 1
4129 1
4131 1
4135 1
4138 1
4139 1
4142 1
4145 1
4146 2
4147 1
4148 1
4150 1
4153 3
4156 1
4163 1
4172 2
4173 1
4174 1
4177 1
4178 1
4179 1
4181 1
4184 1
4189 1
4190 1
4191 2
4198 2
4200 1
4202 2
4211 1
4212 2
4215 2
4220 1
4222 1
4224 2
4227 1
4230 1
4232 1
4233 1
4234 2
4235 2
4237 1
4238 1
4240 1
4243 1
4244 1
4247 2
4248 1
4250 1
4256 2
4257 1
4261 1
4263 1
4266 1
4270 1
4272 1
4273 1
4289 1
4291 1
4295 1
4296 1
4297 1
4299 1
4303 1
4304 1
4305 1
4309 1
4312 1
4315 1
4316 1
4322 1
4327 1
4331 1
4336 1
4337 1
4355 1
4356 1
4360 2
4362 1
4367 1
4374 1
4376 1
4378 1
4379 1
4380 1
4388 1
4390 1
4391 2
4398 1
4399 2
4402 1
4403 1
4404 1
4406 1
4411 1
4412 1
4420 1
4421 1
4426 2
4427 1
4428 2
4437 1
4438 1
4441 1
4445 1
4447 1
4452 1
4455 1
4456 2
4465 2
4466 1
4468 1
4470 1
4471 1
4473 3
4475 1
4478 1
4481 2
4482 2
4483 1
4487 2
4494 1
4496 1
4498 1
4501 2
4502 2
4507 1
4513 1
4519 1
4523 1
4524 1
4525 1
4527 1
4531 1
4534 1
4535 1
4541 1
4544 1
4553 4
4555 1
4556 1
4557 1
4562 1
4567 1
4574 1
4580 1
4585 1
4587 1
4589 2
4590 1
4593 1
4597 2
4600 1
4601 1
4608 1
4609 1
4614 1
4622 1
4624 1
4627 1
4628 1
4629 1
4630 1
4631 1
4637 1
4639 2
4643 1
4646 1
4648 1
4652 2
4660 2
4661 1
4662 2
4678 1
4679 1
4680 1
4681 1
4682 1
4690 1
4698 1
4700 1
4704 1
4705 1
4710 1
4712 1
4717 2
4718 1
4719 1
4721 1
4723 1
4727 1
4728 1
4729 1
4732 1
4740 1
4749 1
4752 1
4754 1
4757 1
4763 1
4768 1
4769 2
4777 1
4779 1
4782 1
4784 1
4801 2
4806 1
4807 1
4808 1
4813 1
4814 1
4816 1
4818 1
4822 1
4825 1
4827 1
4833 1
4835 1
4840 1
4842 1
4852 2
4855 1
4857 1
4870 1
4871 1
4880 1
4888 2
4893 1
4894 1
4895 1
4898 2
4901 1
4928 1
4933 1
4934 1
4935 1
4937 1
4938 1
4942 1
4944 1
4947 1
4953 1
4959 2
4961 1
4969 1
4972 1
4973 1
4975 1
4976 1
4988 1
4997 1
5004 1
5005 1
5006 1
5007 1
5009 1
5016 1
5018 1
5019 1
5020 1
5021 1
5032 1
5034 1
5036 1
5042 1
5043 1
5052 1
5054 1
5065 1
5075 1
5083 1
5089 2
5097 1
5099 1
5101 1
5104 1
5105 1
5112 1
5113 1
5117 1
5119 1
5120 1
5121 1
5138 1
5142 2
5144 1
5145 1
5154 1
5166 1
5168 1
5172 2
5180 2
5184 1
5189 1
5191 1
5192 2
5195 1
5197 1
5201 1
5202 1
5213 1
5214 1
5222 2
5226 1
5227 1
5230 1
5233 1
5241 1
5242 1
5243 1
5248 1
5249 1
5250 1
5255 2
5258 1
5259 1
5262 1
5273 1
5279 2
5283 1
5290 1
5293 1
5300 1
5302 1
5303 1
5317 1
5319 1
5325 1
5329 2
5334 1
5335 1
5345 1
5364 1
5368 2
5370 1
5377 1
5383 1
5384 1
5390 1
5393 1
5401 1
5404 1
5412 1
5417 1
5418 1
5419 1
5420 1
5421 1
5426 1
5427 1
5431 1
5434 2
5435 1
5437 1
5443 3
5449 2
5452 1
5457 1
5472 1
5473 1
5474 1
5486 2
5487 1
5489 1
5490 1
5491 1
5492 1
5495 1
5498 1
5500 1
5504 1
5505 1
5518 1
5527 1
5534 1
5538 1
5541 1
5544 1
5562 1
5565 1
5568 2
5573 2
5577 1
5581 2
5586 1
5605 1
5638 1
5641 2
5649 2
5652 1
5653 1
5655 1
5665 1
5674 1
5678 1
5686 1
5706 1
5707 1
5726 1
5731 1
5735 1
5739 1
5741 1
5765 1
5770 1
5771 1
5775 1
5778 1
5785 1
5792 1
5795 1
5812 1
5815 1
5820 1
5828 1
5829 1
5835 1
5836 1
5837 1
5849 1
5854 1
5884 1
5889 1
5891 1
5902 1
5905 1
5906 1
5907 1
5916 1
5920 1
5921 1
5935 1
5936 1
5942 1
5943 1
5946 1
5947 1
5957 1
5967 1
5974 1
5981 1
5984 1
5995 1
6002 1
6003 1
6006 1
6019 1
6024 1
6029 2
6045 1
6050 1
6057 1
6060 1
6074 1
6076 1
6077 1
6094 1
6111 1
6115 2
6132 1
6138 1
6140 1
6145 2
6151 1
6153 1
6156 1
6157 1
6162 1
6163 1
6168 2
6180 1
6210 1
6222 1
6235 1
6238 1
6267 1
6276 1
6294 1
6302 1
6304 1
6306 1
6308 1
6314 1
6315 1
6317 1
6320 1
6325 1
6331 2
6339 1
6348 1
6351 1
6356 1
6364 1
6370 1
6373 1
6381 1
6383 1
6386 1
6393 1
6403 1
6413 1
6424 1
6427 1
6438 1
6456 1
6458 1
6464 1
6467 1
6471 1
6500 1
6502 1
6504 1
6508 1
6518 1
6554 1
6558 1
6560 1
6562 1
6580 1
6581 1
6598 1
6599 1
6600 1
6615 1
6622 1
6631 1
6636 1
6667 1
6682 1
6698 1
6702 1
6718 1
6722 1
6724 1
6725 1
6732 1
6736 1
6738 2
6755 1
6757 1
6775 1
6801 1
6802 1
6805 1
6809 1
6816 1
6833 1
6865 1
6876 1
6880 1
6884 2
6903 1
6907 1
6914 1
6946 1
6947 1
6955 1
6956 1
6957 1
6959 1
6967 1
6973 1
6975 2
6995 1
7004 2
7007 1
7021 1
7025 1
7062 1
7069 1
7104 1
7106 1
7111 1
7122 1
7125 1
7151 1
7159 1
7160 2
7168 1
7171 2
7182 1
7183 1
7203 1
7214 2
7215 1
7216 1
7225 1
7256 1
7278 1
7280 1
7299 1
7319 1
7327 1
7336 1
7339 1
7353 1
7355 1
7363 1
7365 1
7382 1
7386 1
7389 1
7390 1
7391 1
7395 1
7398 1
7399 2
7409 1
7415 1
7433 1
7443 1
7444 2
7475 1
7482 1
7489 1
7513 2
7534 1
7540 1
7554 1
7563 1
7568 2
7570 1
7581 1
7589 1
7606 1
7610 1
7635 1
7638 1
7643 1
7652 1
7655 2
7657 1
7658 1
7668 1
7676 1
7684 1
7704 1
7713 1
7715 2
7718 1
7722 1
7726 1
7730 1
7736 1
7744 1
7766 1
7790 1
7827 1
7841 1
7875 1
7877 1
7889 1
7892 1
7893 1
7910 1
7912 1
7916 2
7928 2
7936 1
7943 1
7945 1
7961 1
7981 1
8019 1
8033 1
8044 1
8052 1
8061 1
8070 1
8092 1
8095 1
8108 1
8113 1
8147 1
8167 2
8174 1
8182 1
8196 1
8198 1
8207 1
8244 1
8249 1
8255 1
8271 1
8300 1
8318 1
8331 1
8353 1
8357 1
8364 1
8374 1
8393 1
8440 1
8453 1
8458 1
8477 1
8495 1
8496 1
8523 1
8538 1
8544 1
8550 1
8578 1
8581 1
8584 1
8612 1
8613 1
8614 1
8670 1
8699 1
8708 1
8709 1
8728 1
8746 1
8751 1
8774 1
8793 1
8798 1
8817 1
8824 1
8844 1
8853 1
8872 1
8885 1
8922 1
8942 1
8950 1
8952 1
8962 1
8968 1
8988 1
8992 1
8993 1
9033 1
9048 1
9073 1
9083 1
9141 1
9155 1
9167 1
9183 1
9199 1
9234 1
9236 1
9254 1
9263 1
9266 1
9275 1
9276 2
9279 1
9280 1
9301 1
9314 1
9334 1
9352 1
9392 1
9396 1
9404 1
9411 1
9514 1
9518 1
9521 1
9557 1
9576 1
9577 2
9593 1
9608 1
9615 1
9637 1
9645 1
9646 1
9647 1
9654 1
9660 1
9704 1
9709 1
9712 1
9734 1
9735 1
9738 1
9766 1
9776 1
9811 1
9813 1
9841 1
9849 1
9852 1
9878 1
9902 1
9919 1
9930 1
9934 1
9960 1
9989 2
10016 1
10028 1
10034 1
10036 1
10049 1
10057 1
10135 1
10136 1
10143 1
10187 1
10193 1
10229 1
10345 1
10348 1
10349 1
10357 1
10381 1
10385 1
10389 1
10402 1
10408 1
10421 1
10597 1
10599 1
10633 2
10657 1
10742 1
10759 1
10763 1
10769 1
10835 1
10846 1
10867 1
10870 1
10937 1
10958 1
10988 1
11024 1
11065 1
11100 1
11103 1
11107 1
11256 1
11314 1
11349 1
11357 1
11383 1
11419 1
11446 1
11491 2
11511 1
11550 1
11594 1
11599 1
11659 1
11698 1
11741 1
11765 1
11778 1
11792 1
11827 1
11831 1
11896 1
11989 1
11997 1
12013 1
12089 1
12126 1
12146 1
12185 2
12219 1
12264 1
12306 1
12321 1
12375 1
12459 1
12472 1
12500 1
12639 1
12651 1
12740 1
12854 1
12875 1
12879 1
12924 1
12989 1
13007 1
13053 1
13085 1
13090 1
13096 1
13152 1
13171 1
13213 1
13253 1
13412 1
13421 1
13437 1
13441 1
13495 1
13557 1
13707 2
13833 1
13916 1
13985 1
14094 1
14101 1
14132 1
14147 1
14252 1
14313 1
14337 1
14380 1
14388 1
14392 1
14440 1
14465 1
14498 1
14507 1
14540 1
14560 1
14581 1
14653 1
14696 1
14880 1
14909 1
14915 1
14983 1
15126 1
15187 1
15193 1
15288 1
15421 1
15447 1
15455 1
15550 1
15676 1
15764 1
15891 1
15984 1
16072 1
16075 1
16185 1
16211 1
16249 1
16304 1
16354 1
16682 2
16809 1
16817 1
17236 1
17260 2
17274 1
17473 1
17549 1
17556 1
17570 1
17591 1
17728 1
17833 1
17918 1
17944 1
17991 1
18188 1
18214 1
18245 1
18261 1
18532 1
18591 1
18672 1
18676 1
18794 1
18964 1
19077 1
19376 1
19527 1
19780 1
19800 1
20234 1
20271 1
20581 1
20658 1
20775 1
21102 1
21189 1
21380 1
21385 1
21414 1
21564 1
21645 1
21689 1
21774 1
21783 1
21842 1
22105 1
22276 1
22444 1
22894 1
23578 1
24319 1
24628 1
24721 1
24843 1
24851 1
25263 1
25294 1
25335 1
25696 1
25819 1
26175 1
26744 1
27475 1
28004 1
28034 1
28675 1
30380 1
30909 1
30954 1
31368 1
31406 1
31974 1
32118 1
32154 1
32365 1
32810 1
33395 1
33572 1
33613 1
33835 1
35636 1
35639 1
36720 1
36866 1
37200 1
38385 1
38511 1
39230 1
39400 1
39761 1
40034 1
40825 1
41375 1
42184 1
42309 1
43635 1
45605 1
45778 1
46377 1
48543 1
49063 1
49971 1
52358 1
52596 1
55961 1
58173 1
61836 1
65870 1
65927 1
67241 1
67704 1
68675 1
77280 1
78313 1
79625 1
98701 1
104740 1
129305 1
171615 1
181587 1
193299 1
328042 1
400770 1
