1 384902
2 109182
3 87723
4 44067
5 36203
6 37403
7 20548
8 19979
9 20129
10 18603
11 15713
12 28971
13 11758
14 11724
15 12368
16 8673
17 8198
18 8342
19 6515
20 6851
21 6519
22 6405
23 6732
24 7672
25 5517
26 5769
27 5891
28 5053
29 4819
30 4981
31 4542
32 4730
33 4379
34 4196
35 3862
36 4275
37 3586
38 3900
39 3683
40 3347
41 3163
42 3134
43 2930
44 3125
45 2947
46 2669
47 2741
48 2852
49 2482
50 2253
51 2300
52 2211
53 2148
54 2121
55 1979
56 1995
57 1940
58 1891
59 1841
60 1834
61 1732
62 1715
63 1664
64 1609
65 1603
66 1618
67 1482
68 1476
69 1510
70 1474
71 1356
72 1410
73 1305
74 1288
75 1283
76 1232
77 1193
78 1173
79 1145
80 1135
81 1129
82 1165
83 1124
84 1108
85 1063
86 1032
87 1027
88 993
89 1028
90 948
91 940
92 899
93 806
94 882
95 869
96 864
97 877
98 864
99 766
100 772
101 780
102 743
103 757
104 766
105 750
106 686
107 681
108 730
109 716
110 704
111 636
112 723
113 657
114 634
115 627
116 642
117 626
118 606
119 620
120 616
121 581
122 600
123 606
124 574
125 514
126 576
127 550
128 540
129 514
130 522
131 517
132 472
133 481
134 529
135 511
136 482
137 485
138 478
139 489
140 484
141 462
142 427
143 433
144 443
145 452
146 427
147 389
148 389
149 428
150 447
151 409
152 392
153 411
154 413
155 384
156 369
157 362
158 354
159 358
160 356
161 352
162 337
163 355
164 344
165 354
166 349
167 317
168 332
169 343
170 315
171 322
172 319
173 290
174 303
175 326
176 296
177 303
178 311
179 313
180 296
181 270
182 271
183 289
184 284
185 297
186 284
187 250
188 273
189 265
190 244
191 251
192 319
193 275
194 245
195 256
196 261
197 264
198 241
199 222
200 232
201 243
202 239
203 229
204 234
205 239
206 264
207 205
208 217
209 222
210 216
211 216
212 235
213 202
214 212
215 227
216 208
217 210
218 202
219 216
220 233
221 228
222 242
223 196
224 202
225 205
226 195
227 194
228 178
229 165
230 186
231 203
232 182
233 195
234 193
235 155
236 175
237 186
238 170
239 170
240 148
241 152
242 180
243 163
244 146
245 175
246 145
247 154
248 177
249 164
250 141
251 146
252 149
253 122
254 160
255 149
256 142
257 111
258 144
259 130
260 154
261 134
262 141
263 122
264 139
265 141
266 129
267 144
268 133
269 131
270 127
271 121
272 143
273 125
274 134
275 120
276 98
277 126
278 132
279 112
280 106
281 130
282 109
283 123
284 117
285 115
286 117
287 116
288 112
289 105
290 105
291 97
292 127
293 105
294 131
295 98
296 106
297 111
298 93
299 87
300 114
301 93
302 93
303 93
304 76
305 86
306 108
307 94
308 95
309 114
310 95
311 86
312 89
313 91
314 91
315 86
316 77
317 87
318 98
319 70
320 93
321 113
322 87
323 95
324 73
325 92
326 71
327 87
328 80
329 70
330 93
331 81
332 78
333 85
334 67
335 67
336 83
337 104
338 119
339 89
340 87
341 96
342 83
343 81
344 80
345 78
346 75
347 77
348 73
349 62
350 70
351 85
352 48
353 60
354 61
355 78
356 65
357 59
358 68
359 58
360 65
361 76
362 69
363 72
364 62
365 71
366 56
367 70
368 69
369 57
370 50
371 67
372 61
373 80
374 68
375 57
376 74
377 68
378 62
379 56
380 51
381 61
382 72
383 43
384 62
385 56
386 63
387 64
388 50
389 52
390 60
391 69
392 57
393 66
394 52
395 58
396 60
397 60
398 54
399 59
400 57
401 54
402 58
403 45
404 47
405 67
406 56
407 64
408 51
409 66
410 53
411 54
412 63
413 63
414 58
415 64
416 56
417 52
418 58
419 51
420 56
421 57
422 53
423 50
424 60
425 56
426 48
427 58
428 59
429 49
430 56
431 51
432 54
433 51
434 46
435 61
436 54
437 38
438 71
439 44
440 57
441 62
442 53
443 46
444 52
445 45
446 51
447 57
448 50
449 46
450 57
451 37
452 52
453 51
454 57
455 57
456 49
457 40
458 48
459 45
460 38
461 45
462 42
463 48
464 61
465 62
466 40
467 39
468 40
469 55
470 42
471 46
472 38
473 39
474 41
475 49
476 43
477 38
478 34
479 41
480 36
481 48
482 45
483 43
484 41
485 44
486 39
487 34
488 28
489 32
490 36
491 38
492 38
493 40
494 44
495 47
496 35
497 31
498 34
499 35
500 45
501 40
502 45
503 34
504 31
505 31
506 31
507 39
508 38
509 33
510 33
511 31
512 37
513 42
514 39
515 36
516 34
517 38
518 31
519 46
520 42
521 31
522 32
523 38
524 34
525 38
526 36
527 30
528 42
529 41
530 36
531 41
532 40
533 35
534 29
535 27
536 34
537 33
538 23
539 46
540 30
541 29
542 30
543 28
544 23
545 30
546 29
547 33
548 28
549 34
550 22
551 23
552 36
553 36
554 33
555 27
556 32
557 27
558 30
559 35
560 39
561 23
562 26
563 21
564 27
565 31
566 25
567 34
568 21
569 25
570 23
571 25
572 33
573 20
574 34
575 27
576 22
577 17
578 23
579 27
580 26
581 25
582 20
583 24
584 22
585 24
586 23
587 21
588 24
589 20
590 22
591 30
592 27
593 18
594 20
595 17
596 19
597 14
598 22
599 18
600 17
601 19
602 25
603 29
604 22
605 23
606 22
607 16
608 16
609 17
610 15
611 22
612 19
613 23
614 14
615 19
616 30
617 24
618 32
619 21
620 20
621 13
622 14
623 21
624 23
625 16
626 27
627 23
628 23
629 22
630 21
631 23
632 24
633 24
634 23
635 13
636 18
637 23
638 15
639 22
640 19
641 18
642 12
643 18
644 12
645 17
646 20
647 15
648 17
649 21
650 21
651 13
652 22
653 29
654 24
655 14
656 21
657 13
658 14
659 19
660 13
661 16
662 16
663 19
664 15
665 15
666 15
667 13
668 19
669 14
670 12
671 24
672 16
673 14
674 22
675 18
676 9
677 14
678 19
679 19
680 19
681 13
682 14
683 17
684 18
685 14
686 14
687 19
688 20
689 19
690 12
691 22
692 13
693 20
694 15
695 17
696 14
697 9
698 14
699 18
700 16
701 16
702 20
703 9
704 12
705 17
706 11
707 16
708 20
709 11
710 15
711 8
712 18
713 14
714 10
715 11
716 17
717 15
718 6
719 10
720 15
721 14
722 15
723 16
724 17
725 16
726 14
727 12
728 13
729 19
730 15
731 21
732 15
733 18
734 17
735 11
736 13
737 14
738 15
739 13
740 13
741 11
742 16
743 12
744 14
745 16
746 14
747 22
748 19
749 13
750 15
751 8
752 12
753 16
754 17
755 8
756 20
757 19
758 14
759 16
760 13
761 12
762 19
763 16
764 12
765 20
766 14
767 17
768 18
769 16
770 15
771 19
772 9
773 11
774 15
775 11
776 9
777 9
778 14
779 14
780 13
781 14
782 14
783 8
784 13
785 15
786 10
787 16
788 4
789 11
790 14
791 16
792 14
793 9
794 11
795 13
796 10
797 6
798 11
799 9
800 13
801 9
802 11
803 8
804 14
805 9
806 17
807 12
808 14
809 15
810 15
811 12
812 13
813 9
814 16
815 9
816 15
817 11
818 16
819 11
820 7
821 12
822 9
823 9
824 14
825 7
826 8
827 13
828 10
829 4
830 3
831 7
832 16
833 14
834 14
835 9
836 12
837 13
838 10
839 10
840 11
841 11
842 4
843 9
844 12
845 6
846 7
847 19
848 10
849 14
850 10
851 5
852 8
853 10
854 12
855 9
856 7
857 12
858 9
859 8
860 10
861 14
862 12
863 11
864 9
865 13
866 8
867 6
868 5
869 6
870 8
871 10
872 13
873 7
874 9
875 11
876 10
877 5
878 11
879 6
880 4
881 9
882 8
883 11
884 5
885 7
886 13
887 10
888 9
889 7
890 6
891 6
892 10
893 7
894 5
895 12
896 9
897 12
898 7
899 5
900 11
901 12
902 12
903 9
904 7
905 5
906 4
907 6
908 2
909 3
910 5
911 10
912 7
913 3
914 11
915 4
916 7
917 10
918 10
919 5
920 10
921 14
922 7
923 10
924 2
925 7
926 4
927 10
928 6
929 11
930 9
931 15
932 3
933 9
934 7
935 7
936 11
937 5
938 8
939 11
940 11
941 8
942 2
943 9
944 6
945 7
946 2
947 8
948 7
949 9
950 5
951 6
952 6
953 6
954 9
955 9
956 8
957 5
958 8
959 4
960 5
961 5
962 7
963 8
964 5
965 3
966 7
967 7
968 10
969 5
970 4
971 7
972 1
973 11
974 7
975 12
976 8
977 4
978 6
979 6
980 7
981 7
982 8
983 7
984 6
985 4
986 2
987 6
988 4
989 7
990 10
991 9
992 9
993 3
994 3
995 9
996 9
997 8
998 9
999 12
1000 5
1001 6
1002 8
1003 8
1004 10
1005 4
1006 9
1007 7
1008 12
1009 7
1010 7
1011 7
1012 4
1013 6
1014 5
1015 2
1016 5
1017 7
1018 6
1019 8
1020 6
1021 7
1022 10
1023 7
1024 6
1025 11
1026 3
1027 6
1028 5
1029 10
1030 5
1031 6
1032 6
1033 5
1034 11
1035 7
1036 1
1037 6
1038 7
1039 11
1040 2
1041 7
1042 8
1043 8
1044 6
1045 4
1046 11
1047 5
1048 10
1049 6
1050 4
1051 5
1052 6
1053 13
1054 7
1055 6
1056 1
1057 8
1058 5
1059 7
1060 6
1061 8
1062 7
1063 8
1064 5
1065 2
1066 7
1067 8
1068 6
1069 4
1070 6
1071 3
1072 2
1073 1
1074 6
1075 9
1076 5
1077 7
1078 6
1079 3
1080 4
1081 8
1082 3
1083 5
1084 7
1085 5
1086 10
1087 6
1088 6
1089 6
1090 2
1091 8
1092 6
1093 3
1094 4
1095 4
1096 3
1097 6
1098 2
1099 2
1100 3
1101 7
1102 2
1103 5
1104 7
1105 9
1106 5
1107 4
1108 4
1109 5
1110 6
1111 8
1112 4
1113 5
1114 8
1115 10
1116 7
1117 5
1118 6
1119 4
1120 3
1121 4
1122 4
1123 6
1124 6
1125 4
1126 6
1127 7
1128 2
1129 5
1130 5
1131 5
1132 8
1133 2
1134 3
1135 3
1136 7
1137 7
1138 10
1139 4
1140 6
1141 7
1142 5
1143 4
1144 3
1145 4
1146 8
1147 7
1148 9
1149 6
1150 1
1151 5
1152 6
1153 2
1154 5
1155 7
1156 8
1157 4
1158 5
1159 7
1160 6
1161 11
1162 5
1163 2
1164 10
1165 5
1166 4
1167 1
1168 6
1169 10
1170 1
1171 4
1172 6
1173 4
1174 9
1175 4
1176 2
1177 5
1178 3
1179 6
1180 6
1181 6
1182 4
1183 7
1184 3
1185 9
1186 5
1187 7
1188 5
1189 3
1190 8
1191 2
1192 8
1193 4
1194 6
1195 5
1196 6
1197 6
1198 7
1199 5
1200 7
1201 1
1202 5
1203 7
1204 2
1205 2
1206 9
1207 6
1208 4
1209 5
1210 7
1211 6
1212 4
1213 2
1214 5
1215 6
1216 4
1217 4
1218 4
1220 5
1221 5
1222 4
1223 5
1224 4
1225 3
1226 7
1227 4
1228 3
1229 4
1230 3
1231 4
1232 3
1233 6
1234 2
1235 6
1236 6
1237 5
1238 3
1239 5
1240 4
1241 4
1242 8
1243 1
1244 3
1245 3
1246 4
1247 9
1248 3
1249 5
1250 6
1251 3
1252 5
1253 8
1254 4
1255 5
1256 2
1257 2
1258 1
1259 5
1260 5
1261 2
1262 7
1263 5
1264 5
1265 3
1266 5
1267 2
1268 4
1269 4
1270 4
1271 2
1272 5
1273 5
1274 1
1275 4
1276 4
1277 5
1278 4
1279 3
1280 4
1281 2
1282 7
1283 3
1285 3
1286 5
1287 6
1288 4
1289 6
1290 4
1291 8
1292 7
1293 3
1294 1
1295 2
1296 4
1297 5
1298 3
1299 5
1300 8
1301 3
1302 2
1303 4
1304 6
1307 3
1308 3
1310 9
1311 1
1312 2
1313 4
1314 7
1315 4
1316 2
1318 1
1319 2
1320 3
1321 10
1322 5
1323 7
1324 6
1325 3
1326 7
1327 2
1328 5
1329 4
1330 3
1331 2
1332 3
1333 2
1334 1
1335 3
1336 3
1337 5
1338 5
1339 3
1340 7
1341 5
1342 2
1343 4
1344 2
1346 3
1347 4
1348 2
1349 5
1350 3
1351 1
1352 3
1353 2
1354 5
1355 4
1356 2
1357 3
1358 3
1359 2
1360 3
1361 3
1362 2
1363 7
1365 2
1366 3
1367 5
1368 12
1369 5
1370 3
1372 3
1373 1
1374 5
1375 4
1376 1
1377 4
1378 2
1379 5
1380 4
1381 5
1382 2
1383 3
1384 2
1385 3
1386 4
1387 3
1388 3
1389 3
1390 4
1391 5
1392 2
1393 5
1394 5
1395 1
1396 2
1397 3
1398 2
1399 2
1400 3
1401 3
1402 3
1403 2
1404 3
1405 3
1406 3
1407 3
1408 5
1409 2
1410 3
1411 5
1412 2
1413 1
1414 3
1415 1
1416 1
1417 2
1418 1
1419 4
1420 4
1421 5
1422 2
1423 3
1424 1
1425 1
1426 3
1427 2
1428 7
1429 6
1430 2
1431 4
1432 3
1433 3
1434 3
1435 3
1436 2
1437 5
1438 2
1439 2
1440 6
1441 4
1442 3
1443 2
1444 6
1445 4
1446 1
1447 3
1448 3
1449 3
1450 6
1451 3
1452 5
1453 3
1454 3
1455 6
1456 2
1457 2
1458 2
1459 4
1460 4
1461 5
1462 3
1463 5
1464 2
1465 3
1466 3
1467 2
1468 4
1469 2
1470 7
1471 3
1472 2
1473 3
1474 4
1475 2
1476 3
1477 4
1478 6
1479 6
1480 3
1481 5
1482 5
1483 3
1484 1
1485 3
1486 3
1487 5
1488 4
1489 4
1491 4
1492 2
1493 1
1494 2
1495 2
1496 2
1497 4
1498 3
1499 2
1500 5
1501 2
1502 4
1503 6
1504 3
1505 4
1506 2
1507 4
1508 5
1509 6
1510 4
1511 3
1513 1
1514 2
1515 2
1517 4
1518 3
1519 6
1520 3
1521 3
1522 6
1523 5
1524 3
1525 3
1526 1
1527 3
1528 5
1529 6
1530 1
1531 1
1532 5
1533 3
1534 2
1535 4
1536 1
1537 3
1538 5
1539 5
1540 4
1541 3
1542 5
1543 2
1544 1
1545 3
1546 3
1547 3
1548 4
1549 3
1551 1
1552 6
1553 1
1554 1
1555 2
1556 2
1557 1
1558 2
1559 1
1560 4
1561 3
1562 1
1563 4
1564 5
1565 1
1566 1
1567 2
1568 3
1569 3
1570 5
1571 2
1572 1
1573 3
1574 8
1575 2
1576 4
1577 1
1578 2
1579 1
1580 5
1581 4
1582 4
1583 2
1584 1
1585 3
1586 1
1587 4
1588 3
1589 4
1590 3
1591 4
1592 3
1593 3
1594 4
1595 3
1596 3
1597 3
1598 2
1600 4
1601 1
1602 1
1603 6
1604 2
1605 2
1606 3
1607 3
1608 1
1609 2
1610 1
1611 3
1612 5
1613 2
1614 3
1615 4
1616 2
1617 2
1618 2
1619 3
1620 2
1622 2
1623 5
1624 2
1625 5
1626 4
1627 4
1628 2
1629 1
1631 6
1632 4
1633 4
1634 7
1635 3
1636 2
1637 1
1638 2
1640 5
1641 2
1642 5
1643 3
1644 1
1645 2
1646 3
1648 2
1649 2
1650 2
1651 1
1652 3
1653 3
1654 1
1656 2
1657 2
1658 2
1659 3
1660 6
1661 2
1662 3
1663 4
1664 7
1665 3
1666 2
1667 2
1668 4
1669 5
1670 2
1671 3
1672 3
1675 4
1676 6
1677 2
1678 2
1679 5
1680 2
1681 2
1682 1
1683 1
1684 1
1685 3
1686 3
1687 4
1688 4
1689 2
1690 6
1691 2
1692 1
1693 4
1694 5
1695 1
1696 3
1697 4
1699 1
1700 1
1701 4
1702 1
1703 2
1704 5
1705 2
1706 3
1707 2
1709 2
1710 2
1711 2
1712 2
1713 3
1714 4
1715 5
1717 3
1718 1
1719 2
1720 1
1721 3
1722 5
1725 2
1726 2
1727 4
1728 3
1729 4
1730 2
1731 5
1732 3
1733 3
1734 5
1735 5
1736 4
1737 4
1738 3
1739 1
1740 4
1741 6
1742 3
1743 4
1744 3
1746 1
1747 2
1748 7
1749 8
1750 2
1751 2
1752 1
1753 1
1754 4
1755 6
1756 2
1757 3
1758 3
1759 2
1761 1
1762 2
1763 1
1764 4
1765 4
1766 2
1767 2
1768 2
1769 1
1770 4
1771 3
1772 2
1773 2
1774 1
1775 3
1776 1
1777 6
1778 1
1779 2
1780 2
1781 4
1782 2
1783 6
1784 2
1785 2
1786 3
1787 3
1788 2
1789 6
1790 1
1792 1
1793 3
1795 2
1796 1
1797 3
1798 2
1799 3
1800 2
1801 1
1802 1
1803 2
1804 3
1805 1
1806 1
1807 1
1808 2
1809 2
1811 2
1812 2
1813 2
1814 2
1815 1
1816 3
1817 3
1818 1
1819 4
1820 2
1822 3
1823 3
1824 2
1825 1
1826 6
1827 2
1828 1
1829 3
1830 2
1831 2
1832 3
1833 1
1835 1
1836 4
1837 1
1838 1
1839 3
1840 1
1842 2
1844 2
1846 1
1847 1
1848 4
1849 3
1850 4
1851 4
1854 3
1855 1
1856 2
1858 1
1859 1
1861 1
1862 1
1863 2
1864 2
1865 1
1866 2
1867 3
1868 3
1869 4
1870 3
1871 3
1872 1
1873 7
1874 1
1875 1
1876 2
1877 2
1878 4
1879 1
1880 3
1881 3
1882 2
1885 1
1887 2
1888 1
1889 2
1890 3
1891 2
1892 2
1893 1
1894 2
1895 1
1897 2
1899 1
1900 2
1902 5
1903 1
1904 1
1905 1
1906 1
1907 6
1908 2
1909 1
1910 3
1911 1
1912 3
1913 2
1914 4
1915 2
1916 2
1917 2
1918 1
1919 1
1920 3
1922 1
1925 2
1926 2
1927 2
1928 1
1929 1
1930 2
1931 4
1932 3
1933 1
1934 1
1936 2
1937 3
1938 2
1939 2
1940 1
1941 4
1942 3
1943 5
1944 2
1945 1
1946 1
1948 1
1949 1
1951 1
1952 4
1953 1
1954 1
1955 2
1956 1
1957 2
1958 5
1959 3
1960 1
1961 1
1962 2
1963 3
1965 1
1966 1
1968 5
1969 3
1970 1
1971 2
1972 2
1973 2
1976 1
1977 1
1978 2
1979 1
1981 3
1982 1
1983 2
1984 3
1985 3
1986 3
1987 2
1988 1
1990 1
1992 2
1993 1
1994 1
1996 1
1997 2
1998 1
2000 1
2002 3
2003 2
2004 3
2005 2
2006 4
2007 1
2010 1
2011 1
2012 1
2013 4
2014 1
2015 5
2016 3
2017 1
2018 2
2019 1
2020 4
2021 2
2022 2
2024 2
2025 3
2026 3
2027 3
2029 2
2030 3
2031 1
2032 1
2034 3
2036 2
2037 2
2038 4
2039 2
2042 4
2043 3
2044 2
2045 1
2047 1
2048 2
2049 3
2050 2
2051 3
2052 4
2055 2
2056 2
2057 1
2058 2
2060 2
2062 1
2063 1
2064 3
2065 4
2067 4
2068 4
2070 3
2071 3
2072 4
2073 3
2074 3
2075 3
2076 1
2078 6
2079 3
2080 1
2081 1
2083 1
2084 1
2085 3
2086 1
2087 3
2088 1
2091 1
2092 1
2093 3
2094 1
2095 2
2096 1
2097 3
2098 1
2099 2
2100 3
2101 2
2102 1
2103 1
2104 2
2105 3
2108 3
2110 3
2112 1
2113 2
2114 1
2115 2
2116 5
2117 2
2118 1
2120 3
2122 1
2123 3
2124 4
2125 3
2127 2
2129 1
2131 1
2133 1
2134 1
2135 3
2136 1
2138 1
2139 2
2140 3
2144 2
2145 2
2146 2
2147 1
2148 3
2149 3
2150 3
2151 2
2153 2
2154 1
2156 4
2157 3
2158 1
2159 1
2160 1
2162 1
2163 1
2164 2
2165 2
2166 3
2167 2
2168 2
2169 5
2170 1
2173 3
2175 1
2176 2
2177 3
2179 1
2181 3
2182 4
2183 2
2184 1
2185 2
2186 1
2188 3
2189 3
2191 1
2192 3
2194 2
2195 3
2196 1
2197 4
2198 5
2199 2
2201 3
2202 1
2203 2
2205 2
2207 1
2208 1
2209 2
2210 3
2212 2
2213 1
2215 1
2216 1
2217 2
2219 1
2220 3
2223 2
2224 3
2225 1
2226 3
2228 1
2229 2
2231 2
2232 3
2233 1
2234 1
2235 1
2236 5
2239 1
2240 1
2241 1
2242 3
2243 2
2245 5
2247 1
2248 2
2249 3
2250 2
2251 1
2255 2
2256 2
2257 2
2258 1
2259 2
2260 2
2263 1
2264 1
2265 2
2266 1
2268 1
2269 2
2271 3
2272 1
2273 2
2274 1
2275 1
2276 1
2277 3
2279 1
2281 1
2282 1
2283 1
2284 1
2287 2
2289 3
2290 2
2291 1
2293 2
2294 2
2295 1
2296 2
2297 2
2298 1
2299 1
2300 1
2301 3
2302 2
2303 3
2304 1
2305 1
2306 1
2307 1
2309 1
2312 1
2314 1
2315 1
2316 3
2317 1
2318 4
2319 3
2320 4
2321 1
2322 1
2323 2
2324 3
2325 3
2326 2
2328 2
2329 2
2330 3
2332 2
2333 2
2334 3
2335 1
2336 2
2337 1
2339 2
2340 1
2341 3
2345 1
2346 2
2347 1
2348 2
2349 1
2350 3
2351 1
2352 4
2353 1
2354 2
2355 2
2358 3
2359 1
2360 3
2362 2
2363 2
2364 1
2367 1
2368 3
2369 2
2370 2
2371 1
2372 5
2374 1
2375 1
2378 3
2380 2
2381 1
2382 1
2384 3
2385 1
2387 2
2388 3
2390 1
2391 1
2392 1
2393 1
2394 1
2395 1
2396 1
2397 1
2399 1
2400 2
2401 3
2402 2
2404 1
2406 2
2407 1
2408 1
2410 1
2411 1
2412 3
2414 1
2416 3
2417 4
2418 1
2419 1
2420 1
2421 1
2424 1
2425 1
2426 3
2427 2
2428 1
2429 1
2430 2
2433 1
2434 1
2435 1
2436 1
2437 1
2438 1
2439 1
2440 2
2441 1
2448 1
2451 1
2452 2
2455 1
2457 1
2458 1
2459 2
2460 2
2461 3
2463 1
2465 3
2466 2
2467 1
2469 1
2470 2
2471 1
2472 1
2474 2
2475 4
2476 1
2477 1
2479 1
2480 3
2482 1
2484 1
2485 2
2486 1
2487 5
2488 2
2490 2
2493 3
2494 1
2495 2
2496 1
2497 2
2498 1
2499 2
2500 1
2502 3
2504 1
2505 1
2506 1
2507 4
2508 1
2509 2
2510 1
2512 2
2514 3
2516 4
2517 1
2519 1
2520 2
2521 1
2522 2
2523 1
2524 1
2525 4
2526 1
2527 1
2529 1
2530 1
2533 1
2534 3
2536 1
2537 1
2538 1
2540 1
2544 1
2545 1
2547 1
2549 1
2550 2
2551 1
2552 1
2555 1
2556 1
2557 1
2559 1
2561 2
2563 1
2564 3
2565 2
2566 2
2567 1
2569 1
2570 3
2571 2
2572 4
2574 2
2577 1
2579 3
2580 2
2582 4
2583 1
2586 1
2587 1
2589 1
2591 2
2594 2
2595 3
2597 1
2600 3
2602 1
2605 3
2608 2
2609 1
2610 2
2612 2
2613 3
2615 3
2616 1
2618 1
2619 3
2621 1
2622 2
2623 2
2624 1
2625 2
2628 1
2629 1
2630 1
2632 1
2633 2
2634 1
2635 3
2636 1
2638 1
2639 1
2640 2
2641 1
2642 1
2643 1
2645 1
2646 2
2650 1
2651 1
2652 1
2653 1
2656 2
2657 1
2658 2
2659 3
2660 4
2661 1
2662 4
2665 1
2668 2
2670 2
2674 1
2675 1
2676 2
2677 1
2679 2
2680 1
2681 2
2683 1
2685 1
2687 1
2688 1
2690 2
2691 1
2692 1
2693 1
2696 3
2697 1
2698 1
2699 4
2701 1
2703 1
2705 2
2706 1
2707 1
2712 2
2715 1
2716 1
2717 1
2718 1
2719 1
2722 3
2723 2
2725 1
2726 3
2727 1
2728 1
2729 3
2730 1
2733 1
2734 2
2737 1
2738 2
2739 2
2741 1
2743 2
2745 1
2749 2
2751 1
2754 3
2755 1
2756 1
2757 2
2758 1
2761 1
2762 2
2763 3
2764 2
2765 1
2767 1
2768 2
2769 1
2773 3
2776 1
2777 1
2781 1
2783 2
2785 1
2786 1
2788 1
2789 2
2790 2
2791 1
2793 3
2794 2
2795 1
2796 3
2797 1
2801 1
2803 3
2805 1
2806 1
2808 2
2809 2
2811 1
2812 2
2813 1
2816 1
2818 1
2819 3
2821 3
2822 1
2823 2
2824 2
2827 2
2829 2
2831 1
2834 1
2836 1
2837 4
2840 1
2844 1
2847 1
2848 2
2849 1
2850 1
2851 2
2853 1
2854 2
2856 1
2857 2
2858 3
2859 2
2860 2
2862 1
2863 1
2864 1
2865 2
2866 2
2871 1
2874 2
2875 3
2877 1
2878 1
2879 3
2881 1
2882 1
2884 1
2885 2
2886 1
2888 1
2890 2
2891 1
2892 1
2894 1
2895 1
2897 1
2898 1
2899 1
2900 2
2902 1
2903 1
2905 1
2906 2
2909 2
2911 1
2912 2
2915 1
2916 2
2918 1
2919 1
2921 1
2922 3
2923 1
2924 2
2925 1
2926 1
2927 1
2929 1
2930 1
2932 1
2933 2
2935 1
2936 1
2937 1
2939 1
2940 1
2943 1
2944 1
2946 1
2948 1
2951 2
2953 1
2954 2
2958 1
2960 1
2964 1
2965 1
2966 3
2967 4
2970 1
2971 1
2973 2
2974 1
2977 2
2979 1
2980 1
2984 1
2985 1
2986 3
2989 2
2992 3
2996 2
2997 1
2999 1
3001 2
3003 2
3005 3
3006 1
3007 2
3009 1
3012 2
3014 3
3015 2
3017 1
3018 1
3019 1
3020 2
3025 2
3026 2
3029 2
3031 1
3032 1
3039 1
3040 1
3041 1
3042 1
3044 1
3047 3
3052 2
3055 1
3058 1
3061 1
3062 1
3064 1
3066 1
3068 3
3069 1
3071 2
3073 1
3075 1
3076 1
3078 1
3079 3
3080 1
3081 1
3082 1
3086 2
3087 1
3088 2
3090 1
3091 1
3094 2
3097 3
3098 3
3100 2
3102 1
3105 2
3108 1
3109 1
3113 2
3115 1
3117 1
3119 1
3121 1
3123 1
3125 2
3126 2
3128 1
3129 1
3131 1
3132 1
3134 1
3136 2
3137 2
3141 1
3142 1
3144 2
3148 1
3150 2
3152 1
3156 1
3158 1
3159 1
3160 1
3162 1
3164 2
3166 2
3167 2
3168 1
3169 2
3172 3
3176 2
3182 2
3186 1
3187 1
3188 1
3189 2
3192 1
3198 2
3200 1
3201 1
3203 1
3204 2
3206 2
3209 1
3210 2
3212 1
3213 1
3214 1
3216 2
3217 1
3218 1
3225 1
3226 1
3234 1
3235 1
3239 1
3241 1
3244 1
3246 2
3247 1
3248 2
3249 1
3252 1
3253 2
3255 1
3256 1
3258 1
3259 2
3260 1
3263 1
3268 1
3270 1
3271 1
3275 2
3276 1
3280 2
3281 1
3282 1
3283 1
3285 1
3286 1
3287 1
3288 1
3291 1
3292 1
3293 2
3298 1
3299 2
3305 1
3308 1
3309 1
3312 1
3316 2
3319 2
3321 1
3322 1
3323 1
3325 1
3328 1
3331 1
3332 1
3333 1
3335 2
3336 1
3337 1
3341 3
3344 1
3345 1
3348 3
3349 4
3351 1
3352 2
3357 1
3358 1
3359 2
3360 1
3363 1
3366 1
3372 1
3373 3
3374 1
3375 1
3380 1
3385 2
3388 4
3389 1
3391 2
3392 2
3400 2
3402 1
3404 3
3405 1
3407 1
3408 1
3414 1
3415 1
3416 1
3419 1
3420 1
3423 1
3424 1
3425 1
3432 1
3435 1
3436 1
3438 1
3447 1
3448 1
3455 1
3456 1
3457 1
3459 1
3460 1
3462 1
3463 1
3464 2
3465 1
3468 2
3469 2
3470 4
3471 3
3472 1
3474 1
3475 1
3480 2
3481 1
3485 1
3487 1
3491 1
3495 1
3498 1
3499 2
3500 1
3502 1
3503 2
3519 1
3522 1
3523 2
3526 1
3527 1
3528 1
3529 1
3531 1
3538 1
3543 1
3546 1
3548 1
3550 1
3551 1
3553 1
3561 2
3563 1
3564 1
3569 1
3570 1
3572 3
3575 1
3577 2
3578 1
3580 2
3582 2
3585 1
3588 1
3589 1
3590 2
3591 1
3593 4
3594 1
3595 1
3599 2
3602 2
3604 1
3609 1
3610 1
3611 1
3612 3
3614 1
3615 1
3616 1
3620 1
3621 1
3622 1
3623 4
3624 1
3625 2
3626 1
3627 1
3628 2
3629 2
3630 1
3632 1
3633 1
3634 2
3635 1
3636 1
3637 1
3638 1
3639 1
3641 2
3643 2
3646 1
3647 1
3648 1
3649 2
3650 1
3655 3
3657 1
3658 1
3660 1
3661 1
3668 1
3669 2
3677 2
3678 1
3681 1
3682 1
3684 1
3688 1
3691 2
3693 2
3694 4
3695 2
3696 2
3697 2
3698 1
3699 1
3705 1
3707 1
3710 2
3711 2
3714 1
3717 2
3719 2
3720 1
3721 1
3723 2
3724 1
3726 2
3729 2
3730 1
3732 2
3734 1
3735 1
3737 2
3740 1
3742 1
3743 2
3744 1
3746 1
3748 1
3752 2
3753 1
3756 1
3757 2
3763 1
3765 2
3769 1
3771 2
3773 1
3774 1
3777 1
3779 2
3780 1
3781 2
3783 1
3786 2
3788 1
3789 1
3792 1
3793 1
3795 2
3796 3
3798 1
3800 1
3801 1
3808 1
3809 2
3815 1
3819 1
3827 1
3829 1
3830 1
3832 1
3833 1
3842 1
3845 1
3847 1
3854 2
3855 1
3856 1
3861 1
3862 4
3864 2
3867 2
3868 1
3870 2
3871 1
3872 2
3874 3
3880 1
3881 2
3887 2
3892 2
3893 1
3894 1
3897 1
3898 3
3900 1
3901 2
3904 1
3907 3
3908 1
3909 1
3912 1
3915 2
3917 1
3924 2
3926 2
3932 2
3934 1
3936 1
3937 2
3943 1
3944 1
3945 1
3947 1
3951 1
3955 1
3957 1
3963 1
3967 1
3968 2
3969 2
3970 3
3972 1
3980 3
3981 1
3985 1
3986 1
3989 1
3990 1
3992 1
3996 2
3999 1
4001 2
4002 1
4006 1
4007 1
4008 1
4011 1
4019 1
4020 1
4021 2
4022 2
4023 1
4025 1
4027 1
4028 1
4030 1
4031 1
4032 1
4037 1
4041 1
4042 2
4044 1
4045 2
4046 1
4047 1
4048 1
4050 2
4053 2
4058 1
4059 1
4060 1
4063 1
4065 1
4066 1
4072 2
4073 1
4074 1
4075 1
4090 1
4097 3
4101 1
4103 1
4105 3
4107 1
4108 1
4109 2
4115 1
4122 2
4123 1
4124 1
4131 5
4132 2
4133 1
4134 1
4135 1
4136 2
4137 1
4138 2
4142 1
4143 2
4144 1
4146 2
4148 3
4150 1
4151 1
4153 1
4155 1
4156 1
4163 1
4164 2
4169 1
4170 2
4172 1
4174 1
4176 1
4178 1
4179 1
4183 2
4184 1
4187 2
4189 1
4190 1
4191 2
4192 2
4198 1
4201 2
4203 1
4205 1
4209 1
4214 1
4216 1
4223 2
4224 1
4230 1
4234 1
4235 2
4236 1
4237 1
4238 1
4239 1
4240 2
4241 1
4244 1
4251 1
4252 1
4254 1
4255 2
4258 1
4259 1
4260 1
4261 1
4262 1
4263 1
4265 2
4270 1
4272 1
4276 1
4277 1
4279 1
4280 1
4281 1
4282 2
4283 3
4284 1
4286 2
4289 3
4290 1
4291 1
4294 1
4295 2
4296 1
4298 3
4307 1
4308 3
4310 1
4311 1
4312 1
4313 2
4314 1
4317 2
4321 4
4322 1
4324 1
4325 4
4326 1
4329 1
4330 1
4332 2
4333 1
4334 1
4336 2
4339 3
4340 1
4342 2
4344 2
4346 2
4349 1
4352 1
4355 2
4356 1
4358 1
4363 1
4366 2
4369 1
4371 1
4375 1
4376 3
4380 2
4381 1
4383 2
4385 1
4388 1
4389 1
4390 1
4391 2
4392 1
4395 1
4396 1
4397 1
4399 1
4400 2
4401 3
4404 1
4407 1
4411 1
4414 1
4418 1
4419 2
4421 2
4423 1
4429 1
4431 1
4432 1
4433 2
4434 1
4435 1
4440 3
4444 1
4447 1
4451 1
4452 3
4453 2
4459 1
4463 2
4464 1
4466 2
4468 1
4470 2
4472 1
4473 1
4475 1
4476 3
4480 1
4482 1
4486 3
4489 1
4492 1
4495 1
4497 2
4504 1
4506 1
4507 1
4508 1
4509 1
4514 1
4515 1
4516 1
4518 1
4519 1
4529 1
4530 1
4531 2
4532 1
4534 1
4537 1
4539 1
4540 1
4541 1
4544 1
4547 1
4548 2
4549 2
4552 1
4554 1
4555 1
4556 2
4560 1
4562 2
4563 1
4570 2
4571 1
4578 1
4586 1
4587 1
4588 2
4590 1
4594 1
4597 1
4602 2
4604 1
4605 1
4608 1
4613 1
4618 1
4626 1
4628 1
4630 1
4632 2
4633 2
4637 1
4638 1
4643 1
4644 1
4648 1
4650 2
4652 2
4659 1
4660 2
4663 2
4668 1
4670 1
4671 1
4673 1
4677 2
4681 1
4682 1
4687 1
4688 1
4689 2
4690 2
4691 1
4692 1
4694 1
4696 1
4701 1
4702 1
4703 1
4705 1
4706 1
4709 1
4710 1
4713 1
4720 1
4721 1
4725 1
4728 1
4736 1
4737 2
4740 1
4742 1
4743 1
4746 1
4747 1
4759 1
4761 1
4767 1
4768 1
4774 2
4775 1
4777 1
4782 1
4790 1
4794 2
4795 1
4796 1
4797 1
4798 1
4800 1
4801 1
4803 1
4809 2
4812 1
4813 1
4815 1
4816 1
4821 2
4822 1
4826 1
4827 1
4828 1
4834 1
4839 1
4840 1
4846 1
4850 1
4859 1
4863 1
4869 1
4873 1
4875 1
4880 1
4889 1
4894 1
4895 1
4896 1
4897 1
4898 1
4900 1
4901 1
4906 1
4908 2
4910 1
4912 1
4913 1
4914 1
4915 1
4918 1
4919 2
4921 1
4924 1
4927 1
4928 1
4929 2
4933 1
4936 1
4938 1
4940 1
4944 1
4945 1
4950 1
4951 1
4957 1
4959 3
4960 1
4962 1
4965 2
4967 1
4969 1
4975 1
4976 1
4980 1
4988 1
4991 1
4992 1
5005 1
5009 1
5012 2
5018 1
5020 1
5021 1
5022 1
5029 2
5034 1
5040 2
5048 1
5051 1
5057 1
5058 1
5061 1
5065 1
5071 2
5074 1
5076 1
5080 1
5087 1
5089 2
5093 1
5097 1
5102 1
5103 1
5105 1
5108 3
5109 1
5111 1
5113 2
5114 1
5115 1
5116 2
5117 1
5118 1
5123 1
5125 1
5132 1
5137 1
5139 1
5141 1
5148 1
5152 2
5158 1
5160 1
5162 2
5163 1
5165 1
5171 1
5172 2
5177 1
5186 1
5190 2
5196 1
5197 1
5199 1
5206 1
5210 1
5213 1
5233 1
5236 1
5237 2
5240 1
5249 1
5252 2
5258 1
5263 3
5267 1
5268 1
5278 1
5280 1
5281 2
5284 1
5286 1
5287 1
5296 3
5298 1
5302 1
5304 1
5308 1
5313 1
5319 1
5331 1
5334 1
5338 1
5341 1
5342 1
5350 1
5355 2
5357 1
5363 1
5365 1
5367 2
5368 1
5372 1
5380 1
5382 2
5383 1
5384 1
5387 1
5402 1
5406 1
5409 1
5419 1
5433 1
5435 1
5436 2
5437 1
5440 1
5442 1
5450 1
5452 2
5462 1
5464 2
5468 1
5470 2
5471 1
5473 1
5476 1
5477 1
5479 1
5480 1
5490 1
5492 1
5500 1
5511 1
5512 1
5517 1
5522 1
5523 1
5527 1
5541 1
5546 1
5549 1
5550 1
5554 2
5563 1
5570 1
5573 2
5579 1
5580 1
5582 1
5584 1
5586 1
5588 2
5594 1
5596 1
5597 1
5601 1
5603 1
5609 1
5610 1
5615 2
5623 1
5633 1
5643 1
5656 1
5661 1
5662 1
5666 1
5671 1
5672 1
5673 1
5677 1
5693 1
5698 1
5701 1
5703 1
5709 1
5731 1
5732 1
5733 1
5735 1
5742 1
5746 1
5749 1
5751 1
5756 1
5758 2
5759 2
5761 1
5762 2
5782 2
5788 1
5797 1
5802 2
5806 1
5811 1
5817 1
5818 1
5822 1
5825 1
5826 1
5829 1
5830 1
5841 1
5845 1
5848 1
5856 1
5857 1
5858 2
5882 1
5883 2
5884 1
5892 1
5898 1
5909 1
5911 1
5914 1
5919 1
5922 1
5927 1
5928 1
5929 1
5930 1
5934 1
5937 1
5945 1
5947 1
5951 3
5959 1
5961 1
5978 1
5979 2
5982 1
5983 1
5988 1
5989 1
5990 1
5994 1
6008 1
6010 1
6014 1
6015 2
6021 1
6033 1
6037 2
6048 1
6050 1
6056 1
6057 2
6058 1
6063 1
6067 1
6072 1
6091 1
6100 1
6108 1
6111 1
6116 1
6119 1
6125 1
6126 1
6127 1
6132 1
6138 1
6140 1
6141 1
6144 1
6145 1
6147 1
6148 1
6164 1
6165 2
6166 1
6171 1
6182 1
6183 1
6188 1
6191 1
6193 1
6195 1
6196 1
6202 1
6222 1
6224 1
6227 1
6228 1
6229 1
6232 1
6236 1
6239 2
6240 1
6243 1
6245 2
6248 1
6252 1
6254 1
6256 1
6258 1
6266 1
6267 1
6269 1
6274 1
6285 1
6292 2
6294 1
6299 1
6302 1
6306 1
6309 2
6314 1
6326 1
6330 1
6333 1
6337 1
6350 2
6357 1
6361 1
6364 1
6370 1
6374 1
6375 1
6377 1
6383 1
6384 1
6387 1
6389 1
6391 2
6402 2
6407 1
6408 2
6417 3
6418 1
6423 1
6430 1
6437 1
6448 1
6449 1
6456 2
6458 1
6461 1
6462 2
6465 1
6468 1
6470 2
6471 1
6477 1
6478 1
6487 2
6488 1
6492 1
6498 1
6502 1
6503 1
6504 1
6508 1
6513 1
6514 1
6517 1
6518 1
6519 2
6538 1
6548 1
6553 2
6554 1
6559 1
6565 1
6566 1
6567 1
6571 1
6580 1
6588 1
6589 1
6591 3
6592 2
6595 1
6597 1
6602 1
6606 1
6618 1
6621 1
6639 1
6643 1
6646 1
6648 1
6656 3
6667 1
6678 1
6679 1
6680 1
6684 1
6685 1
6688 2
6693 1
6696 1
6703 1
6705 1
6708 1
6719 1
6724 1
6725 1
6734 1
6736 1
6737 1
6738 1
6742 1
6752 2
6753 1
6756 1
6770 1
6773 1
6775 1
6782 1
6785 1
6789 2
6790 1
6792 1
6803 1
6805 1
6808 1
6810 1
6814 1
6816 1
6817 1
6821 1
6824 1
6825 1
6833 1
6842 1
6856 1
6858 1
6859 2
6861 1
6863 1
6871 1
6873 1
6878 1
6884 1
6886 1
6893 1
6897 2
6900 1
6901 2
6905 1
6926 1
6928 1
6935 1
6944 1
6952 1
6958 1
6961 1
6965 1
6966 1
6967 1
6969 1
6970 1
6977 1
6984 1
6989 1
6991 1
6993 1
6996 1
7005 1
7009 1
7011 1
7012 3
7024 1
7025 2
7027 1
7029 2
7039 1
7047 1
7050 1
7052 1
7055 1
7072 1
7073 1
7075 1
7078 1
7079 1
7080 1
7082 1
7083 1
7086 1
7091 1
7101 1
7103 1
7115 1
7116 1
7127 1
7129 1
7140 1
7143 2
7149 1
7150 1
7156 1
7166 1
7172 1
7173 1
7174 1
7177 2
7182 1
7194 1
7196 1
7198 1
7200 2
7202 1
7206 1
7236 1
7248 1
7256 1
7267 1
7272 1
7274 2
7283 1
7286 1
7290 1
7300 1
7306 1
7307 2
7310 1
7312 1
7313 1
7323 1
7325 1
7346 1
7347 1
7350 1
7358 1
7364 1
7365 1
7372 1
7382 1
7386 1
7399 1
7410 1
7418 1
7419 1
7433 2
7439 1
7440 1
7452 1
7456 1
7459 1
7466 1
7467 1
7478 1
7489 1
7491 1
7493 1
7496 1
7503 1
7505 1
7506 1
7525 1
7533 1
7536 1
7539 1
7552 1
7560 1
7581 1
7590 1
7597 2
7601 1
7608 1
7616 1
7617 1
7624 1
7625 1
7634 1
7635 1
7651 1
7656 1
7661 1
7664 1
7665 1
7677 1
7684 1
7685 1
7690 1
7698 1
7703 1
7704 1
7708 1
7711 1
7714 1
7726 1
7738 1
7746 1
7765 1
7768 1
7769 1
7782 1
7784 1
7787 1
7791 1
7793 1
7799 2
7811 1
7824 1
7825 2
7828 1
7830 1
7839 2
7841 1
7844 1
7845 1
7847 1
7849 1
7852 1
7856 1
7860 1
7863 2
7882 1
7885 1
7886 1
7887 1
7890 1
7898 1
7899 1
7903 1
7913 2
7914 1
7930 1
7937 1
7938 1
7946 2
7959 1
7967 1
7978 1
7985 1
7997 1
7999 1
8010 1
8014 1
8015 1
8017 1
8024 1
8026 1
8029 1
8031 1
8033 1
8036 1
8037 1
8043 1
8044 1
8048 1
8056 1
8063 1
8072 1
8075 1
8077 1
8078 1
8091 1
8092 1
8094 1
8095 1
8098 1
8101 1
8105 1
8109 1
8114 1
8123 1
8127 1
8135 1
8140 1
8141 1
8142 2
8146 1
8147 1
8151 1
8160 1
8162 1
8169 1
8171 1
8173 1
8174 1
8178 1
8179 1
8181 1
8182 1
8186 1
8187 2
8207 1
8212 2
8215 1
8218 1
8223 1
8227 1
8228 1
8230 1
8237 2
8246 1
8252 1
8254 2
8257 1
8259 1
8263 1
8267 1
8269 1
8277 1
8285 2
8289 1
8302 1
8303 1
8309 1
8317 1
8322 1
8324 1
8331 1
8332 1
8341 1
8343 2
8344 1
8358 1
8366 1
8376 1
8377 1
8390 1
8403 1
8404 1
8405 1
8408 1
8412 1
8423 1
8428 1
8436 1
8437 1
8439 1
8455 2
8456 1
8462 1
8469 1
8476 1
8478 1
8480 1
8482 1
8483 1
8485 1
8489 1
8496 1
8497 1
8501 1
8503 1
8533 1
8536 1
8552 1
8560 2
8566 1
8572 1
8575 2
8597 1
8604 1
8611 1
8617 2
8625 1
8628 1
8634 1
8642 3
8649 2
8654 2
8663 1
8668 1
8679 2
8682 1
8685 2
8697 1
8720 1
8729 1
8737 1
8742 1
8744 1
8755 2
8756 2
8766 2
8773 1
8783 1
8790 1
8799 1
8800 1
8803 1
8804 1
8809 1
8820 1
8828 1
8851 1
8858 1
8868 1
8873 2
8874 1
8879 1
8883 1
8895 1
8897 1
8901 1
8902 1
8903 1
8904 1
8911 1
8922 1
8937 1
8943 1
8949 1
8950 1
8951 1
8957 1
8959 1
8966 1
8971 1
8975 1
8976 1
8977 1
8979 1
8991 1
8994 1
9024 1
9034 1
9038 1
9046 1
9047 1
9048 1
9050 1
9062 1
9067 1
9071 1
9090 1
9094 1
9105 1
9108 1
9111 1
9120 1
9127 1
9133 1
9157 1
9160 2
9165 1
9166 1
9170 1
9177 1
9178 1
9181 2
9189 1
9204 1
9205 1
9214 1
9217 1
9222 1
9226 2
9236 1
9241 1
9250 1
9255 2
9257 1
9258 1
9279 1
9289 1
9293 1
9294 1
9295 1
9297 1
9302 1
9309 1
9311 1
9319 1
9325 1
9329 2
9330 1
9341 1
9342 1
9372 2
9373 1
9377 2
9390 1
9441 1
9448 1
9449 1
9452 1
9460 1
9478 1
9494 1
9501 1
9505 1
9528 1
9531 2
9532 1
9537 1
9542 1
9549 1
9552 1
9553 2
9555 1
9572 1
9584 1
9587 1
9588 1
9590 1
9592 1
9593 1
9612 2
9621 1
9646 2
9648 1
9682 1
9683 1
9685 1
9696 2
9698 1
9709 1
9713 1
9714 1
9719 1
9731 1
9740 1
9756 2
9764 1
9767 2
9768 1
9784 1
9792 1
9795 1
9798 1
9812 1
9815 1
9818 1
9830 1
9831 1
9838 1
9840 1
9842 1
9844 1
9857 1
9859 1
9863 1
9871 1
9878 1
9889 1
9899 1
9900 1
9901 1
9911 1
9912 1
9930 2
9934 1
9943 1
9944 1
9954 1
9965 1
9973 1
9984 1
9986 1
9995 1
10013 1
10014 1
10044 1
10048 1
10072 1
10074 1
10084 1
10092 1
10097 1
10122 1
10128 1
10150 1
10151 2
10156 1
10161 1
10162 1
10170 1
10186 1
10189 1
10191 1
10195 1
10200 1
10214 1
10219 1
10225 1
10237 1
10244 1
10246 1
10268 1
10277 1
10283 1
10291 1
10298 1
10309 1
10312 1
10330 2
10340 1
10352 1
10375 1
10384 1
10400 1
10413 1
10414 1
10427 1
10437 1
10445 1
10448 1
10464 1
10473 1
10480 1
10484 1
10485 1
10493 1
10511 1
10514 1
10520 1
10552 1
10561 1
10562 1
10569 1
10577 1
10587 1
10595 1
10600 1
10606 1
10629 1
10638 1
10655 1
10659 1
10665 1
10675 1
10689 1
10731 1
10745 1
10756 1
10770 1
10795 1
10799 1
10807 1
10812 1
10814 1
10829 1
10837 2
10847 1
10863 1
10873 1
10891 1
10892 1
10909 1
10914 1
10916 1
10954 1
10956 1
10969 1
10980 1
10982 1
10983 1
11009 1
11010 1
11028 2
11039 1
11051 1
11067 1
11068 1
11071 1
11084 1
11101 1
11104 2
11152 1
11171 1
11177 1
11193 1
11198 1
11209 2
11210 1
11216 1
11220 1
11225 1
11229 1
11264 1
11272 1
11273 1
11285 1
11288 1
11298 1
11306 1
11319 1
11345 1
11349 1
11362 1
11364 1
11369 2
11373 1
11387 1
11399 1
11417 2
11426 1
11434 1
11435 1
11440 1
11441 1
11448 1
11457 1
11458 1
11473 1
11501 1
11503 2
11513 1
11535 1
11552 1
11571 1
11574 1
11575 1
11583 2
11628 1
11629 1
11650 1
11672 1
11677 1
11691 1
11700 1
11705 1
11715 1
11720 1
11727 1
11729 1
11740 1
11748 2
11749 1
11757 1
11761 1
11763 1
11785 1
11789 1
11793 1
11796 1
11799 1
11800 1
11811 1
11826 1
11840 1
11846 2
11852 1
11874 1
11880 1
11883 1
11901 1
11944 1
11983 1
11986 1
11987 1
11989 1
12023 1
12027 2
12051 1
12057 1
12072 1
12074 1
12083 1
12092 1
12093 1
12097 1
12099 1
12107 1
12108 1
12132 1
12135 1
12143 1
12157 1
12160 1
12188 1
12208 1
12220 1
12223 1
12228 2
12290 1
12292 1
12307 1
12344 1
12356 1
12367 1
12368 1
12389 1
12399 1
12417 1
12419 1
12437 1
12450 1
12481 1
12494 2
12506 1
12508 1
12516 1
12520 1
12541 1
12543 1
12591 1
12610 1
12629 1
12636 1
12651 1
12657 1
12663 1
12669 1
12687 1
12708 1
12710 1
12717 1
12729 1
12741 1
12748 1
12762 1
12763 1
12769 1
12787 1
12789 1
12804 1
12817 1
12825 1
12832 1
12836 1
12840 2
12851 1
12853 1
12866 1
12898 1
12910 1
12921 1
12958 1
12968 1
13028 1
13042 1
13057 1
13058 2
13063 1
13066 1
13074 1
13093 1
13097 1
13098 1
13103 1
13125 1
13135 1
13152 1
13157 1
13158 1
13165 1
13171 1
13174 1
13206 1
13223 1
13251 1
13256 1
13265 1
13267 1
13271 1
13342 1
13352 1
13359 1
13367 1
13394 1
13395 1
13402 1
13405 1
13420 1
13476 1
13485 1
13543 1
13548 1
13553 1
13560 2
13563 1
13593 1
13605 1
13611 1
13624 1
13625 1
13636 1
13648 1
13651 1
13668 1
13695 1
13701 1
13707 1
13712 1
13720 1
13738 1
13755 1
13778 1
13804 1
13808 1
13848 1
13851 1
13858 1
13883 1
13889 1
13924 1
13939 1
13948 1
13951 1
13957 1
13971 1
14013 1
14016 1
14035 1
14044 1
14050 1
14056 1
14065 1
14106 1
14126 1
14144 1
14160 1
14180 1
14184 1
14221 1
14234 1
14236 1
14253 1
14291 1
14299 1
14362 1
14371 1
14381 1
14383 1
14427 1
14429 1
14444 1
14446 1
14475 1
14487 1
14532 1
14578 1
14584 1
14590 1
14593 1
14643 1
14688 1
14699 1
14712 1
14716 1
14717 1
14721 1
14725 1
14729 1
14731 1
14762 1
14790 1
14802 1
14809 1
14818 1
14826 1
14828 1
14830 1
14842 1
14845 1
14856 1
14879 1
14904 1
14916 1
14923 1
14930 1
14970 1
14977 1
14992 1
15002 1
15042 1
15044 1
15053 1
15073 1
15080 1
15104 1
15138 1
15160 1
15170 1
15180 1
15186 1
15189 1
15195 1
15208 1
15216 1
15220 1
15224 1
15259 1
15263 1
15298 1
15324 1
15376 1
15412 1
15455 1
15475 1
15517 1
15520 1
15531 1
15538 1
15556 2
15560 1
15563 1
15564 2
15580 1
15590 1
15633 1
15686 1
15692 1
15766 1
15776 1
15777 1
15804 1
15820 1
15847 1
15886 1
15935 1
15941 1
15951 1
15961 1
15968 1
15981 1
16007 1
16013 1
16037 1
16049 1
16054 1
16062 1
16071 2
16089 1
16100 1
16109 1
16114 1
16151 1
16190 1
16197 1
16202 1
16203 1
16209 1
16210 1
16240 1
16260 1
16305 1
16312 1
16322 1
16323 2
16383 2
16410 1
16416 1
16497 1
16611 1
16614 1
16652 1
16683 1
16768 1
16775 1
16779 1
16781 2
16784 1
16808 1
16823 1
16845 1
16960 1
16982 1
17003 1
17012 1
17058 1
17066 1
17100 1
17101 1
17180 1
17234 1
17253 1
17264 1
17281 1
17297 1
17388 1
17397 1
17418 1
17453 1
17467 1
17479 1
17492 1
17576 1
17614 1
17633 1
17635 1
17671 1
17691 1
17696 1
17707 1
17793 1
17794 1
17814 1
17845 1
17852 1
17876 1
17918 1
17919 1
17946 1
17968 1
17987 1
18034 1
18041 1
18059 1
18077 1
18078 1
18079 1
18091 1
18094 1
18107 1
18114 1
18120 1
18127 1
18132 1
18142 1
18159 1
18211 1
18219 1
18229 1
18247 1
18264 1
18286 1
18299 1
18301 1
18334 1
18400 1
18401 1
18433 1
18434 1
18438 1
18441 2
18446 1
18450 1
18468 1
18505 1
18528 1
18539 1
18560 1
18568 1
18597 1
18609 1
18613 1
18615 1
18618 1
18624 1
18647 1
18678 1
18701 1
18722 1
18723 1
18778 1
18814 1
18849 1
18856 1
18914 1
18936 1
18971 1
18972 1
19018 1
19179 1
19230 1
19262 1
19268 1
19345 2
19357 1
19406 1
19483 1
19500 1
19531 1
19543 1
19555 1
19571 1
19611 1
19649 1
19659 1
19726 1
19796 1
19831 1
19858 1
19875 1
19888 1
19891 1
19913 1
19931 1
19936 1
19947 1
19985 1
20040 1
20076 1
20139 1
20152 1
20157 1
20201 1
20227 1
20318 1
20390 1
20400 1
20404 1
20508 1
20560 1
20569 1
20700 1
20704 1
20717 1
20725 1
20731 1
20748 1
20779 1
20793 1
20828 1
20850 1
20858 1
20884 1
20913 1
20938 1
21043 1
21048 1
21055 1
21089 1
21142 1
21158 1
21167 1
21189 1
21198 1
21211 1
21216 1
21271 1
21285 1
21301 1
21309 1
21359 1
21369 1
21536 1
21577 1
21681 1
21750 1
21769 1
21784 1
21861 1
21887 1
21902 1
21924 1
22037 1
22114 1
22120 1
22141 1
22158 1
22208 1
22238 1
22301 1
22312 1
22352 1
22384 1
22408 1
22460 1
22499 1
22531 1
22552 1
22565 1
22578 1
22589 1
22672 1
22695 1
22708 1
22726 1
22728 1
22789 1
22858 1
22920 1
22929 1
22947 1
23086 1
23089 1
23097 1
23122 1
23147 1
23148 1
23168 1
23171 1
23298 1
23301 1
23303 1
23320 1
23321 1
23330 1
23333 1
23342 1
23451 1
23549 1
23566 1
23585 1
23625 1
23633 1
23647 1
23650 1
23688 1
23746 1
23778 1
23895 1
23945 1
23949 1
23982 1
24081 1
24185 1
24223 1
24240 1
24279 1
24361 1
24374 1
24376 1
24421 1
24435 1
24437 1
24453 1
24477 1
24572 1
24583 1
24611 1
24627 1
24673 1
24764 1
24788 1
24836 1
24849 1
24858 1
24947 1
24960 1
24983 1
24989 1
25007 1
25019 1
25030 1
25031 1
25042 1
25097 1
25099 1
25186 1
25250 1
25254 1
25316 1
25354 2
25356 1
25375 1
25385 1
25389 1
25466 1
25488 1
25500 1
25544 1
25563 1
25686 1
25784 1
25789 1
25831 1
25836 1
25890 1
26012 1
26030 1
26095 1
26132 1
26168 1
26170 1
26189 1
26210 1
26311 1
26376 1
26492 1
26592 1
26666 1
26743 1
26748 1
26796 1
26942 1
26966 1
26985 1
27082 1
27234 1
27242 1
27279 1
27401 1
27509 1
27526 1
27528 1
27545 1
27590 1
27643 1
27663 1
27864 1
27938 1
27989 1
28139 1
28198 1
28217 1
28229 1
28245 1
28431 1
28504 1
28528 1
28631 1
28968 1
28994 1
29078 1
29338 1
29379 1
29462 1
29482 1
29493 1
29649 1
29790 1
29824 1
29921 1
29953 1
30016 1
30099 1
30131 1
30174 1
30184 1
30204 1
30282 1
30398 1
30431 1
30438 1
30465 1
30580 1
30635 1
30723 1
30758 1
30873 1
30877 1
30936 1
31170 1
31217 1
31302 1
31431 1
31499 1
31535 1
31542 1
31564 1
31724 1
31814 1
31850 1
31886 1
31912 1
31927 1
31964 1
32003 1
32032 1
32056 1
32194 1
32210 1
32248 1
32252 1
32331 1
32500 1
32513 1
32523 1
32618 1
32678 1
32948 1
33019 1
33070 1
33137 1
33149 1
33174 1
33248 1
33347 1
33365 1
33576 1
33599 1
33670 1
33677 1
33817 1
33901 1
34146 1
34328 1
34472 1
34499 1
34501 1
34517 1
34642 1
34645 1
34664 1
34755 1
34982 1
35002 1
35147 1
35221 1
35481 1
35545 1
35668 1
35722 1
35821 1
35919 1
35997 1
36090 1
36133 1
36161 1
36429 1
36488 1
36505 1
36604 1
36625 1
36635 1
36646 1
36655 1
36674 1
36881 1
36898 1
36958 1
37145 1
37174 1
37295 1
37296 1
37388 1
37632 1
37704 1
37946 1
38030 1
38043 1
38172 1
38174 1
38185 1
38186 1
38249 1
38307 1
38421 1
38853 1
38864 1
39018 1
39049 1
39094 1
39244 1
39284 1
39371 1
39525 1
39581 1
39611 1
40186 1
40299 1
40309 1
40351 1
40487 1
40569 1
40631 1
40787 1
40952 1
41074 1
41094 1
41197 1
41284 1
41367 1
41470 1
41531 1
41649 1
41974 1
42213 1
42339 1
42405 1
42468 1
42624 1
42693 1
42881 1
42951 1
43089 1
43203 1
43295 1
43359 1
43710 1
44105 1
44134 1
44261 1
44528 1
44618 1
44715 1
44733 1
44736 1
44821 1
44836 1
44942 1
44993 1
45068 1
45255 1
45280 1
45286 1
45334 1
45907 1
46039 1
46307 1
46351 1
46737 1
46804 1
46926 1
47003 1
47214 1
47323 1
47370 1
47576 1
47920 1
47926 1
48087 1
48245 1
48284 1
48375 1
48443 1
48572 1
49144 1
49246 1
49371 1
49575 1
49675 1
49684 1
50254 1
50321 1
50613 1
50820 1
50843 1
50879 1
50981 1
51060 1
51098 1
51118 1
51280 1
51286 1
51305 1
51699 1
51765 1
51850 1
51865 1
52117 1
52802 1
52821 1
52833 1
52875 1
52916 1
53004 1
53071 1
53416 1
53510 1
53615 1
53817 1
54014 1
54152 1
54205 1
54494 1
54505 1
55081 1
55300 1
55599 1
55679 1
55717 1
56310 1
56649 1
56854 1
56899 1
57214 1
57284 1
57370 1
57380 1
57599 1
57710 1
57834 1
58025 1
58094 1
58098 1
58207 1
58320 1
58479 1
58620 1
58680 1
58947 1
58982 1
59133 1
59520 1
59524 1
59665 1
59828 1
59960 1
60604 1
60631 1
60660 1
60860 1
61011 1
61290 1
61388 1
61494 1
61552 1
61901 1
62299 1
62383 1
63249 1
63375 1
63652 1
64106 1
64317 1
64543 1
64818 1
65132 1
65173 1
65302 1
65308 1
65487 1
65553 1
65717 1
65735 1
66079 1
66088 1
66354 1
66518 1
66534 1
66741 1
66821 1
66963 1
67308 1
67503 1
67840 1
67881 1
67940 1
68226 1
68380 1
68536 1
68540 1
68589 1
68790 1
68853 1
69150 1
69681 1
69893 1
70062 1
70241 1
70308 1
70690 1
71151 1
71264 1
71550 1
71828 1
71932 1
71947 1
72263 1
72319 1
72434 1
72910 1
73026 1
73473 1
73781 1
73826 1
73829 1
74132 1
74267 1
74588 1
75022 1
75603 1
75747 1
75915 1
76041 1
76121 1
76238 1
76271 1
76344 1
76368 1
76854 1
77897 1
79144 1
79371 1
79415 1
80006 1
80126 1
80394 1
80523 1
80694 1
81018 1
81617 1
81639 1
81837 1
82131 1
82192 1
82377 1
82421 1
82493 1
82986 1
83536 1
83746 1
83873 1
84161 1
84231 1
84347 1
84508 1
84778 1
84847 1
85466 1
85480 1
86245 1
86604 1
88346 1
88583 1
88969 1
89068 1
89081 1
89715 1
89783 1
90067 1
91103 1
91137 1
91153 1
91257 1
91376 1
92361 1
92713 1
93051 1
93243 1
93311 1
93945 1
94041 1
94435 1
94551 1
94995 1
95048 1
95108 1
96263 1
96735 1
96973 1
97152 1
97753 1
98670 1
98909 1
100426 1
100456 1
100636 1
100770 1
100984 1
101710 1
102173 1
102730 1
103107 1
103696 1
104167 1
104609 1
104982 1
106159 1
106432 1
106794 1
107321 1
107760 1
108013 1
108173 1
108357 1
109438 1
109705 1
109960 1
110267 1
110672 1
110938 1
112197 1
112894 1
112933 1
113357 1
113410 1
113531 1
113741 1
114732 1
114895 1
114997 1
115008 1
115133 1
115703 1
115894 1
116124 1
116238 1
116428 1
116832 1
117982 1
119324 1
119720 1
119776 1
121874 1
122054 1
122129 1
122274 1
122949 1
123419 1
124111 1
124135 1
124471 1
125357 1
126511 1
126779 1
127182 1
127813 1
129638 1
129762 1
129768 2
131407 1
131700 1
131761 1
131971 1
132524 1
133538 1
135237 1
136037 1
137410 1
137492 1
137577 1
139746 1
140080 1
143077 1
143382 1
143939 1
144437 1
145538 1
147548 1
149626 1
150823 1
152619 1
152651 1
153009 1
153222 1
153524 1
155890 1
156738 1
158388 1
160217 1
162281 1
163142 1
164246 1
165199 1
165278 1
165300 1
165441 1
166750 1
167616 1
170160 1
170626 1
170656 1
171042 1
172160 1
173686 1
174996 1
175170 1
177440 1
178002 1
181806 1
182366 1
182379 1
183320 1
183343 1
184610 1
186118 1
189622 1
189785 1
190303 1
191302 1
191939 1
192243 1
192308 1
194271 1
194824 1
196389 1
197503 1
197596 1
198499 1
199060 1
199889 1
200828 1
200857 1
201484 1
202173 1
203331 1
204250 1
205209 1
207543 1
207644 1
209707 1
209765 1
210136 1
211144 1
211171 1
212402 1
213159 1
213798 1
215705 1
217992 1
221002 1
222291 1
225111 1
227346 1
227419 1
228843 1
229735 1
232535 1
235594 1
237008 1
237737 1
242053 1
245990 1
246306 1
247107 1
247646 1
248194 1
250200 1
260952 1
261671 1
262997 1
264684 1
265454 1
267933 1
271842 1
272380 1
273491 1
277068 1
277980 1
278838 1
282853 1
283771 1
284048 1
284213 1
289140 1
292067 1
293139 1
294178 1
294744 1
296915 1
298188 1
299688 1
303864 1
304058 1
304387 1
304576 1
306240 1
310544 1
312071 1
319682 1
324854 1
325907 1
328299 1
330959 1
334227 1
335758 1
337703 1
342437 1
344333 1
348858 1
356724 1
357949 1
372382 1
375095 1
379687 1
388638 1
398393 1
400566 1
408658 1
412209 1
427041 1
427223 1
428746 1
432505 1
436693 1
441407 1
441937 1
445969 1
449707 1
453956 1
458279 1
464287 1
472116 1
474969 1
478492 1
483003 1
494539 1
496876 1
501250 1
501673 1
502929 1
512852 1
517970 1
526374 1
539199 1
542357 1
545279 1
545560 1
546074 1
554556 1
560162 1
564532 1
564705 1
571765 1
572053 1
576082 1
583657 1
590405 1
595072 1
596135 1
605769 1
611721 1
626269 1
639315 1
639391 1
655411 1
656163 1
657405 1
665345 1
688889 1
714323 1
744349 1
776898 1
778493 1
783061 1
788007 1
788481 1
805631 1
812159 1
817623 1
829056 1
829851 1
854535 1
885245 1
890034 1
913326 1
916026 1
926193 1
952822 1
970745 1
980027 1
981177 1
1029594 1
1032224 1
1059107 1
1083384 1
1135132 1
1212055 1
1216452 1
1230385 1
1253531 1
1287375 1
1300100 1
1329395 1
1384023 1
1426242 1
1430108 1
1435771 1
1447409 1
1485978 1
1577868 1
1824035 1
1929332 1
1968469 1
2030303 1
2131324 1
2135853 1
2175251 1
2224114 1
2284877 1
2325049 1
2375753 1
2440396 1
2496802 1
2509547 1
2537716 1
2581737 1
2619862 1
2662299 1
3085345 1
3281617 1
3294760 1
3429850 1
3458922 1
3989293 1
4001136 1
4031919 1
4256564 1
4327616 1
4449127 1
4498715 1
4779332 1
5318012 1
6082008 1
7137680 1
7457682 1
7565749 1
7752333 1
7866914 1
8592883 1
8844863 1
28683244 1
