1 510725
2 153802
3 75324
4 59937
5 40463
6 33133
7 24768
8 21047
9 16826
10 14784
11 12662
12 11283
13 9991
14 9196
15 8104
16 7464
17 6789
18 6116
19 5654
20 5195
21 4793
22 4539
23 4220
24 3862
25 3593
26 3499
27 3400
28 3171
29 3049
30 2938
31 2753
32 2617
33 2446
34 2403
35 2305
36 2214
37 2042
38 1978
39 1975
40 1817
41 1763
42 1724
43 1725
44 1692
45 1566
46 1597
47 1470
48 1491
49 1479
50 1394
51 1365
52 1278
53 1308
54 1324
55 1218
56 1250
57 1208
58 1082
59 1122
60 1093
61 1046
62 1096
63 1033
64 958
65 1021
66 972
67 910
68 939
69 769
70 831
71 790
72 829
73 819
74 780
75 707
76 699
77 684
78 703
79 715
80 643
81 639
82 684
83 575
84 603
85 614
86 626
87 543
88 584
89 590
90 552
91 506
92 534
93 535
94 509
95 553
96 504
97 522
98 501
99 460
100 446
101 472
102 474
103 477
104 461
105 482
106 515
107 444
108 435
109 454
110 425
111 433
112 451
113 437
114 412
115 445
116 436
117 419
118 393
119 394
120 413
121 349
122 386
123 375
124 345
125 337
126 342
127 323
128 318
129 334
130 334
131 327
132 277
133 290
134 314
135 295
136 290
137 275
138 320
139 274
140 300
141 316
142 287
143 262
144 243
145 287
146 271
147 294
148 250
149 255
150 249
151 251
152 237
153 238
154 253
155 245
156 227
157 227
158 233
159 250
160 240
161 213
162 235
163 220
164 212
165 204
166 214
167 241
168 222
169 190
170 209
171 224
172 189
173 196
174 190
175 217
176 215
177 179
178 211
179 202
180 199
181 169
182 177
183 188
184 182
185 170
186 188
187 170
188 206
189 176
190 162
191 186
192 152
193 156
194 178
195 146
196 154
197 162
198 165
199 165
200 160
201 141
202 164
203 169
204 159
205 155
206 156
207 162
208 150
209 157
210 141
211 164
212 158
213 150
214 155
215 158
216 156
217 133
218 140
219 147
220 139
221 135
222 140
223 149
224 149
225 142
226 135
227 131
228 126
229 130
230 153
231 148
232 155
233 120
234 126
235 135
236 107
237 118
238 122
239 128
240 120
241 128
242 109
243 102
244 108
245 127
246 105
247 122
248 108
249 110
250 108
251 105
252 111
253 116
254 128
255 98
256 105
257 108
258 109
259 107
260 121
261 104
262 101
263 88
264 108
265 93
266 101
267 106
268 97
269 105
270 95
271 92
272 105
273 81
274 95
275 88
276 98
277 103
278 90
279 88
280 86
281 100
282 76
283 76
284 104
285 90
286 98
287 74
288 91
289 100
290 92
291 92
292 94
293 95
294 65
295 82
296 75
297 89
298 78
299 60
300 77
301 93
302 56
303 73
304 83
305 81
306 77
307 86
308 80
309 77
310 71
311 83
312 74
313 75
314 76
315 76
316 75
317 64
318 68
319 70
320 76
321 66
322 65
323 60
324 62
325 57
326 65
327 83
328 69
329 75
330 74
331 81
332 65
333 58
334 69
335 73
336 59
337 73
338 70
339 48
340 57
341 63
342 61
343 55
344 61
345 71
346 48
347 45
348 65
349 71
350 56
351 53
352 65
353 67
354 56
355 64
356 55
357 70
358 51
359 57
360 55
361 53
362 62
363 41
364 48
365 51
366 58
367 65
368 52
369 52
370 58
371 44
372 69
373 51
374 53
375 46
376 50
377 51
378 49
379 59
380 44
381 55
382 54
383 48
384 43
385 60
386 57
387 51
388 42
389 36
390 46
391 42
392 55
393 49
394 47
395 49
396 38
397 45
398 53
399 53
400 38
401 35
402 47
403 46
404 35
405 50
406 53
407 42
408 56
409 53
410 55
411 45
412 44
413 52
414 51
415 36
416 39
417 56
418 33
419 54
420 38
421 44
422 46
423 45
424 38
425 41
426 35
427 45
428 47
429 48
430 53
431 34
432 57
433 53
434 42
435 46
436 59
437 40
438 44
439 53
440 61
441 52
442 41
443 50
444 37
445 53
446 51
447 46
448 42
449 43
450 55
451 42
452 40
453 50
454 51
455 40
456 47
457 45
458 51
459 46
460 46
461 38
462 52
463 36
464 46
465 47
466 34
467 34
468 45
469 46
470 38
471 46
472 50
473 36
474 41
475 43
476 40
477 39
478 40
479 31
480 35
481 42
482 39
483 46
484 48
485 46
486 36
487 47
488 42
489 27
490 42
491 39
492 41
493 37
494 44
495 45
496 34
497 45
498 26
499 37
500 37
501 36
502 37
503 38
504 35
505 41
506 30
507 35
508 42
509 29
510 25
511 24
512 38
513 42
514 28
515 27
516 35
517 34
518 31
519 39
520 27
521 38
522 34
523 18
524 30
525 41
526 36
527 33
528 26
529 41
530 33
531 25
532 39
533 34
534 26
535 35
536 40
537 36
538 23
539 26
540 28
541 29
542 31
543 30
544 40
545 36
546 42
547 29
548 34
549 29
550 36
551 34
552 27
553 22
554 25
555 21
556 40
557 35
558 26
559 19
560 35
561 33
562 26
563 28
564 31
565 29
566 37
567 35
568 25
569 28
570 23
571 44
572 34
573 22
574 34
575 34
576 26
577 33
578 34
579 29
580 19
581 31
582 24
583 22
584 23
585 40
586 23
587 29
588 27
589 36
590 27
591 26
592 32
593 17
594 29
595 36
596 25
597 24
598 24
599 33
600 25
601 22
602 22
603 24
604 21
605 30
606 18
607 26
608 26
609 39
610 26
611 26
612 29
613 28
614 25
615 25
616 20
617 22
618 33
619 33
620 25
621 20
622 33
623 29
624 25
625 20
626 21
627 20
628 19
629 19
630 27
631 25
632 20
633 19
634 34
635 18
636 27
637 25
638 14
639 25
640 20
641 21
642 27
643 28
644 14
645 39
646 22
647 23
648 19
649 25
650 37
651 22
652 20
653 20
654 29
655 25
656 20
657 24
658 20
659 25
660 19
661 19
662 19
663 29
664 24
665 33
666 18
667 24
668 19
669 22
670 30
671 16
672 13
673 23
674 33
675 29
676 27
677 25
678 19
679 26
680 32
681 19
682 15
683 28
684 20
685 28
686 26
687 20
688 15
689 29
690 19
691 20
692 22
693 21
694 21
695 20
696 13
697 13
698 24
699 20
700 16
701 30
702 23
703 23
704 20
705 27
706 21
707 19
708 24
709 20
710 23
711 19
712 19
713 18
714 13
715 27
716 26
717 21
718 22
719 31
720 24
721 23
722 27
723 16
724 16
725 16
726 29
727 30
728 24
729 22
730 19
731 25
732 15
733 17
734 31
735 25
736 22
737 19
738 23
739 13
740 17
741 27
742 16
743 17
744 16
745 21
746 24
747 20
748 14
749 11
750 12
751 20
752 14
753 20
754 17
755 21
756 20
757 21
758 22
759 16
760 16
761 29
762 18
763 20
764 22
765 15
766 22
767 24
768 18
769 17
770 21
771 20
772 25
773 22
774 21
775 17
776 28
777 22
778 15
779 19
780 18
781 14
782 24
783 20
784 19
785 21
786 18
787 9
788 22
789 18
790 15
791 14
792 19
793 17
794 16
795 24
796 15
797 16
798 16
799 22
800 17
801 18
802 12
803 15
804 22
805 22
806 20
807 28
808 24
809 19
810 22
811 18
812 19
813 18
814 14
815 13
816 15
817 20
818 15
819 26
820 19
821 24
822 14
823 19
824 21
825 16
826 23
827 18
828 19
829 19
830 22
831 15
832 21
833 15
834 23
835 16
836 17
837 26
838 16
839 21
840 28
841 21
842 21
843 23
844 22
845 26
846 23
847 13
848 18
849 21
850 23
851 21
852 18
853 20
854 19
855 32
856 23
857 16
858 19
859 24
860 15
861 25
862 21
863 13
864 36
865 25
866 26
867 33
868 23
869 25
870 28
871 25
872 28
873 27
874 38
875 31
876 41
877 40
878 29
879 25
880 24
881 41
882 27
883 26
884 22
885 28
886 34
887 28
888 39
889 33
890 33
891 46
892 31
893 39
894 35
895 35
896 39
897 40
898 29
899 39
900 44
901 41
902 28
903 50
904 43
905 36
906 26
907 37
908 29
909 31
910 34
911 30
912 31
913 35
914 38
915 40
916 35
917 19
918 37
919 35
920 28
921 36
922 29
923 33
924 24
925 43
926 28
927 28
928 37
929 34
930 25
931 24
932 17
933 20
934 20
935 26
936 22
937 31
938 21
939 26
940 16
941 23
942 21
943 20
944 15
945 33
946 17
947 23
948 20
949 19
950 23
951 28
952 22
953 31
954 16
955 17
956 20
957 20
958 16
959 10
960 25
961 18
962 10
963 12
964 22
965 19
966 20
967 17
968 20
969 16
970 17
971 14
972 20
973 24
974 22
975 20
976 10
977 12
978 18
979 20
980 16
981 11
982 19
983 24
984 11
985 15
986 17
987 11
988 8
989 14
990 8
991 11
992 20
993 16
994 13
995 21
996 11
997 15
998 9
999 17
1000 12
1001 9
1002 13
1003 18
1004 12
1005 22
1006 19
1007 12
1008 15
1009 14
1010 15
1011 16
1012 11
1013 14
1014 15
1015 17
1016 20
1017 12
1018 12
1019 10
1020 16
1021 13
1022 7
1023 19
1024 7
1025 16
1026 8
1027 18
1028 11
1029 10
1030 24
1031 8
1032 17
1033 9
1034 15
1035 10
1036 12
1037 14
1038 12
1039 6
1040 9
1041 15
1042 14
1043 16
1044 16
1045 8
1046 13
1047 11
1048 13
1049 14
1050 10
1051 15
1052 13
1053 7
1054 7
1055 18
1056 9
1057 11
1058 13
1059 7
1060 14
1061 8
1062 9
1063 16
1064 9
1065 6
1066 11
1067 14
1068 14
1069 8
1070 5
1071 9
1072 11
1073 10
1074 6
1075 12
1076 18
1077 9
1078 18
1079 11
1080 14
1081 13
1082 13
1083 10
1084 7
1085 5
1086 7
1087 9
1088 8
1089 13
1090 11
1091 8
1092 17
1093 9
1094 7
1095 11
1096 11
1097 8
1098 9
1099 8
1100 10
1101 6
1102 10
1103 12
1104 10
1105 11
1106 9
1107 7
1108 9
1109 8
1110 12
1111 10
1112 9
1113 15
1114 9
1115 13
1116 14
1117 7
1118 13
1119 13
1120 14
1121 8
1122 9
1123 15
1124 9
1125 13
1126 9
1127 5
1128 21
1129 8
1130 9
1131 6
1132 15
1133 9
1134 8
1135 12
1136 14
1137 16
1138 10
1139 7
1140 11
1141 6
1142 5
1143 9
1144 13
1145 8
1146 12
1147 9
1148 11
1149 10
1150 7
1151 11
1152 14
1153 7
1154 5
1155 13
1156 15
1157 8
1158 13
1159 7
1160 12
1161 11
1162 12
1163 8
1164 9
1165 9
1166 3
1167 17
1168 5
1169 4
1170 11
1171 14
1172 6
1173 16
1174 13
1175 7
1176 8
1177 10
1178 10
1179 9
1180 10
1181 6
1182 7
1183 9
1184 9
1185 15
1186 12
1187 15
1188 10
1189 6
1190 10
1191 14
1192 7
1193 8
1194 15
1195 14
1196 6
1197 6
1198 9
1199 8
1200 4
1201 7
1202 6
1203 12
1204 11
1205 9
1206 5
1207 14
1208 11
1209 15
1210 4
1211 11
1212 9
1213 4
1214 9
1215 11
1216 8
1217 8
1218 7
1219 11
1220 10
1221 9
1222 12
1223 11
1224 10
1225 9
1226 10
1227 11
1228 10
1229 14
1230 8
1231 12
1232 5
1233 12
1234 14
1235 5
1236 9
1237 12
1238 10
1239 12
1240 8
1241 7
1242 10
1243 9
1244 4
1245 9
1246 3
1247 8
1248 9
1249 11
1250 12
1251 13
1252 8
1253 9
1254 7
1255 5
1256 7
1257 8
1258 10
1259 16
1260 9
1261 8
1262 9
1263 11
1264 8
1265 6
1266 10
1267 8
1268 7
1269 7
1270 4
1271 14
1272 11
1273 9
1274 10
1275 9
1276 6
1277 9
1278 5
1279 12
1280 8
1281 12
1282 7
1283 6
1284 7
1285 6
1286 10
1287 12
1288 10
1289 10
1290 12
1291 7
1292 6
1293 8
1294 14
1295 9
1296 6
1297 7
1298 8
1299 15
1300 10
1301 10
1302 5
1303 10
1304 12
1305 9
1306 8
1307 11
1308 7
1309 7
1310 4
1311 5
1312 6
1313 13
1314 8
1315 7
1316 7
1317 12
1318 6
1319 6
1320 7
1321 7
1322 6
1323 8
1324 11
1325 7
1326 7
1327 9
1328 9
1329 10
1330 8
1331 6
1332 12
1333 7
1334 8
1335 8
1336 8
1337 6
1338 7
1339 8
1340 4
1341 5
1342 5
1343 6
1344 4
1345 9
1346 7
1347 7
1348 12
1349 7
1350 11
1351 8
1352 12
1353 4
1354 5
1355 5
1356 6
1357 9
1358 6
1359 12
1360 10
1361 12
1362 6
1363 8
1364 8
1365 9
1366 6
1367 13
1368 7
1369 8
1370 7
1371 6
1372 7
1373 12
1374 4
1375 8
1376 2
1377 9
1378 2
1379 9
1380 3
1381 9
1382 10
1383 6
1384 11
1385 8
1386 9
1387 3
1388 6
1389 4
1390 4
1391 7
1392 4
1393 4
1394 7
1395 6
1396 7
1397 6
1398 10
1399 2
1400 6
1401 3
1402 9
1403 5
1404 8
1405 4
1406 6
1407 8
1408 8
1409 8
1410 5
1411 6
1412 5
1413 4
1414 2
1415 7
1416 5
1417 7
1418 7
1419 4
1420 6
1421 7
1422 5
1423 7
1424 11
1425 7
1426 6
1427 6
1428 10
1429 4
1430 4
1431 7
1432 4
1433 7
1434 9
1435 9
1436 13
1437 11
1438 4
1439 5
1440 5
1441 8
1442 6
1443 9
1444 6
1445 9
1446 5
1447 3
1448 6
1449 8
1450 5
1451 7
1452 7
1453 3
1454 13
1455 4
1456 6
1457 3
1458 10
1459 7
1460 4
1461 4
1462 5
1463 6
1464 11
1465 7
1466 8
1467 10
1468 6
1469 6
1470 5
1471 2
1472 6
1473 9
1474 7
1475 14
1476 6
1477 8
1478 4
1479 11
1480 9
1481 4
1482 3
1483 7
1484 8
1485 7
1486 10
1487 4
1488 5
1489 7
1490 8
1491 7
1492 4
1493 9
1494 3
1495 4
1496 6
1497 9
1498 5
1499 5
1500 8
1501 4
1502 7
1503 4
1504 5
1505 8
1506 9
1507 9
1508 6
1509 7
1510 9
1511 3
1512 7
1513 7
1514 4
1515 5
1516 1
1517 5
1518 3
1519 5
1520 2
1521 5
1522 3
1523 3
1524 5
1525 4
1526 5
1527 4
1528 5
1529 2
1530 9
1531 6
1532 6
1533 10
1534 4
1535 13
1536 13
1537 4
1538 6
1539 8
1540 3
1541 4
1542 5
1543 7
1544 6
1545 6
1546 7
1547 3
1548 3
1549 8
1550 9
1551 3
1552 6
1553 7
1554 10
1555 5
1556 7
1557 6
1558 8
1559 5
1560 5
1561 2
1562 5
1563 2
1564 5
1565 4
1566 8
1567 4
1568 5
1569 5
1570 10
1571 8
1572 4
1573 3
1574 5
1575 5
1576 4
1577 4
1578 5
1579 4
1580 5
1581 6
1582 5
1583 6
1584 3
1585 3
1586 5
1587 3
1588 4
1589 8
1590 2
1591 7
1592 6
1593 1
1594 4
1595 9
1596 3
1597 7
1598 4
1599 7
1600 4
1601 2
1602 7
1603 4
1604 9
1605 5
1606 4
1607 6
1608 10
1609 8
1610 6
1611 2
1612 6
1613 4
1614 6
1615 4
1616 6
1617 10
1618 7
1619 3
1620 4
1621 8
1622 9
1623 5
1624 5
1625 6
1626 6
1627 8
1628 7
1629 7
1630 1
1631 5
1632 7
1633 8
1634 5
1635 11
1636 7
1637 5
1638 4
1639 8
1640 8
1641 4
1642 5
1643 6
1644 2
1645 3
1646 4
1647 4
1648 8
1649 6
1650 6
1651 3
1652 6
1653 5
1654 8
1655 4
1656 5
1657 4
1658 10
1659 3
1660 5
1661 6
1662 4
1663 3
1664 4
1665 3
1666 4
1667 2
1668 7
1669 2
1670 7
1671 4
1672 8
1673 1
1674 3
1675 3
1676 6
1677 9
1678 11
1679 7
1680 3
1681 3
1682 5
1683 7
1684 7
1685 7
1686 4
1687 1
1688 5
1689 2
1690 6
1691 4
1692 6
1693 4
1694 4
1695 5
1696 3
1697 1
1698 8
1699 1
1700 7
1701 8
1702 5
1703 1
1704 2
1705 3
1706 3
1707 1
1708 2
1709 7
1710 6
1711 6
1712 7
1713 6
1714 5
1715 7
1716 9
1717 2
1718 3
1719 5
1720 6
1721 7
1722 5
1723 4
1724 6
1725 2
1726 4
1727 3
1728 8
1729 4
1730 4
1731 5
1732 8
1733 5
1734 10
1735 5
1736 6
1737 4
1738 5
1739 3
1740 9
1741 6
1742 5
1743 3
1744 2
1745 7
1746 5
1747 8
1748 10
1749 7
1750 4
1751 4
1752 8
1753 11
1754 6
1755 1
1756 3
1757 9
1758 7
1759 8
1760 7
1761 6
1762 6
1763 9
1764 4
1765 8
1766 6
1767 10
1768 8
1769 9
1770 5
1771 5
1772 7
1773 7
1774 5
1775 5
1776 8
1777 8
1778 5
1779 4
1780 6
1781 4
1782 5
1783 7
1784 7
1785 9
1786 9
1787 4
1788 3
1789 2
1790 9
1791 4
1792 5
1793 4
1794 7
1795 6
1796 1
1797 4
1798 6
1799 2
1800 5
1801 5
1802 6
1803 7
1804 4
1805 4
1806 6
1807 7
1808 3
1809 2
1810 7
1811 7
1812 4
1813 4
1814 5
1815 10
1816 6
1817 5
1818 6
1819 2
1820 7
1821 6
1822 5
1823 9
1824 4
1825 12
1826 3
1827 4
1828 5
1829 4
1830 10
1831 10
1832 6
1833 8
1834 7
1835 5
1836 9
1837 9
1838 5
1839 7
1840 4
1841 5
1842 6
1843 7
1844 8
1845 4
1846 5
1847 2
1848 2
1849 5
1850 5
1851 5
1852 6
1853 7
1854 6
1855 3
1856 7
1857 13
1858 2
1859 10
1860 7
1861 4
1862 3
1863 9
1864 8
1865 2
1866 4
1867 2
1868 7
1869 6
1870 5
1871 3
1872 5
1873 1
1874 6
1875 7
1876 6
1877 6
1878 5
1879 5
1880 2
1881 1
1882 7
1883 5
1884 6
1885 6
1886 2
1887 4
1888 4
1889 4
1890 2
1891 4
1892 4
1893 5
1894 5
1895 4
1896 3
1897 10
1898 6
1899 5
1900 6
1901 4
1902 5
1903 5
1904 3
1905 4
1906 4
1907 7
1908 5
1909 7
1910 11
1911 6
1912 5
1913 3
1914 1
1915 5
1916 3
1917 6
1918 3
1919 3
1920 6
1921 3
1922 5
1923 4
1924 7
1925 4
1926 6
1927 7
1928 1
1929 3
1930 4
1931 4
1932 1
1933 3
1934 12
1935 6
1936 6
1937 3
1938 3
1939 3
1940 5
1941 5
1942 3
1943 3
1944 4
1945 4
1946 3
1947 5
1948 2
1949 2
1950 5
1951 7
1952 2
1953 3
1954 2
1955 3
1956 5
1957 2
1958 3
1959 6
1960 3
1961 4
1962 8
1963 4
1964 2
1965 3
1966 6
1967 1
1968 3
1969 5
1970 5
1971 3
1972 3
1973 5
1974 3
1975 4
1976 1
1977 3
1978 5
1979 2
1980 6
1981 2
1982 6
1983 8
1984 1
1985 6
1986 2
1987 5
1988 4
1989 3
1990 7
1991 4
1992 7
1993 2
1994 4
1995 1
1996 5
1997 8
1998 1
1999 4
2000 5
2002 5
2003 2
2004 5
2005 2
2006 2
2007 3
2008 5
2009 3
2010 6
2011 3
2012 4
2013 7
2014 3
2015 4
2016 5
2017 4
2018 1
2019 1
2020 3
2021 5
2022 4
2023 6
2024 7
2025 2
2026 6
2027 9
2028 4
2029 4
2030 3
2031 4
2032 8
2033 7
2034 4
2035 7
2036 6
2037 4
2038 4
2039 4
2040 3
2041 6
2042 5
2043 3
2044 3
2045 3
2046 5
2047 2
2049 3
2050 4
2051 2
2052 4
2053 3
2054 2
2055 2
2056 3
2057 4
2058 6
2059 2
2060 3
2061 8
2062 4
2063 6
2064 3
2065 2
2066 5
2067 4
2068 2
2069 4
2070 2
2071 4
2072 1
2073 1
2074 2
2075 1
2076 5
2077 5
2078 1
2080 3
2081 4
2082 5
2083 2
2084 2
2085 6
2086 3
2087 1
2088 6
2089 5
2090 4
2091 5
2092 3
2093 3
2094 2
2095 4
2096 5
2097 2
2098 5
2099 2
2100 2
2101 1
2102 2
2103 3
2104 4
2105 3
2106 3
2107 1
2108 1
2109 4
2110 2
2111 4
2112 5
2114 4
2115 3
2116 3
2117 6
2118 2
2119 5
2120 3
2121 5
2122 2
2123 4
2124 5
2125 2
2126 1
2127 3
2129 2
2130 5
2131 7
2132 2
2133 5
2134 5
2135 3
2136 2
2137 4
2138 4
2139 4
2140 3
2141 6
2142 3
2143 3
2144 4
2145 1
2146 1
2147 2
2148 4
2150 4
2151 1
2152 5
2153 6
2154 3
2155 4
2156 4
2157 3
2158 6
2159 3
2160 5
2161 1
2162 7
2163 7
2164 3
2165 3
2166 7
2168 2
2169 5
2170 2
2171 3
2172 1
2173 3
2174 5
2175 3
2176 4
2177 4
2178 2
2179 5
2180 3
2181 4
2182 5
2183 3
2184 3
2185 3
2186 5
2187 1
2188 4
2189 1
2190 2
2191 4
2192 6
2193 3
2194 5
2195 1
2196 3
2197 5
2198 6
2199 4
2200 3
2201 1
2202 2
2203 2
2204 5
2205 10
2206 7
2207 1
2208 3
2209 8
2210 1
2211 1
2212 3
2213 4
2214 2
2215 4
2216 3
2217 4
2218 2
2219 2
2220 2
2221 4
2222 1
2223 2
2224 2
2225 3
2226 3
2227 5
2228 1
2229 4
2230 7
2231 4
2232 3
2233 2
2234 2
2235 2
2236 6
2237 1
2238 3
2239 1
2240 2
2241 5
2242 2
2243 6
2244 5
2245 4
2246 3
2247 5
2248 1
2249 1
2250 7
2251 2
2252 2
2253 1
2254 3
2255 1
2256 3
2257 4
2259 4
2261 3
2262 2
2263 2
2264 2
2265 2
2266 5
2267 4
2268 2
2269 7
2270 3
2271 3
2272 2
2273 3
2274 2
2275 3
2276 3
2277 4
2278 4
2279 2
2280 5
2281 6
2282 4
2283 2
2286 2
2287 6
2288 5
2289 2
2290 2
2291 2
2292 6
2293 3
2294 6
2295 3
2297 2
2298 1
2299 2
2300 1
2301 1
2302 2
2303 6
2304 2
2305 1
2306 4
2307 2
2308 2
2309 1
2310 5
2311 2
2312 4
2313 1
2314 5
2315 5
2316 5
2317 9
2318 1
2319 1
2320 1
2322 4
2324 2
2325 3
2326 1
2327 4
2328 2
2329 2
2330 2
2331 4
2333 2
2334 6
2335 2
2336 4
2337 2
2338 3
2339 1
2340 3
2341 2
2342 2
2344 3
2346 1
2347 3
2348 5
2349 2
2350 3
2351 3
2352 2
2353 2
2354 1
2355 4
2356 5
2357 3
2358 1
2359 5
2360 3
2361 1
2362 3
2363 4
2364 1
2365 1
2367 3
2368 2
2369 5
2370 1
2371 3
2372 3
2374 4
2376 4
2377 5
2378 2
2379 3
2380 4
2381 2
2382 3
2383 4
2384 4
2385 2
2386 2
2387 5
2388 1
2389 5
2390 3
2391 1
2392 3
2393 2
2394 6
2395 2
2396 1
2397 3
2398 2
2399 1
2400 2
2401 3
2403 2
2405 1
2406 1
2407 3
2408 3
2409 2
2410 4
2411 1
2412 2
2413 2
2414 4
2415 4
2416 4
2417 3
2418 2
2419 2
2420 1
2421 4
2422 1
2423 2
2424 6
2425 3
2426 1
2427 3
2428 1
2429 1
2430 2
2431 5
2432 2
2433 1
2434 2
2435 3
2436 6
2437 2
2438 1
2440 2
2441 1
2442 2
2443 1
2444 1
2445 3
2446 4
2447 1
2448 6
2449 2
2450 5
2453 5
2454 1
2455 1
2456 2
2457 3
2458 3
2459 3
2460 1
2461 3
2462 4
2463 4
2464 3
2465 4
2466 3
2467 1
2468 2
2469 1
2470 2
2471 3
2472 4
2473 3
2474 3
2475 1
2476 1
2477 1
2478 3
2479 1
2480 3
2481 2
2482 4
2483 2
2484 2
2486 4
2487 4
2488 5
2489 2
2491 4
2492 4
2493 6
2494 2
2495 4
2497 1
2499 2
2500 4
2501 3
2502 5
2503 1
2504 1
2505 2
2507 1
2508 3
2509 2
2510 3
2511 2
2512 1
2514 5
2515 3
2516 1
2517 2
2518 2
2519 2
2520 3
2521 3
2522 4
2523 2
2524 1
2525 3
2526 4
2528 1
2529 2
2530 3
2531 3
2532 3
2533 1
2534 4
2536 4
2537 3
2538 5
2539 2
2540 3
2541 4
2542 1
2543 2
2544 3
2545 3
2546 4
2547 1
2548 4
2549 2
2550 4
2551 5
2552 3
2553 4
2554 2
2555 4
2556 1
2557 5
2558 1
2561 3
2562 1
2563 2
2564 1
2565 2
2566 5
2567 4
2568 3
2569 3
2570 5
2571 2
2572 2
2573 5
2574 5
2575 2
2576 6
2577 3
2578 5
2579 2
2580 6
2581 3
2582 2
2584 3
2585 3
2586 1
2587 5
2588 6
2589 1
2590 1
2591 4
2592 2
2593 2
2594 2
2595 3
2596 1
2597 4
2599 1
2601 1
2604 1
2605 1
2606 3
2607 4
2609 2
2610 2
2611 1
2612 2
2613 3
2614 2
2615 3
2616 5
2617 2
2618 2
2620 1
2621 3
2622 3
2624 5
2625 1
2626 4
2627 2
2629 2
2631 2
2632 1
2633 2
2634 2
2635 3
2636 3
2637 1
2638 3
2639 1
2640 2
2642 2
2643 3
2644 3
2645 2
2647 2
2649 3
2650 2
2652 6
2653 1
2654 2
2655 1
2656 1
2657 2
2658 1
2659 2
2660 2
2661 3
2662 1
2663 1
2665 1
2666 4
2667 1
2669 1
2670 2
2671 7
2672 3
2676 2
2677 1
2678 1
2679 2
2680 5
2681 1
2682 3
2683 1
2684 7
2685 1
2686 1
2687 5
2688 2
2689 3
2690 1
2692 4
2693 3
2694 2
2697 2
2698 4
2699 3
2700 2
2701 2
2703 1
2704 1
2705 1
2706 6
2707 2
2708 3
2709 2
2710 3
2712 1
2713 3
2714 2
2715 3
2716 2
2717 2
2718 3
2720 2
2721 1
2722 2
2723 3
2724 6
2726 1
2727 2
2729 5
2730 1
2731 1
2732 2
2733 4
2734 1
2735 3
2736 3
2737 2
2738 2
2739 1
2740 5
2741 3
2742 2
2743 1
2745 2
2746 2
2747 4
2749 3
2750 6
2751 4
2752 1
2753 1
2754 1
2756 1
2757 2
2758 2
2759 3
2761 4
2762 9
2763 3
2764 4
2765 4
2766 3
2767 1
2768 2
2769 2
2770 3
2771 3
2772 2
2773 4
2774 3
2776 2
2777 3
2778 2
2780 3
2781 2
2782 1
2784 2
2785 3
2786 4
2787 3
2789 1
2790 1
2791 3
2792 4
2795 2
2796 2
2797 1
2798 5
2799 5
2800 2
2801 2
2802 2
2803 1
2804 1
2805 4
2806 2
2807 3
2808 3
2809 2
2810 3
2811 3
2812 1
2813 1
2814 1
2815 3
2816 2
2817 5
2818 4
2819 3
2820 3
2821 1
2822 1
2823 3
2825 2
2826 1
2827 3
2828 2
2829 1
2830 2
2831 1
2832 1
2834 1
2835 3
2836 1
2837 2
2838 1
2839 2
2840 3
2842 1
2843 1
2845 4
2846 3
2847 1
2848 2
2849 1
2850 2
2852 4
2853 2
2854 1
2855 3
2856 2
2857 3
2858 2
2859 3
2861 1
2862 2
2863 2
2864 1
2865 5
2867 3
2868 1
2869 1
2870 2
2871 2
2872 4
2873 2
2876 2
2877 2
2878 1
2880 8
2881 1
2883 1
2884 2
2885 2
2886 3
2888 1
2889 3
2890 4
2892 4
2893 1
2894 1
2895 3
2896 5
2897 3
2898 3
2899 1
2900 3
2901 1
2902 1
2903 4
2904 3
2905 1
2906 1
2907 3
2908 5
2909 3
2911 1
2913 3
2914 2
2916 2
2917 1
2918 4
2919 1
2920 1
2922 1
2923 4
2924 6
2925 2
2927 5
2928 3
2929 2
2930 6
2931 2
2935 3
2936 1
2937 3
2938 4
2939 2
2941 3
2942 1
2943 3
2944 3
2945 3
2946 2
2948 2
2950 3
2951 3
2953 1
2955 1
2956 1
2957 2
2958 3
2959 2
2961 3
2962 1
2963 3
2964 1
2965 3
2966 4
2967 3
2968 5
2969 1
2970 4
2971 1
2974 3
2975 6
2976 1
2977 1
2978 4
2979 2
2980 2
2981 2
2983 1
2984 3
2985 5
2986 2
2988 1
2989 1
2991 4
2992 1
2993 1
2994 2
2996 2
2997 2
2998 3
2999 2
3000 2
3001 1
3002 3
3003 2
3004 1
3005 4
3006 1
3008 1
3009 3
3010 1
3012 3
3013 1
3015 1
3016 2
3017 1
3018 2
3020 3
3023 2
3024 3
3025 3
3026 1
3027 2
3029 1
3030 3
3031 2
3033 3
3034 2
3035 1
3036 3
3037 1
3038 1
3040 2
3042 2
3043 3
3044 2
3045 3
3046 1
3047 2
3048 2
3049 1
3051 1
3052 4
3053 1
3054 3
3055 1
3056 1
3057 3
3058 4
3059 1
3060 2
3061 1
3063 1
3064 3
3066 3
3067 2
3068 1
3069 1
3072 1
3073 3
3074 1
3076 2
3077 2
3078 1
3079 1
3080 3
3081 4
3082 1
3083 2
3085 3
3086 2
3087 3
3089 1
3091 1
3092 3
3093 1
3094 3
3095 1
3098 1
3099 3
3102 1
3103 3
3104 1
3105 5
3106 2
3107 2
3109 1
3112 2
3113 1
3114 1
3116 1
3118 1
3119 1
3121 1
3122 1
3123 3
3124 2
3125 1
3126 1
3127 1
3128 5
3129 1
3132 2
3133 1
3136 1
3137 4
3139 2
3140 3
3141 5
3142 1
3143 1
3144 4
3145 1
3147 1
3148 1
3149 1
3150 2
3151 1
3152 1
3153 4
3154 5
3156 2
3157 1
3158 1
3159 1
3160 7
3161 1
3162 1
3165 1
3167 1
3168 1
3170 5
3171 2
3174 1
3175 2
3176 1
3177 1
3178 2
3179 2
3180 3
3181 2
3182 4
3183 1
3184 2
3185 3
3186 1
3187 1
3188 2
3189 4
3190 2
3191 2
3192 3
3193 1
3194 1
3196 2
3197 1
3198 2
3199 2
3200 1
3201 2
3204 3
3205 3
3207 3
3208 1
3209 4
3210 1
3211 1
3212 2
3213 4
3214 1
3215 2
3217 1
3219 1
3223 3
3226 1
3227 1
3228 2
3230 2
3231 2
3233 1
3234 1
3237 3
3239 2
3240 3
3241 2
3242 1
3243 2
3244 3
3246 1
3248 2
3249 2
3252 3
3253 3
3254 3
3256 1
3257 3
3258 1
3261 2
3263 1
3264 2
3265 1
3266 2
3267 2
3268 2
3270 2
3271 3
3273 1
3274 2
3275 2
3276 2
3277 2
3278 2
3279 2
3280 2
3281 2
3283 1
3285 3
3286 2
3287 2
3288 4
3289 4
3290 2
3292 2
3293 2
3294 1
3295 2
3296 2
3297 1
3298 1
3299 1
3300 1
3301 5
3302 1
3305 1
3306 1
3307 1
3309 3
3310 1
3311 2
3312 1
3313 1
3314 2
3315 3
3317 3
3318 1
3319 3
3320 1
3321 1
3324 1
3325 1
3326 1
3327 2
3328 1
3329 2
3330 2
3333 1
3334 3
3335 1
3336 2
3337 4
3341 2
3342 2
3343 3
3344 2
3346 2
3347 1
3348 3
3352 1
3353 1
3354 2
3355 3
3356 3
3357 2
3358 3
3359 1
3360 1
3361 2
3362 3
3363 2
3365 3
3366 1
3367 1
3368 1
3369 1
3370 3
3371 1
3372 2
3373 4
3374 1
3375 1
3376 1
3377 1
3378 1
3379 1
3380 1
3381 2
3382 1
3384 1
3385 3
3387 2
3389 3
3390 4
3391 2
3392 1
3393 1
3394 5
3395 1
3396 1
3399 2
3400 1
3402 3
3403 1
3404 1
3405 2
3406 1
3407 2
3408 2
3409 2
3410 2
3412 2
3413 4
3414 3
3416 2
3419 1
3420 2
3421 3
3422 1
3424 1
3425 1
3426 1
3427 1
3428 2
3431 2
3433 1
3434 2
3435 2
3436 1
3438 1
3439 1
3441 1
3442 1
3443 3
3444 1
3445 2
3446 1
3447 1
3448 2
3449 1
3450 1
3451 2
3452 1
3453 1
3454 3
3455 1
3456 1
3457 3
3458 4
3459 1
3460 2
3461 1
3463 1
3464 2
3465 1
3466 3
3467 2
3469 4
3471 1
3472 2
3473 2
3474 4
3475 1
3476 4
3478 2
3479 1
3480 2
3481 1
3482 3
3483 2
3484 1
3486 1
3487 4
3489 1
3490 1
3491 2
3493 2
3494 3
3495 2
3496 3
3497 3
3498 3
3500 2
3501 1
3502 1
3503 1
3505 2
3508 4
3510 1
3511 2
3513 1
3516 4
3520 1
3521 2
3523 2
3524 1
3525 1
3526 4
3527 4
3528 2
3529 1
3530 1
3531 2
3532 2
3533 1
3534 2
3535 1
3536 1
3537 2
3539 1
3540 3
3541 2
3543 1
3545 2
3546 1
3547 2
3549 2
3550 1
3551 2
3553 2
3554 2
3555 1
3556 2
3558 2
3560 2
3566 1
3569 3
3570 3
3571 2
3573 1
3574 2
3575 1
3576 4
3578 2
3580 1
3581 2
3583 3
3584 2
3585 1
3586 2
3587 3
3588 1
3590 1
3591 2
3592 2
3593 1
3595 1
3596 1
3600 3
3601 1
3602 1
3603 1
3604 1
3605 2
3606 3
3607 2
3608 2
3609 2
3612 2
3613 2
3616 3
3617 1
3619 1
3621 1
3624 4
3625 1
3627 2
3628 2
3631 2
3632 2
3633 2
3634 1
3635 1
3637 3
3638 2
3639 2
3642 3
3643 1
3644 3
3645 1
3646 2
3647 1
3648 1
3650 2
3651 3
3653 6
3654 2
3656 4
3657 1
3658 1
3660 5
3661 1
3662 1
3663 1
3664 4
3665 2
3666 2
3667 1
3670 1
3671 1
3672 3
3673 1
3676 1
3678 1
3679 3
3680 2
3681 1
3682 2
3686 2
3688 3
3689 3
3691 1
3692 1
3693 4
3695 2
3696 2
3697 2
3698 2
3701 2
3702 3
3703 2
3705 1
3706 2
3707 2
3708 2
3709 1
3710 2
3712 2
3713 2
3716 2
3717 1
3718 1
3720 1
3721 1
3722 2
3725 1
3726 1
3728 2
3729 2
3730 1
3731 1
3733 1
3735 1
3739 2
3740 2
3742 3
3743 2
3744 1
3746 2
3747 2
3749 4
3750 1
3751 2
3755 1
3756 2
3757 1
3758 1
3759 3
3760 2
3763 2
3764 2
3765 2
3766 3
3767 1
3768 2
3769 1
3770 2
3771 1
3773 2
3774 1
3776 1
3777 1
3778 1
3779 1
3780 2
3781 1
3782 2
3783 2
3784 1
3786 2
3787 2
3788 1
3791 2
3792 1
3793 1
3794 1
3795 1
3796 1
3797 2
3798 3
3799 3
3800 4
3801 1
3802 3
3803 3
3804 1
3805 1
3806 1
3808 1
3809 3
3811 1
3812 2
3813 2
3814 2
3815 2
3816 2
3821 1
3822 1
3825 2
3826 3
3827 1
3828 1
3831 2
3832 2
3833 3
3834 1
3835 3
3837 1
3838 1
3841 1
3842 3
3845 3
3846 2
3847 1
3848 2
3849 1
3851 2
3852 4
3853 1
3854 1
3855 2
3857 1
3858 3
3859 2
3860 1
3861 1
3864 4
3869 1
3870 2
3871 1
3872 2
3873 1
3874 2
3875 2
3876 1
3877 1
3878 3
3879 2
3880 1
3882 1
3883 1
3885 3
3886 4
3887 2
3888 1
3890 2
3891 1
3892 2
3893 1
3894 1
3896 6
3899 3
3903 1
3904 1
3906 2
3907 1
3908 1
3911 4
3913 3
3914 1
3915 2
3917 2
3919 2
3923 4
3925 2
3926 2
3927 1
3929 1
3930 1
3931 1
3932 2
3933 1
3934 2
3935 3
3936 3
3937 1
3938 3
3939 2
3940 2
3943 2
3946 1
3947 3
3948 1
3950 2
3951 1
3952 1
3954 1
3956 1
3957 1
3958 2
3959 1
3960 3
3965 2
3966 1
3967 2
3969 4
3970 1
3971 2
3972 1
3974 1
3976 2
3977 2
3979 5
3980 1
3982 2
3983 1
3984 1
3985 1
3986 1
3988 2
3990 2
3993 2
3994 1
3995 4
3996 2
3997 2
3998 2
3999 2
4002 1
4003 4
4006 2
4007 4
4008 2
4010 1
4012 3
4013 1
4014 1
4015 4
4016 1
4020 1
4021 1
4022 2
4023 1
4027 1
4030 1
4031 2
4033 2
4036 3
4037 1
4038 2
4041 2
4043 1
4045 1
4046 1
4047 1
4051 1
4052 1
4055 1
4056 3
4057 1
4058 2
4059 1
4061 1
4062 3
4065 1
4068 1
4070 2
4072 1
4074 1
4075 2
4077 1
4079 3
4080 1
4082 1
4084 1
4085 2
4087 4
4090 1
4094 1
4095 1
4097 2
4098 1
4099 1
4100 1
4101 4
4102 1
4103 2
4105 3
4106 3
4108 1
4109 2
4110 3
4114 1
4116 1
4117 1
4118 1
4121 1
4122 1
4124 1
4125 1
4127 2
4128 1
4130 1
4132 1
4133 1
4134 2
4135 1
4136 1
4137 2
4138 1
4143 4
4144 1
4145 1
4149 2
4150 1
4154 1
4156 1
4157 1
4159 2
4160 1
4167 1
4169 1
4172 2
4173 1
4174 2
4176 2
4177 1
4178 1
4182 1
4183 1
4184 1
4185 1
4186 3
4188 2
4191 2
4192 1
4194 2
4195 2
4197 1
4198 1
4199 1
4200 1
4201 1
4202 2
4203 2
4206 2
4207 2
4209 2
4211 1
4212 1
4213 1
4214 1
4215 1
4216 1
4217 1
4219 2
4220 1
4221 1
4224 1
4225 1
4226 1
4227 2
4228 1
4230 1
4232 2
4233 2
4235 2
4236 1
4237 1
4238 1
4239 5
4241 1
4242 1
4244 3
4248 1
4249 1
4250 1
4251 2
4252 2
4254 1
4256 2
4257 1
4258 1
4259 1
4262 1
4263 1
4264 2
4265 1
4266 2
4267 1
4269 1
4270 1
4271 1
4272 1
4273 1
4274 2
4275 1
4277 1
4278 2
4279 1
4281 1
4282 2
4283 2
4286 1
4290 1
4292 1
4297 1
4299 2
4302 1
4303 3
4304 1
4306 3
4311 1
4312 3
4313 2
4314 1
4315 1
4317 2
4318 2
4320 1
4323 1
4324 4
4325 1
4327 1
4329 1
4330 1
4332 1
4333 2
4334 1
4335 1
4338 2
4339 1
4340 1
4341 3
4342 1
4344 1
4347 1
4348 2
4349 1
4350 2
4351 1
4354 2
4356 1
4358 1
4359 1
4361 1
4363 2
4369 1
4370 1
4371 1
4372 2
4373 1
4374 1
4377 1
4379 3
4382 1
4383 1
4384 3
4385 3
4386 2
4387 1
4390 1
4393 1
4395 3
4396 1
4400 1
4401 2
4403 1
4404 2
4405 1
4406 1
4407 1
4409 2
4410 1
4411 1
4412 1
4414 2
4415 2
4416 2
4419 2
4421 1
4422 2
4424 3
4425 1
4429 1
4430 1
4431 3
4432 2
4433 1
4435 1
4438 2
4439 1
4442 1
4445 3
4448 1
4450 1
4453 2
4454 1
4455 1
4457 1
4458 1
4459 2
4460 2
4461 1
4462 1
4464 1
4465 1
4471 1
4473 1
4474 1
4475 2
4478 1
4479 2
4480 3
4481 4
4483 2
4484 1
4485 2
4487 1
4489 1
4491 2
4492 1
4495 5
4496 1
4497 1
4498 1
4499 2
4500 1
4501 1
4505 1
4506 2
4508 1
4510 1
4513 1
4514 1
4516 1
4517 2
4518 4
4519 1
4520 1
4521 1
4522 1
4523 2
4524 1
4526 1
4527 1
4531 3
4533 1
4535 1
4537 2
4538 1
4540 1
4541 2
4543 1
4545 2
4549 1
4550 1
4553 1
4556 3
4560 2
4563 2
4565 2
4567 3
4568 1
4570 1
4574 2
4575 2
4577 1
4578 2
4579 1
4580 1
4581 1
4583 1
4584 2
4585 2
4586 2
4588 1
4590 1
4591 1
4594 1
4597 1
4600 1
4601 1
4602 1
4604 1
4607 1
4609 1
4610 1
4611 2
4613 1
4614 1
4617 1
4622 2
4623 1
4628 1
4631 1
4633 2
4634 2
4640 2
4641 2
4643 2
4644 2
4645 2
4646 2
4649 1
4651 2
4653 1
4656 2
4657 3
4660 2
4666 1
4670 1
4672 2
4674 2
4675 1
4676 1
4678 1
4679 1
4680 1
4685 2
4686 1
4687 1
4688 3
4690 1
4691 1
4692 1
4696 1
4698 1
4699 2
4700 1
4702 1
4703 1
4704 2
4705 1
4708 1
4709 1
4710 2
4718 2
4719 3
4721 2
4722 1
4723 1
4725 1
4726 1
4727 2
4730 1
4731 1
4732 1
4733 1
4734 2
4737 1
4738 1
4739 2
4740 1
4743 2
4744 1
4749 1
4750 1
4753 1
4754 1
4757 1
4761 1
4763 2
4766 2
4768 1
4770 1
4771 1
4772 1
4775 1
4776 1
4777 1
4779 1
4784 2
4785 1
4786 1
4788 1
4789 2
4793 1
4794 2
4795 4
4796 1
4797 2
4799 1
4800 2
4803 1
4804 1
4805 2
4810 1
4811 2
4813 1
4814 1
4816 1
4818 1
4821 3
4825 2
4826 1
4827 1
4828 1
4829 2
4830 1
4831 2
4832 2
4833 1
4836 1
4839 3
4840 1
4841 2
4842 2
4844 1
4846 1
4847 1
4854 1
4861 1
4862 1
4863 1
4866 1
4867 1
4870 1
4872 1
4873 2
4874 3
4878 2
4880 2
4884 1
4885 2
4886 1
4887 2
4889 1
4890 2
4892 1
4894 2
4895 1
4897 1
4899 2
4900 1
4902 1
4904 1
4906 1
4909 1
4910 1
4911 1
4912 1
4918 1
4921 1
4922 2
4926 1
4927 3
4929 1
4930 1
4931 1
4933 3
4934 1
4935 1
4937 1
4943 1
4944 1
4946 2
4947 1
4949 1
4951 1
4952 1
4954 1
4955 1
4957 1
4958 2
4960 1
4963 2
4964 2
4965 1
4966 2
4967 2
4968 1
4970 3
4971 1
4975 1
4978 1
4980 1
4983 2
4985 2
4988 2
4991 1
4992 1
4995 1
4999 1
5002 1
5003 2
5004 2
5006 1
5007 2
5011 1
5015 1
5016 1
5017 1
5018 3
5021 1
5023 2
5025 1
5026 1
5027 1
5028 3
5029 1
5030 1
5035 1
5036 1
5038 1
5039 1
5040 1
5042 1
5044 2
5046 1
5047 1
5052 4
5055 1
5056 1
5057 1
5058 1
5060 1
5062 1
5063 3
5067 1
5068 1
5070 1
5075 1
5077 2
5080 1
5083 1
5084 1
5088 1
5093 1
5094 1
5097 1
5099 1
5102 3
5103 1
5104 2
5106 2
5107 2
5108 1
5109 1
5110 1
5113 2
5114 1
5115 2
5117 1
5122 1
5123 1
5125 2
5127 2
5128 1
5129 1
5130 1
5131 1
5133 2
5135 1
5137 1
5138 1
5139 1
5141 3
5142 1
5143 1
5144 1
5145 1
5148 1
5151 1
5152 2
5153 1
5155 1
5157 1
5158 1
5159 2
5162 1
5166 2
5167 2
5168 1
5171 2
5173 1
5175 3
5176 1
5178 1
5180 1
5181 1
5183 1
5185 4
5190 1
5191 1
5193 1
5196 1
5197 1
5202 2
5203 1
5206 1
5207 2
5208 2
5210 1
5212 1
5214 1
5216 1
5218 3
5219 1
5220 1
5221 1
5223 2
5226 1
5229 1
5231 1
5232 3
5234 1
5237 2
5241 2
5247 2
5259 1
5260 2
5261 1
5262 3
5264 2
5265 1
5268 1
5269 1
5270 1
5273 1
5278 1
5279 1
5280 3
5283 1
5284 1
5288 1
5291 1
5292 1
5294 2
5296 2
5297 1
5299 1
5302 1
5306 1
5310 2
5312 1
5314 1
5316 1
5317 2
5319 2
5323 1
5325 1
5327 1
5328 3
5330 1
5334 1
5335 2
5337 1
5338 1
5339 3
5340 2
5341 1
5344 1
5347 1
5348 1
5350 1
5351 2
5354 2
5357 3
5358 1
5363 1
5366 1
5367 1
5368 2
5370 1
5371 1
5373 2
5374 1
5376 3
5378 1
5379 1
5380 1
5383 1
5387 1
5392 1
5394 1
5396 1
5398 1
5400 4
5401 1
5402 2
5404 1
5405 1
5406 1
5407 1
5408 1
5409 3
5410 1
5412 1
5415 1
5416 1
5417 1
5419 1
5421 1
5422 1
5424 2
5426 2
5427 2
5428 1
5429 1
5430 1
5431 1
5432 1
5433 3
5434 3
5436 1
5437 1
5439 1
5441 1
5443 2
5444 2
5445 1
5447 1
5448 1
5451 1
5452 1
5455 1
5457 1
5458 2
5459 1
5461 1
5464 2
5465 2
5467 1
5468 1
5469 1
5470 1
5471 1
5478 1
5479 1
5482 1
5483 1
5486 1
5489 1
5490 3
5491 3
5495 1
5497 1
5501 1
5503 1
5506 2
5511 1
5512 1
5513 3
5514 1
5516 2
5519 1
5522 2
5524 2
5527 1
5528 1
5529 1
5532 1
5535 1
5539 1
5543 2
5544 1
5545 1
5548 1
5549 1
5551 2
5553 1
5555 1
5558 1
5561 1
5564 1
5565 2
5568 1
5571 1
5575 1
5576 1
5580 1
5583 2
5586 2
5588 1
5589 1
5590 1
5601 2
5602 2
5605 1
5607 1
5609 1
5614 3
5620 2
5621 1
5624 1
5626 1
5627 1
5628 2
5630 1
5631 1
5648 1
5655 1
5658 4
5662 1
5664 2
5665 2
5666 2
5667 1
5671 1
5672 1
5673 1
5675 5
5676 1
5677 1
5678 1
5681 2
5690 3
5693 2
5697 1
5698 2
5699 1
5700 1
5703 2
5704 1
5706 2
5707 1
5708 1
5710 1
5711 2
5713 2
5714 1
5715 2
5720 2
5722 2
5724 1
5725 1
5727 2
5728 1
5731 1
5732 1
5733 2
5734 1
5739 1
5742 1
5743 1
5747 1
5751 1
5752 2
5754 1
5759 1
5761 1
5764 1
5767 1
5769 3
5774 1
5775 1
5779 1
5781 1
5782 1
5788 1
5789 1
5793 1
5794 1
5797 1
5799 1
5802 2
5805 1
5807 1
5809 1
5811 1
5813 1
5816 1
5817 1
5821 1
5824 1
5826 1
5828 1
5829 1
5831 1
5834 1
5836 1
5839 1
5840 1
5843 2
5845 1
5846 1
5847 1
5848 1
5850 3
5851 1
5852 1
5858 3
5859 1
5860 1
5861 1
5864 2
5866 2
5867 2
5871 1
5876 1
5877 2
5878 1
5883 2
5884 1
5885 1
5886 2
5887 1
5890 1
5893 1
5896 1
5898 1
5906 1
5909 1
5910 1
5915 1
5916 1
5917 1
5918 1
5920 1
5925 1
5926 1
5931 2
5935 1
5941 1
5942 2
5944 2
5945 1
5946 1
5947 2
5949 1
5951 1
5953 1
5955 2
5961 1
5966 1
5968 3
5974 2
5976 1
5977 1
5979 3
5982 1
5987 1
5992 1
5993 1
5994 1
5995 1
5997 2
5999 1
6000 1
6003 1
6006 2
6009 1
6012 1
6013 1
6015 1
6017 1
6018 2
6025 1
6028 2
6035 1
6037 1
6040 1
6041 1
6043 1
6044 1
6046 1
6051 1
6052 2
6059 1
6060 2
6062 1
6064 1
6065 2
6066 1
6069 1
6072 1
6077 1
6079 1
6086 1
6089 1
6095 1
6097 1
6099 1
6102 1
6108 1
6110 1
6111 1
6113 1
6114 1
6126 1
6129 1
6132 1
6137 2
6144 2
6145 3
6148 1
6155 1
6156 2
6157 1
6158 1
6160 2
6162 1
6173 2
6175 1
6179 1
6181 1
6183 1
6184 1
6185 2
6188 1
6190 1
6191 1
6192 1
6194 1
6195 2
6197 1
6198 1
6199 2
6201 1
6205 1
6206 1
6207 1
6209 1
6217 1
6221 1
6223 2
6225 1
6226 1
6231 1
6240 1
6241 1
6242 1
6245 2
6247 1
6250 1
6258 2
6261 1
6262 1
6263 1
6267 1
6270 2
6272 1
6273 1
6276 1
6279 1
6280 1
6281 1
6282 1
6284 1
6285 1
6290 1
6291 1
6297 1
6298 1
6300 1
6303 1
6306 1
6308 1
6312 1
6319 1
6321 1
6323 2
6324 1
6327 1
6330 1
6332 2
6335 1
6339 1
6342 1
6344 2
6346 1
6349 1
6350 1
6357 2
6358 1
6362 1
6366 1
6368 1
6371 1
6376 1
6377 1
6380 1
6382 1
6383 1
6385 1
6386 1
6389 1
6390 1
6396 1
6399 1
6400 1
6402 2
6403 1
6406 3
6407 2
6408 1
6415 1
6416 1
6420 1
6426 1
6428 1
6430 1
6431 2
6433 1
6434 1
6437 1
6439 1
6441 1
6443 1
6445 1
6447 2
6448 2
6452 1
6453 1
6454 1
6457 1
6459 2
6464 2
6466 3
6467 1
6471 1
6473 2
6474 2
6476 1
6481 1
6484 1
6485 1
6488 1
6490 1
6493 1
6494 1
6495 2
6496 1
6500 1
6501 1
6502 1
6504 1
6509 1
6511 1
6512 1
6513 2
6515 1
6516 1
6520 1
6522 1
6523 2
6525 1
6527 2
6530 1
6532 1
6533 1
6537 1
6540 1
6543 1
6546 1
6550 1
6554 1
6558 1
6559 1
6560 1
6561 1
6562 1
6563 1
6564 1
6565 2
6570 2
6574 1
6576 1
6577 1
6582 1
6583 1
6584 1
6588 2
6589 1
6596 2
6599 1
6607 2
6611 2
6612 2
6613 2
6615 1
6616 1
6623 1
6637 1
6639 1
6640 1
6642 4
6643 1
6645 2
6649 1
6651 1
6657 1
6659 1
6663 1
6664 1
6667 3
6668 1
6670 1
6671 2
6674 1
6675 2
6678 1
6679 1
6681 1
6684 1
6689 1
6691 2
6698 2
6699 1
6700 1
6702 1
6703 1
6704 1
6710 1
6711 2
6717 1
6718 2
6720 1
6721 1
6726 1
6731 1
6732 1
6734 1
6735 1
6736 1
6743 1
6745 1
6751 1
6752 1
6753 1
6766 1
6770 1
6773 1
6784 1
6785 1
6791 1
6792 1
6795 2
6799 1
6800 2
6801 1
6802 1
6813 1
6820 1
6822 1
6824 1
6830 2
6833 1
6834 1
6837 1
6842 2
6847 1
6850 1
6851 1
6854 1
6855 1
6865 2
6866 1
6869 1
6870 2
6883 1
6884 1
6885 2
6887 1
6900 1
6904 3
6905 1
6907 1
6908 1
6913 1
6914 1
6922 1
6928 1
6931 1
6932 1
6935 2
6941 1
6944 1
6947 1
6950 1
6955 2
6957 1
6959 1
6963 1
6965 1
6966 1
6967 1
6968 1
6972 2
6975 1
6979 2
6988 1
6989 1
6990 2
6991 1
6993 2
6999 1
7002 1
7004 1
7009 1
7011 1
7015 1
7020 2
7023 1
7025 1
7026 1
7027 1
7033 1
7034 1
7036 1
7040 1
7041 1
7045 1
7047 1
7049 1
7052 1
7054 1
7056 1
7061 2
7063 1
7069 1
7071 1
7074 1
7076 1
7079 1
7081 1
7083 1
7087 1
7091 2
7097 1
7098 1
7099 1
7106 1
7107 1
7112 1
7117 1
7118 1
7120 1
7123 1
7129 1
7130 1
7132 1
7134 1
7137 1
7141 1
7143 1
7147 2
7149 1
7157 1
7160 1
7165 1
7175 2
7177 1
7178 1
7179 1
7184 1
7185 1
7186 1
7191 1
7194 1
7198 2
7199 1
7203 2
7208 2
7211 1
7216 1
7218 1
7219 1
7222 1
7224 1
7225 2
7237 1
7238 1
7240 1
7241 1
7245 1
7251 1
7254 1
7257 1
7261 1
7266 1
7267 2
7272 1
7277 2
7278 1
7281 1
7282 1
7286 1
7296 1
7299 1
7302 1
7304 1
7307 1
7309 1
7314 1
7315 2
7318 1
7332 1
7333 1
7343 1
7344 1
7346 1
7347 1
7348 1
7355 1
7364 1
7371 1
7375 1
7379 1
7385 1
7392 1
7393 1
7395 2
7403 1
7404 1
7409 1
7412 1
7421 1
7423 1
7425 2
7428 2
7433 1
7446 1
7455 1
7459 1
7462 1
7463 1
7464 2
7468 1
7472 1
7477 2
7479 1
7481 1
7483 1
7485 1
7486 1
7490 1
7492 2
7495 1
7497 1
7500 1
7503 1
7506 1
7507 2
7509 1
7512 1
7514 1
7515 1
7516 1
7519 1
7524 2
7525 1
7527 1
7531 1
7537 1
7541 1
7543 1
7544 1
7545 1
7551 1
7554 1
7559 1
7560 1
7563 1
7568 1
7569 1
7572 1
7574 2
7575 1
7576 1
7579 1
7587 1
7591 1
7593 1
7599 1
7602 1
7606 1
7610 1
7616 1
7618 2
7620 2
7625 1
7629 1
7636 1
7639 1
7646 1
7648 1
7650 1
7657 1
7665 2
7671 3
7673 1
7679 1
7682 1
7685 1
7686 1
7689 1
7691 1
7694 1
7697 1
7700 1
7703 1
7705 1
7706 1
7707 1
7708 1
7717 1
7718 2
7719 1
7720 1
7727 1
7735 1
7740 1
7742 1
7746 1
7751 1
7755 1
7757 1
7768 1
7769 1
7770 1
7776 1
7777 1
7782 1
7786 1
7789 1
7790 1
7791 1
7793 1
7795 1
7796 1
7801 1
7802 2
7803 1
7804 1
7806 1
7807 1
7809 1
7820 1
7826 1
7836 1
7851 1
7854 1
7857 1
7859 1
7864 1
7865 2
7870 1
7875 2
7878 1
7883 1
7887 1
7888 1
7889 1
7890 1
7891 1
7893 1
7894 1
7895 1
7897 1
7903 1
7908 2
7910 1
7911 1
7914 1
7918 1
7921 2
7923 1
7924 1
7925 1
7928 1
7940 1
7941 1
7942 1
7952 1
7953 1
7955 1
7956 1
7957 1
7962 1
7964 1
7968 1
7971 2
7972 1
7980 1
7984 1
7987 3
7990 1
7995 1
7996 1
8001 1
8002 1
8004 1
8008 1
8009 2
8012 1
8018 1
8019 1
8025 1
8031 2
8032 1
8033 1
8037 1
8038 1
8039 1
8044 1
8046 1
8048 1
8057 2
8059 1
8063 1
8064 1
8066 1
8069 1
8073 1
8077 2
8079 1
8085 1
8086 1
8087 1
8096 1
8097 1
8098 1
8103 1
8104 2
8108 1
8109 1
8120 1
8123 1
8128 1
8129 1
8130 2
8132 1
8134 1
8137 2
8140 2
8144 1
8149 1
8151 1
8156 1
8157 1
8159 1
8163 2
8166 1
8167 1
8172 2
8179 1
8180 1
8182 1
8184 1
8201 1
8203 1
8204 1
8209 3
8213 1
8218 2
8221 1
8224 1
8226 1
8228 1
8229 1
8231 1
8233 1
8234 1
8235 2
8236 1
8241 1
8242 2
8244 2
8245 1
8248 1
8249 1
8250 1
8254 1
8258 1
8264 1
8266 1
8273 1
8277 1
8280 2
8282 2
8290 1
8295 1
8305 1
8310 3
8311 1
8319 1
8322 1
8331 1
8340 1
8342 1
8345 1
8346 1
8353 1
8356 1
8357 1
8361 2
8363 1
8365 1
8380 1
8397 1
8405 1
8406 1
8408 1
8412 1
8417 1
8419 1
8421 1
8426 1
8432 1
8437 1
8438 1
8444 1
8447 1
8454 1
8460 1
8474 1
8475 1
8477 1
8479 1
8486 1
8487 1
8490 1
8491 1
8494 1
8503 1
8506 1
8514 1
8533 1
8539 1
8544 1
8546 1
8549 1
8552 1
8563 1
8564 1
8566 1
8567 1
8571 2
8576 1
8579 1
8582 1
8591 1
8593 1
8597 1
8601 1
8613 1
8614 1
8617 1
8620 1
8629 1
8640 1
8648 1
8649 1
8653 1
8661 1
8662 1
8667 1
8668 1
8678 1
8680 1
8689 1
8692 1
8700 1
8701 1
8714 1
8723 1
8728 1
8730 1
8738 1
8747 1
8755 1
8768 1
8769 1
8791 1
8796 1
8800 2
8811 1
8821 1
8824 1
8845 1
8862 1
8865 1
8882 1
8888 1
8891 1
8903 1
8905 1
8909 1
8910 1
8913 1
8921 1
8937 1
8939 1
8948 1
8949 1
8958 1
8960 1
8966 1
8967 1
8971 1
8974 1
8976 1
8978 1
8979 1
8981 2
8999 1
9005 1
9014 1
9019 1
9025 1
9031 1
9036 1
9040 1
9046 1
9053 1
9055 1
9062 1
9070 1
9072 1
9091 1
9092 1
9093 1
9103 2
9104 3
9112 1
9115 1
9128 1
9154 1
9159 1
9163 2
9164 1
9170 1
9175 1
9189 2
9217 1
9223 1
9229 1
9234 2
9235 2
9239 1
9241 1
9249 1
9250 1
9253 2
9256 2
9257 1
9260 1
9267 1
9270 3
9277 1
9280 1
9289 1
9291 1
9293 1
9297 1
9306 1
9311 1
9328 1
9330 1
9334 1
9336 1
9339 1
9340 1
9345 1
9351 3
9352 1
9354 2
9367 1
9371 1
9376 1
9384 1
9385 1
9398 2
9403 1
9406 1
9408 1
9410 1
9412 1
9417 1
9419 2
9425 1
9430 1
9436 1
9448 1
9451 1
9458 1
9460 1
9463 1
9464 1
9467 1
9475 1
9482 1
9488 1
9489 1
9491 1
9494 1
9496 1
9500 1
9507 1
9510 1
9521 2
9531 1
9544 1
9552 1
9555 1
9556 2
9568 1
9579 1
9594 1
9602 2
9611 1
9616 1
9622 1
9626 1
9631 1
9645 1
9647 1
9652 2
9659 1
9670 2
9677 1
9682 1
9685 1
9704 1
9708 1
9709 1
9714 3
9720 1
9731 1
9732 1
9743 1
9749 1
9750 1
9754 1
9756 1
9760 1
9761 1
9764 1
9766 1
9767 1
9770 1
9783 2
9790 1
9791 1
9802 1
9803 2
9804 1
9805 1
9806 1
9810 1
9814 1
9826 1
9829 1
9836 1
9838 1
9841 1
9847 1
9848 1
9851 1
9866 1
9868 1
9896 1
9898 1
9911 1
9915 1
9925 2
9926 1
9928 1
9956 1
9962 1
9980 1
9981 1
9985 1
9988 1
9991 1
9993 1
10007 2
10010 1
10012 1
10019 1
10026 1
10027 1
10030 1
10045 1
10054 1
10067 1
10070 3
10073 1
10074 1
10078 1
10083 1
10085 1
10086 1
10092 1
10096 1
10103 1
10108 1
10128 1
10134 1
10138 1
10140 1
10144 1
10175 1
10178 1
10190 1
10194 1
10214 1
10219 1
10225 1
10234 1
10242 1
10252 1
10261 1
10276 1
10279 1
10285 1
10290 1
10291 1
10321 1
10333 1
10347 1
10348 1
10361 1
10363 1
10365 1
10368 2
10375 1
10405 1
10412 1
10426 1
10435 1
10436 1
10441 1
10445 1
10446 1
10454 1
10456 1
10459 1
10483 1
10493 1
10495 1
10504 1
10521 1
10541 1
10547 1
10549 1
10584 1
10598 1
10605 1
10617 1
10629 1
10637 1
10640 3
10641 1
10645 1
10651 1
10657 1
10714 1
10717 1
10724 1
10745 1
10748 1
10755 2
10781 1
10792 1
10797 1
10803 1
10804 1
10805 2
10820 1
10823 1
10825 1
10850 1
10852 1
10854 1
10855 1
10861 1
10863 1
10864 1
10867 1
10880 1
10881 1
10887 2
10896 1
10903 1
10915 1
10921 1
10933 1
10937 1
10938 1
10950 2
10959 2
10967 1
10973 1
10985 1
10989 1
10993 1
10998 1
11002 1
11008 1
11015 1
11022 1
11027 2
11032 1
11043 1
11058 1
11075 1
11089 1
11104 1
11105 2
11121 1
11124 1
11125 1
11126 1
11139 1
11140 1
11151 1
11156 1
11159 1
11160 1
11172 1
11182 2
11183 1
11191 1
11193 1
11195 1
11223 1
11232 1
11234 1
11237 1
11239 1
11247 1
11251 1
11252 1
11261 1
11264 1
11266 1
11270 1
11281 1
11285 1
11299 1
11306 1
11313 1
11314 1
11315 1
11328 1
11329 1
11354 1
11356 1
11360 1
11377 2
11379 1
11380 1
11385 1
11408 1
11421 2
11440 1
11448 1
11461 1
11462 1
11472 1
11474 1
11480 1
11483 1
11492 2
11493 1
11524 1
11529 1
11533 1
11536 1
11537 1
11561 1
11563 1
11568 1
11571 1
11572 1
11574 1
11577 1
11586 1
11594 1
11620 1
11622 1
11623 1
11636 1
11660 1
11677 2
11683 1
11690 1
11697 1
11703 1
11720 1
11739 1
11778 1
11801 1
11802 1
11809 1
11811 1
11815 1
11817 1
11849 1
11858 1
11877 1
11880 1
11886 1
11887 1
11896 1
11902 2
11932 1
11935 1
11960 1
11971 1
11975 1
11987 1
11995 1
11996 1
12004 1
12007 1
12008 1
12009 1
12034 1
12035 1
12038 1
12039 1
12057 1
12065 1
12070 1
12072 1
12077 1
12085 1
12097 1
12098 1
12106 1
12147 1
12149 1
12150 1
12153 1
12154 1
12167 1
12170 1
12175 1
12186 1
12187 1
12208 1
12210 1
12212 1
12228 1
12230 3
12252 1
12266 1
12268 1
12283 1
12291 1
12318 1
12325 1
12328 1
12329 1
12340 1
12341 1
12349 1
12351 1
12352 1
12353 1
12354 1
12362 1
12371 1
12379 1
12380 1
12382 1
12399 1
12401 1
12403 1
12410 1
12420 1
12424 1
12456 1
12462 1
12469 1
12478 1
12485 1
12486 1
12488 1
12503 1
12514 1
12521 1
12525 1
12527 1
12540 1
12543 1
12550 1
12551 1
12555 1
12557 1
12559 1
12561 1
12562 1
12568 1
12572 1
12608 1
12611 2
12622 1
12629 1
12639 2
12650 1
12654 1
12661 2
12662 1
12668 1
12676 1
12707 1
12711 1
12713 1
12718 1
12727 1
12729 1
12731 1
12734 1
12752 1
12766 1
12783 1
12786 1
12793 1
12794 1
12796 1
12800 1
12808 1
12818 1
12819 1
12822 1
12826 1
12837 1
12840 1
12842 1
12848 1
12868 1
12893 1
12937 1
12943 1
12952 1
12960 1
12961 1
12965 1
12967 1
12969 1
12973 1
12985 1
12989 1
13002 1
13009 1
13013 1
13014 1
13036 1
13075 1
13089 1
13123 1
13128 1
13133 1
13135 1
13150 1
13152 1
13153 1
13158 1
13168 1
13170 1
13172 1
13173 1
13180 1
13186 1
13192 1
13201 1
13203 1
13212 1
13213 1
13215 1
13222 1
13231 1
13252 1
13270 1
13282 1
13303 1
13321 1
13341 1
13342 1
13347 1
13350 1
13355 1
13364 1
13372 1
13380 1
13386 1
13390 1
13391 1
13393 1
13394 1
13397 1
13412 3
13424 1
13425 1
13432 1
13444 1
13458 1
13463 1
13464 2
13467 1
13481 1
13484 1
13487 1
13498 1
13503 2
13506 1
13512 1
13525 1
13526 1
13528 1
13529 1
13532 1
13546 1
13559 1
13565 1
13576 1
13580 1
13594 1
13614 1
13649 1
13676 1
13678 1
13679 1
13703 1
13710 1
13716 1
13726 1
13735 1
13740 1
13746 1
13759 1
13781 1
13785 1
13797 1
13808 1
13831 1
13847 1
13850 1
13918 1
13950 1
13960 1
13964 1
13976 1
13982 2
13992 1
13994 1
13996 1
13997 1
14004 1
14014 1
14018 1
14030 1
14068 1
14076 1
14077 1
14079 1
14085 1
14089 1
14100 1
14107 1
14120 1
14123 1
14125 1
14136 1
14142 1
14182 1
14184 1
14201 1
14202 1
14234 1
14284 1
14289 1
14290 2
14291 1
14298 1
14322 1
14325 1
14339 1
14346 1
14376 1
14378 1
14385 2
14391 1
14401 1
14413 1
14429 2
14459 1
14466 1
14467 1
14472 1
14487 1
14494 1
14500 1
14501 1
14502 1
14510 1
14519 1
14528 1
14541 1
14547 1
14549 1
14554 1
14600 1
14603 1
14617 1
14624 1
14637 1
14656 1
14661 1
14682 1
14695 1
14718 1
14728 1
14738 1
14746 1
14761 1
14765 1
14774 1
14794 1
14799 1
14802 2
14803 1
14810 1
14832 1
14856 1
14865 1
14883 1
14893 1
14919 1
14926 1
14937 1
14949 1
14951 1
14976 1
14984 1
14989 1
14993 1
14999 1
15037 1
15041 1
15052 1
15126 1
15151 1
15154 1
15158 1
15174 1
15182 1
15190 1
15199 1
15255 1
15258 1
15271 1
15288 1
15291 1
15312 1
15324 1
15344 1
15394 1
15405 1
15407 1
15411 1
15413 1
15425 1
15441 1
15445 1
15481 1
15484 1
15515 1
15532 1
15533 1
15534 1
15536 1
15544 1
15552 1
15566 1
15574 1
15580 1
15606 1
15611 1
15623 1
15639 1
15646 1
15648 1
15650 1
15666 1
15682 1
15685 1
15690 1
15692 1
15700 1
15709 1
15717 1
15737 1
15758 1
15769 1
15782 1
15802 1
15821 1
15866 1
15870 1
15881 1
15883 1
15890 1
15918 1
15922 1
15949 1
15968 1
15978 1
15986 1
16006 1
16011 1
16033 1
16056 1
16066 1
16073 1
16074 1
16089 1
16094 1
16110 1
16122 1
16126 2
16133 1
16146 1
16171 1
16180 1
16209 1
16219 1
16244 1
16245 1
16300 1
16312 1
16326 1
16335 1
16344 1
16347 2
16374 1
16410 1
16427 1
16460 1
16463 1
16515 1
16516 1
16520 1
16526 1
16552 1
16571 1
16589 1
16594 1
16611 1
16613 1
16647 1
16662 1
16707 1
16746 1
16748 1
16750 1
16752 1
16757 1
16759 1
16761 1
16803 1
16817 1
16826 1
16843 1
16846 1
16878 1
16909 1
16988 1
16989 1
17016 1
17025 1
17041 1
17074 1
17098 1
17102 1
17105 1
17116 1
17117 1
17119 1
17120 1
17145 1
17147 1
17148 1
17179 1
17191 1
17228 1
17233 1
17250 1
17253 1
17257 1
17259 1
17278 1
17279 1
17286 1
17309 1
17333 1
17335 1
17378 1
17380 1
17392 1
17396 1
17404 2
17449 1
17485 1
17559 1
17585 1
17588 1
17609 1
17638 1
17662 1
17692 1
17696 1
17713 1
17715 1
17724 1
17737 1
17745 1
17753 1
17763 1
17770 1
17791 1
17796 1
17812 1
17820 1
17833 1
17865 1
17877 1
17898 1
17928 1
17947 1
17986 1
18003 1
18021 1
18034 1
18061 1
18062 1
18079 1
18080 1
18087 1
18095 1
18118 2
18167 1
18189 1
18202 1
18215 1
18243 1
18252 1
18259 1
18292 1
18313 1
18320 1
18325 1
18327 1
18340 1
18358 2
18369 1
18378 1
18382 1
18390 1
18454 1
18464 1
18500 1
18532 1
18551 1
18555 1
18604 1
18605 1
18664 1
18676 1
18677 1
18680 1
18760 1
18762 1
18777 1
18792 1
18799 1
18801 1
18805 1
18821 1
18838 1
18884 1
18888 1
18974 1
18989 1
19002 1
19031 1
19074 1
19113 1
19131 2
19235 1
19252 1
19262 1
19276 2
19281 2
19293 1
19294 1
19349 1
19350 1
19351 1
19393 1
19410 1
19423 1
19431 1
19449 1
19465 1
19482 1
19499 1
19586 1
19587 1
19603 1
19617 1
19649 1
19661 1
19668 1
19696 1
19722 1
19766 1
19769 1
19772 1
19792 1
19833 2
19839 1
19842 1
19854 1
19887 1
19956 1
20002 1
20004 1
20061 1
20097 1
20119 1
20127 1
20166 1
20183 1
20205 1
20208 1
20217 1
20224 1
20244 1
20268 1
20273 1
20295 1
20328 1
20361 1
20363 1
20415 1
20474 1
20484 1
20496 1
20504 1
20534 1
20537 1
20568 1
20569 1
20664 1
20670 1
20695 1
20718 1
20721 1
20745 1
20820 1
20831 1
20857 1
20868 1
20883 1
20890 1
20917 1
20923 1
20927 1
20929 1
20947 1
20959 1
21005 1
21057 1
21069 1
21086 1
21127 1
21128 1
21182 1
21184 1
21246 1
21285 1
21298 1
21319 1
21321 1
21324 1
21376 1
21389 1
21414 1
21415 2
21458 1
21506 1
21508 1
21509 1
21511 1
21554 1
21572 1
21589 1
21618 1
21629 1
21644 1
21679 1
21685 1
21686 1
21694 1
21742 1
21746 1
21775 1
21777 1
21793 1
21798 1
21824 1
21831 1
21882 1
21883 1
21894 1
21902 1
21930 1
21933 1
21939 1
21947 1
21959 1
21960 1
21965 1
21966 1
21967 1
22000 1
22013 1
22030 1
22037 1
22048 1
22150 1
22179 1
22192 1
22194 1
22223 1
22243 1
22251 1
22271 1
22279 1
22298 1
22328 1
22329 1
22339 1
22408 1
22411 1
22415 1
22435 1
22446 1
22453 1
22471 1
22484 1
22496 1
22529 1
22535 1
22539 1
22589 1
22597 1
22620 1
22654 1
22660 1
22707 1
22728 1
22747 1
22772 1
22811 1
22837 1
22885 1
22915 1
22916 1
22920 1
22921 1
22939 1
22940 1
22943 1
22984 1
22991 1
23041 1
23042 1
23069 1
23132 1
23145 1
23190 1
23221 1
23236 1
23263 1
23330 1
23474 1
23510 1
23545 2
23615 1
23722 1
23734 1
23770 1
23772 1
23792 1
23858 1
23869 1
23878 1
23898 1
23970 1
23977 1
24062 1
24133 1
24151 1
24159 1
24180 1
24193 1
24235 1
24261 1
24269 1
24284 1
24343 1
24367 1
24424 1
24479 1
24508 1
24516 1
24553 1
24576 1
24597 1
24640 1
24669 1
24697 1
24732 1
24744 1
24799 1
24808 1
24830 1
24875 1
24959 1
25001 1
25052 1
25066 1
25092 1
25130 1
25131 1
25182 1
25205 1
25224 1
25226 1
25325 1
25334 1
25338 1
25364 1
25365 1
25382 1
25403 1
25419 1
25425 1
25436 1
25437 1
25451 1
25519 1
25523 1
25544 1
25576 1
25621 1
25637 1
25650 1
25682 1
25684 1
25685 1
25766 1
25771 1
25804 1
25820 1
25839 1
25928 1
25950 1
26039 1
26059 1
26101 1
26118 1
26193 1
26220 1
26224 1
26228 2
26232 1
26262 1
26285 1
26350 1
26388 1
26559 1
26588 1
26627 1
26628 1
26671 1
26685 1
26712 1
26840 1
26865 1
26909 1
26927 1
26938 1
26946 1
27006 1
27034 1
27060 1
27066 1
27076 1
27115 1
27142 1
27196 1
27212 1
27297 1
27361 1
27418 1
27446 1
27448 2
27556 1
27614 1
27628 1
27683 1
27772 1
27848 1
27855 1
27870 2
27913 1
27978 1
27980 1
28110 1
28142 1
28149 1
28207 1
28313 1
28354 1
28356 1
28456 1
28497 1
28645 1
28705 1
28749 1
28751 1
28767 1
28795 1
28823 1
28826 1
28865 1
28884 1
28917 1
28927 1
28936 1
28943 1
28946 1
28962 1
28969 1
28988 1
29056 1
29097 1
29138 1
29155 1
29202 1
29228 1
29249 1
29284 1
29350 1
29367 1
29458 1
29459 1
29469 1
29526 1
29542 2
29633 1
29682 1
29711 1
29722 1
29948 1
29986 1
30012 1
30026 1
30064 1
30066 1
30071 1
30091 1
30177 1
30194 1
30197 1
30206 1
30229 1
30234 1
30245 1
30253 1
30352 1
30367 1
30414 1
30452 1
30455 1
30484 1
30486 1
30490 1
30507 1
30517 1
30534 1
30536 2
30537 1
30545 1
30546 1
30558 1
30562 1
30604 1
30620 1
30624 1
30681 1
30710 1
30727 1
30798 1
30820 1
30871 1
30885 1
31090 1
31092 1
31096 1
31103 1
31108 1
31197 1
31204 1
31273 1
31329 1
31385 1
31399 1
31543 1
31547 1
31590 1
31620 1
31708 1
31725 1
31934 1
32024 1
32050 1
32103 1
32122 1
32158 1
32252 1
32308 1
32317 1
32335 1
32360 1
32387 1
32405 1
32413 1
32473 1
32517 1
32566 1
32583 1
32631 1
32672 1
32676 1
32842 1
32850 1
32885 1
32987 1
33085 1
33175 1
33203 1
33233 1
33272 1
33365 1
33419 1
33575 1
33890 1
33905 1
34008 1
34074 1
34100 1
34216 1
34241 1
34400 1
34414 1
34421 1
34506 1
34539 1
34594 1
34596 1
34650 1
34656 1
34692 1
34716 1
34733 1
34849 1
34850 1
34873 1
34880 1
34888 1
34904 1
34926 1
34963 1
34977 1
34981 1
35060 1
35100 1
35166 1
35194 1
35230 1
35311 1
35357 1
35399 1
35404 1
35515 1
36043 1
36078 1
36114 1
36315 1
36435 1
36480 1
36681 1
36728 1
36853 1
36912 1
36957 1
37186 1
37207 1
37468 1
37469 1
37595 1
37600 1
37626 1
37644 1
37653 1
37720 1
37770 1
37845 1
37941 1
37977 1
37997 1
38060 1
38102 1
38137 1
38166 1
38315 1
38405 1
38424 1
38427 1
38440 1
38453 1
38461 1
38462 1
38502 1
38639 1
38669 1
38680 1
38730 1
38743 1
38851 1
38899 1
38902 1
39013 1
39056 1
39221 1
39229 1
39294 1
39469 1
39602 1
39963 1
40001 1
40043 1
40209 1
40216 1
40269 1
40341 1
40388 1
40567 1
40640 1
40847 1
40986 1
41081 1
41135 1
41152 1
41227 1
41263 1
41303 1
41314 1
41337 1
41339 1
41350 1
41356 1
41552 1
41791 1
41813 1
41886 1
41919 1
41921 1
42007 1
42011 1
42088 1
42588 1
42691 1
42756 1
42767 1
43089 1
43194 1
43223 1
43423 1
43559 1
43567 1
43846 1
43897 1
44066 1
44164 1
44235 1
44246 1
44309 1
44441 1
44525 1
44550 1
44557 1
44593 1
44619 1
44875 1
44902 1
45037 1
45305 1
45320 1
45560 1
45595 1
45597 1
45932 1
46008 1
46057 1
46116 1
46215 1
46260 1
46431 1
46807 1
47093 1
47984 1
48031 1
48121 1
48634 1
48635 1
48758 1
48851 1
48954 1
49059 1
49065 1
49658 1
49746 1
49853 1
49864 1
50059 1
50255 1
50326 1
50753 1
50826 1
50846 1
50942 1
51065 1
51066 1
51069 1
51116 1
51173 1
51248 1
51277 1
51286 1
51349 1
51475 1
51561 1
51593 1
51644 1
51647 1
52017 1
52369 1
52558 1
52572 1
52609 1
52643 1
52668 1
52793 1
52810 1
52984 1
52992 1
53023 1
53244 1
53334 1
53582 1
53715 1
53784 1
53794 1
53853 1
53904 1
54809 1
54871 1
55366 1
55533 1
55550 1
55823 1
55898 1
56173 1
56607 1
57012 1
57265 1
57495 1
57542 1
57562 1
57688 1
57772 1
57773 1
58101 1
58296 1
58598 1
58826 1
58837 1
58975 1
59233 1
59245 1
59273 1
59651 1
59681 1
59759 1
59809 1
59821 1
59896 1
59940 1
60299 1
60535 1
60838 1
60983 1
61188 1
61291 1
61463 1
61564 1
61657 1
61687 1
61694 1
61816 1
61988 1
62125 1
62172 1
62233 1
62407 1
62437 1
62442 1
62567 1
62570 1
62635 1
62640 1
62861 1
62950 1
62977 1
63010 1
63046 1
63075 1
63077 1
63085 1
63209 1
63508 1
63514 1
63520 1
64152 1
64766 1
64825 1
64908 1
64921 1
65178 1
65187 1
65210 1
65338 1
65495 1
65542 1
65699 1
65780 1
66002 1
66022 1
66061 1
66277 1
66281 1
66415 1
66597 1
66666 1
66723 1
66787 1
66996 1
67103 1
67203 1
67266 1
67992 1
68533 1
68839 1
70107 1
70116 1
70250 1
71057 1
71262 1
71333 1
71363 1
71416 1
71576 1
71694 1
71821 1
71923 1
71935 1
71975 1
72379 1
72437 1
72753 1
73038 1
73067 1
73276 1
75070 1
75663 1
75919 1
75999 1
76044 1
76117 1
76211 1
77005 1
77565 1
77977 1
78322 1
79925 1
79951 1
80239 1
80474 1
81193 1
81609 1
81672 1
81776 1
81850 1
81964 1
82091 1
82178 1
82344 1
82351 1
82392 1
82538 1
82567 1
82856 1
82861 1
83403 1
83638 1
84332 1
84884 1
85665 1
85724 1
85759 1
86238 1
86404 1
86685 1
86857 1
86892 1
86950 1
87111 1
87155 1
87484 1
87897 1
88211 1
88408 1
88582 1
88772 1
88777 1
88829 1
88832 1
89016 1
89266 1
89347 1
89387 1
89544 1
89596 1
89853 1
90154 1
90339 1
90420 1
91046 1
91055 1
91510 1
91786 1
92036 1
92058 1
92479 1
92994 1
94314 1
95389 1
95874 1
96335 1
96790 1
96923 1
97571 1
97726 1
98027 1
101674 1
102151 1
102182 1
102402 1
102432 1
102577 1
102659 1
103861 1
103951 1
104198 1
104200 1
106821 1
109092 1
109449 1
110295 1
110645 1
110803 1
111323 1
112595 1
112848 1
114324 1
114835 1
115109 1
116269 1
117787 1
118126 1
120244 1
120557 1
120593 1
120621 1
120747 1
121022 1
121730 1
122098 1
122833 1
123119 1
123358 1
123637 1
124327 1
124580 1
124915 1
125105 1
125218 1
125456 1
125860 1
125923 1
126216 1
126772 1
126814 1
126994 1
127013 1
127585 1
128499 1
128641 1
130133 1
131233 1
131612 1
134288 1
135273 1
135730 1
136763 1
136842 1
140176 1
140573 1
141078 1
141410 1
141453 1
141865 1
142998 1
143654 1
143751 1
143951 1
144148 1
144878 1
146058 1
146374 1
147006 1
147035 1
147427 1
147460 1
147591 1
147736 1
148091 1
148573 1
149953 1
150561 1
150603 1
151276 1
151579 1
151587 1
154435 1
154953 1
155220 1
155455 1
155533 1
155664 1
155673 1
156865 1
157878 1
158099 1
160846 1
163586 1
164039 1
164177 1
166390 1
170726 1
175841 1
178783 1
179175 1
179682 1
180974 1
183314 1
184213 1
186703 1
186821 1
190719 1
191506 1
191759 1
193442 1
198691 1
199188 1
199662 1
200068 1
202504 1
204257 1
204622 1
205357 1
206937 1
207964 1
208148 1
211017 1
211563 1
214342 1
219727 1
222261 1
225552 1
227597 1
227806 1
228523 1
230201 1
230520 1
231311 1
231645 1
231744 1
231755 1
233437 1
234442 1
237051 1
237368 1
240133 1
241568 1
241864 1
242662 1
242882 1
243152 1
243456 1
243758 1
245410 1
246936 1
247743 1
248422 1
248985 1
249276 1
249680 1
250544 1
255000 1
255623 1
259536 1
259681 1
263306 1
263422 1
267740 1
268512 1
277092 1
288368 1
288722 1
293981 1
295727 1
297246 1
299864 1
300022 1
302054 1
307985 1
308011 1
313381 1
314776 1
315979 1
326112 1
330361 1
335656 1
347708 1
348881 1
349743 1
350960 1
351087 1
358125 1
359128 1
368306 1
368797 1
375654 1
379764 1
386496 1
414635 1
415396 1
415981 1
427372 1
428779 1
445146 1
463945 1
468914 1
471448 1
473976 1
478467 1
484326 1
484716 1
485833 1
493724 1
552726 1
552875 1
564943 1
565813 1
566206 1
567307 1
628323 1
663711 1
669412 1
669592 1
669672 1
675504 1
684669 1
684846 1
685050 1
686793 1
735247 1
748461 1
750184 1
780093 1
780468 1
806544 1
824831 1
878722 1
897900 1
905871 1
911694 1
918404 1
938831 1
969638 1
971790 1
1095071 1
1119754 1
1120852 1
1122228 1
1152053 1
1153734 1
1243574 1
1342475 1
1399244 1
1418671 1
1533817 1
2070941 1
2116619 1
3065027 1
3087901 1
3931390 1
4405803 1
4422288 1
5479331 1
6208180 1
11784947 1
12743636 1
14013510 1
24754430 1
24755881 1
24758323 1
