1 938281
2 538613
3 244224
4 182504
5 115758
6 92936
7 68341
8 61282
9 50892
10 45451
11 38369
12 38277
13 31017
14 29833
15 26980
16 25094
17 22650
18 22587
19 20277
20 19150
21 25373
22 18807
23 18732
24 16647
25 12563
26 12341
27 11108
28 10785
29 10162
30 9896
31 9080
32 9190
33 8460
34 8260
35 8075
36 7819
37 7455
38 7066
39 6939
40 6794
41 6503
42 7803
43 6353
44 6046
45 5817
46 6151
47 5464
48 5352
49 5099
50 5015
51 4839
52 4715
53 4531
54 4512
55 4367
56 4213
57 4193
58 4141
59 3868
60 3817
61 3806
62 3896
63 4015
64 3783
65 3403
66 3372
67 3337
68 3255
69 3274
70 3070
71 2938
72 3070
73 2904
74 2794
75 2727
76 2666
77 2587
78 2523
79 2429
80 2551
81 2407
82 2407
83 2241
84 2395
85 2336
86 2117
87 2135
88 2118
89 1982
90 2030
91 1942
92 2048
93 1869
94 1878
95 1810
96 1797
97 1731
98 1654
99 1604
100 1655
101 1654
102 1613
103 1565
104 1509
105 1466
106 1422
107 1478
108 1354
109 1326
110 1331
111 1256
112 1266
113 1272
114 1230
115 1206
116 1194
117 1202
118 1173
119 1081
120 1124
121 1119
122 1085
123 1019
124 1026
125 1013
126 999
127 1033
128 961
129 937
130 986
131 896
132 908
133 868
134 841
135 901
136 826
137 792
138 812
139 776
140 835
141 823
142 759
143 730
144 713
145 705
146 728
147 667
148 699
149 677
150 675
151 661
152 678
153 659
154 627
155 633
156 601
157 570
158 572
159 552
160 577
161 590
162 546
163 548
164 559
165 532
166 509
167 478
168 493
169 493
170 536
171 432
172 501
173 484
174 464
175 444
176 478
177 408
178 415
179 397
180 421
181 424
182 394
183 385
184 384
185 417
186 396
187 399
188 353
189 358
190 345
191 372
192 371
193 352
194 333
195 345
196 354
197 363
198 304
199 327
200 337
201 327
202 309
203 284
204 280
205 300
206 319
207 312
208 289
209 284
210 277
211 253
212 287
213 297
214 281
215 244
216 266
217 284
218 224
219 219
220 230
221 242
222 271
223 256
224 255
225 229
226 250
227 250
228 261
229 214
230 241
231 211
232 224
233 222
234 207
235 219
236 221
237 192
238 209
239 202
240 195
241 179
242 171
243 197
244 207
245 193
246 188
247 213
248 182
249 199
250 192
251 173
252 157
253 208
254 195
255 173
256 174
257 189
258 146
259 166
260 177
261 164
262 150
263 148
264 165
265 167
266 163
267 150
268 158
269 127
270 168
271 144
272 127
273 145
274 152
275 136
276 143
277 155
278 157
279 144
280 124
281 144
282 159
283 131
284 121
285 109
286 121
287 113
288 120
289 106
290 108
291 119
292 141
293 112
294 129
295 128
296 115
297 121
298 119
299 105
300 116
301 110
302 106
303 103
304 115
305 108
306 125
307 112
308 125
309 105
310 116
311 107
312 108
313 106
314 96
315 107
316 99
317 111
318 102
319 114
320 111
321 101
322 99
323 85
324 98
325 99
326 108
327 87
328 94
329 83
330 85
331 92
332 95
333 106
334 91
335 89
336 98
337 112
338 141
339 88
340 96
341 84
342 83
343 74
344 79
345 103
346 100
347 95
348 79
349 80
350 76
351 76
352 106
353 65
354 87
355 68
356 70
357 97
358 80
359 79
360 69
361 88
362 73
363 67
364 83
365 71
366 80
367 72
368 78
369 75
370 65
371 78
372 85
373 54
374 99
375 60
376 63
377 71
378 79
379 74
380 65
381 87
382 74
383 74
384 63
385 86
386 60
387 68
388 70
389 61
390 69
391 65
392 76
393 68
394 67
395 63
396 56
397 63
398 66
399 74
400 53
401 59
402 57
403 66
404 49
405 61
406 59
407 57
408 67
409 55
410 58
411 53
412 54
413 55
414 49
415 58
416 54
417 48
418 54
419 54
420 55
421 48
422 49
423 47
424 61
425 52
426 52
427 51
428 55
429 60
430 61
431 50
432 51
433 50
434 50
435 52
436 57
437 47
438 50
439 43
440 47
441 47
442 44
443 45
444 46
445 37
446 56
447 47
448 53
449 39
450 46
451 44
452 46
453 41
454 54
455 49
456 55
457 51
458 38
459 48
460 39
461 44
462 62
463 43
464 55
465 67
466 45
467 45
468 60
469 42
470 47
471 46
472 48
473 38
474 33
475 41
476 44
477 41
478 36
479 30
480 39
481 46
482 38
483 30
484 46
485 42
486 41
487 39
488 34
489 47
490 31
491 36
492 48
493 32
494 34
495 30
496 42
497 29
498 45
499 46
500 34
501 30
502 33
503 41
504 30
505 25
506 40
507 35
508 35
509 39
510 33
511 40
512 44
513 40
514 34
515 29
516 37
517 37
518 43
519 31
520 31
521 37
522 28
523 40
524 32
525 31
526 43
527 34
528 48
529 42
530 30
531 28
532 28
533 34
534 30
535 35
536 35
537 27
538 33
539 30
540 48
541 31
542 39
543 22
544 34
545 35
546 34
547 31
548 22
549 20
550 28
551 28
552 28
553 38
554 32
555 29
556 34
557 27
558 42
559 32
560 28
561 22
562 26
563 30
564 26
565 27
566 30
567 35
568 17
569 31
570 32
571 33
572 24
573 33
574 27
575 35
576 30
577 20
578 24
579 30
580 32
581 21
582 21
583 32
584 18
585 26
586 30
587 29
588 29
589 21
590 28
591 29
592 29
593 23
594 21
595 31
596 20
597 27
598 30
599 29
600 34
601 22
602 29
603 18
604 23
605 15
606 32
607 25
608 32
609 23
610 24
611 25
612 31
613 22
614 29
615 22
616 25
617 23
618 33
619 23
620 30
621 23
622 34
623 23
624 21
625 22
626 26
627 28
628 24
629 20
630 21
631 24
632 25
633 18
634 16
635 13
636 25
637 17
638 21
639 22
640 23
641 23
642 20
643 23
644 27
645 20
646 21
647 21
648 22
649 13
650 27
651 17
652 28
653 23
654 25
655 13
656 15
657 19
658 21
659 23
660 21
661 24
662 25
663 18
664 19
665 29
666 27
667 25
668 26
669 22
670 30
671 24
672 20
673 25
674 17
675 16
676 16
677 24
678 23
679 18
680 19
681 15
682 26
683 23
684 23
685 22
686 26
687 28
688 19
689 17
690 21
691 21
692 19
693 22
694 17
695 20
696 25
697 18
698 20
699 16
700 21
701 12
702 15
703 18
704 16
705 12
706 19
707 18
708 15
709 23
710 23
711 14
712 30
713 19
714 21
715 23
716 18
717 25
718 22
719 27
720 15
721 13
722 19
723 21
724 23
725 17
726 27
727 21
728 18
729 28
730 24
731 21
732 27
733 15
734 17
735 20
736 15
737 23
738 17
739 20
740 11
741 27
742 16
743 22
744 19
745 22
746 19
747 19
748 18
749 17
750 10
751 18
752 19
753 21
754 15
755 15
756 11
757 12
758 14
759 21
760 13
761 13
762 20
763 21
764 19
765 22
766 12
767 19
768 17
769 15
770 14
771 9
772 18
773 13
774 16
775 16
776 15
777 10
778 15
779 17
780 13
781 18
782 13
783 19
784 20
785 17
786 9
787 14
788 8
789 14
790 17
791 8
792 14
793 17
794 24
795 26
796 19
797 15
798 11
799 13
800 22
801 16
802 15
803 14
804 9
805 13
806 12
807 11
808 21
809 14
810 20
811 11
812 16
813 11
814 12
815 17
816 19
817 15
818 14
819 9
820 14
821 22
822 11
823 10
824 14
825 13
826 10
827 14
828 5
829 11
830 13
831 9
832 17
833 19
834 15
835 6
836 14
837 11
838 13
839 15
840 16
841 13
842 17
843 17
844 15
845 19
846 12
847 15
848 16
849 16
850 10
851 17
852 16
853 15
854 18
855 15
856 15
857 5
858 18
859 18
860 20
861 15
862 18
863 14
864 9
865 7
866 15
867 14
868 10
869 14
870 10
871 23
872 10
873 13
874 14
875 14
876 17
877 8
878 14
879 10
880 9
881 19
882 17
883 9
884 13
885 6
886 14
887 11
888 11
889 9
890 19
891 11
892 12
893 16
894 14
895 9
896 11
897 8
898 13
899 12
900 15
901 17
902 11
903 10
904 10
905 13
906 8
907 13
908 9
909 11
910 8
911 6
912 16
913 10
914 13
915 17
916 10
917 9
918 14
919 9
920 12
921 7
922 11
923 5
924 12
925 10
926 13
927 10
928 15
929 9
930 9
931 16
932 7
933 16
934 10
935 12
936 18
937 8
938 12
939 11
940 14
941 7
942 18
943 10
944 15
945 9
946 10
947 14
948 12
949 9
950 17
951 18
952 12
953 10
954 11
955 12
956 13
957 12
958 9
959 11
960 14
961 10
962 17
963 14
964 13
965 20
966 10
967 15
968 12
969 3
970 15
971 11
972 9
973 8
974 15
975 12
976 10
977 11
978 16
979 13
980 9
981 9
982 12
983 6
984 10
985 11
986 11
987 5
988 9
989 5
990 7
991 9
992 13
993 8
994 5
995 15
996 11
997 11
998 3
999 5
1000 13
1001 9
1002 12
1003 7
1004 13
1005 17
1006 9
1007 8
1008 10
1009 14
1010 10
1011 15
1012 14
1013 9
1014 10
1015 14
1016 8
1017 7
1018 17
1019 5
1020 9
1021 10
1022 9
1023 7
1024 5
1025 7
1026 11
1027 12
1028 11
1029 7
1030 6
1031 10
1032 13
1033 13
1034 12
1035 9
1036 9
1037 12
1038 9
1039 10
1040 12
1041 12
1042 9
1043 8
1044 7
1045 8
1046 6
1047 11
1048 14
1049 5
1050 10
1051 10
1052 9
1053 9
1054 13
1055 6
1056 7
1057 9
1058 5
1059 6
1060 4
1061 9
1062 6
1063 7
1064 9
1065 7
1066 12
1067 7
1068 7
1069 10
1070 13
1071 14
1072 5
1073 15
1074 9
1075 6
1076 14
1077 8
1078 7
1079 10
1080 10
1081 8
1082 7
1083 5
1084 7
1085 7
1086 15
1087 12
1088 7
1089 8
1090 9
1091 11
1092 8
1093 7
1094 13
1095 12
1096 11
1097 8
1098 9
1099 4
1100 11
1101 9
1102 6
1103 14
1104 7
1105 9
1106 7
1107 7
1108 6
1109 10
1110 6
1111 9
1112 5
1113 13
1114 9
1115 3
1116 8
1117 8
1118 6
1119 7
1120 10
1121 7
1122 5
1123 5
1124 10
1125 6
1126 8
1127 4
1128 9
1129 5
1130 7
1131 11
1132 9
1133 12
1134 10
1135 6
1136 13
1137 4
1138 8
1139 9
1140 9
1141 4
1142 12
1143 6
1144 12
1145 3
1146 9
1147 4
1148 9
1149 10
1150 13
1151 9
1152 3
1153 9
1154 9
1155 5
1156 8
1157 15
1158 11
1159 9
1160 8
1161 7
1162 4
1163 8
1164 10
1165 10
1166 8
1167 7
1168 4
1169 14
1170 7
1171 8
1172 5
1173 9
1174 5
1175 16
1176 9
1177 11
1178 7
1179 6
1180 9
1181 6
1182 7
1183 9
1184 4
1185 11
1186 6
1187 6
1188 14
1189 10
1190 5
1191 9
1192 5
1193 10
1194 2
1195 10
1196 4
1197 11
1198 6
1199 4
1200 4
1201 8
1202 12
1203 9
1204 1
1205 7
1206 10
1207 8
1208 7
1209 7
1210 7
1211 8
1212 11
1213 3
1214 10
1215 6
1216 12
1217 11
1218 6
1219 9
1220 7
1221 10
1222 9
1223 6
1224 5
1225 2
1226 3
1227 9
1228 11
1229 3
1230 4
1231 6
1232 6
1233 5
1234 8
1235 8
1236 8
1237 6
1238 3
1239 10
1240 8
1241 3
1242 3
1243 10
1244 2
1245 9
1246 10
1247 7
1248 16
1249 6
1250 9
1251 9
1252 8
1253 6
1254 9
1255 4
1256 5
1257 2
1258 9
1259 7
1260 7
1261 5
1262 7
1263 4
1264 11
1265 2
1266 8
1267 12
1268 6
1269 7
1270 8
1271 12
1272 10
1273 6
1274 6
1275 10
1276 4
1277 2
1278 7
1279 5
1280 7
1281 3
1282 11
1283 4
1284 9
1285 5
1286 6
1287 4
1288 6
1289 9
1290 5
1291 9
1292 7
1293 1
1294 5
1295 5
1296 5
1297 7
1298 6
1299 7
1300 7
1301 5
1302 12
1303 7
1304 11
1305 7
1306 6
1307 12
1308 8
1309 5
1310 8
1311 7
1312 9
1313 5
1314 7
1315 4
1316 11
1317 4
1318 8
1319 3
1320 8
1321 7
1322 3
1323 4
1324 8
1325 9
1326 5
1327 9
1328 5
1329 8
1330 7
1331 3
1332 3
1333 11
1334 3
1335 5
1336 6
1337 6
1338 7
1339 5
1340 9
1341 11
1342 3
1343 5
1344 3
1345 6
1346 7
1347 3
1348 6
1349 9
1350 6
1351 7
1352 10
1353 8
1354 4
1355 10
1356 1
1357 4
1358 7
1359 4
1360 9
1361 9
1362 5
1363 6
1364 4
1365 5
1366 6
1367 9
1368 4
1369 4
1370 3
1371 7
1372 7
1373 4
1374 10
1375 6
1376 3
1377 3
1378 8
1379 6
1380 5
1381 5
1382 6
1383 5
1384 14
1385 9
1386 7
1387 8
1388 8
1389 6
1390 8
1391 2
1392 7
1393 6
1394 12
1395 5
1396 4
1397 6
1398 1
1399 6
1400 9
1401 9
1402 10
1403 7
1404 8
1405 2
1406 9
1407 4
1408 2
1409 5
1410 5
1411 1
1412 3
1413 4
1414 5
1415 8
1416 8
1417 4
1418 7
1419 5
1420 6
1421 5
1422 4
1423 5
1424 6
1425 6
1426 6
1427 7
1428 3
1429 9
1430 9
1431 8
1432 6
1433 3
1434 6
1435 7
1436 7
1437 7
1438 3
1439 4
1440 8
1441 4
1442 4
1443 3
1444 8
1445 3
1446 6
1447 9
1448 4
1449 4
1450 5
1451 5
1452 6
1453 5
1454 6
1455 5
1456 5
1457 7
1458 7
1459 1
1460 7
1461 7
1462 2
1463 5
1464 5
1465 5
1466 13
1467 6
1468 5
1469 4
1470 4
1471 6
1472 8
1473 7
1474 6
1475 7
1476 5
1477 10
1478 7
1479 7
1480 6
1481 7
1482 6
1483 5
1484 5
1485 5
1486 6
1487 4
1488 4
1489 5
1490 6
1491 3
1492 8
1493 9
1494 7
1495 6
1496 9
1497 8
1498 2
1500 9
1501 4
1502 4
1503 8
1504 7
1505 4
1506 3
1507 5
1508 6
1509 3
1510 2
1511 5
1512 4
1513 4
1514 4
1515 2
1516 2
1517 3
1518 5
1519 6
1520 7
1521 9
1522 7
1523 1
1524 7
1525 5
1526 10
1527 4
1528 3
1529 10
1530 4
1531 5
1532 5
1533 8
1534 4
1535 4
1536 6
1537 7
1538 2
1539 8
1540 2
1541 5
1542 6
1543 5
1544 2
1545 2
1546 8
1547 8
1548 4
1549 2
1550 2
1551 7
1552 6
1553 6
1554 3
1555 3
1556 2
1557 2
1558 6
1559 10
1560 3
1561 9
1562 5
1563 6
1564 5
1565 5
1566 3
1567 5
1568 1
1569 3
1570 3
1571 4
1572 8
1573 7
1574 6
1575 4
1576 3
1577 1
1578 3
1579 4
1580 4
1581 3
1582 8
1583 5
1584 2
1585 7
1586 6
1587 9
1588 7
1589 2
1590 4
1591 5
1592 5
1593 3
1594 5
1595 5
1596 3
1597 3
1598 4
1599 1
1600 5
1601 7
1602 5
1604 3
1605 4
1606 5
1607 2
1608 8
1609 6
1610 6
1611 5
1612 2
1613 3
1614 7
1615 2
1616 7
1617 6
1618 2
1619 6
1620 5
1621 3
1622 8
1623 4
1624 2
1625 3
1626 5
1627 4
1628 4
1629 2
1630 3
1631 5
1632 4
1633 11
1634 5
1635 5
1636 6
1638 3
1639 3
1640 5
1641 2
1642 8
1643 3
1644 3
1645 10
1646 4
1647 6
1648 4
1649 4
1650 4
1651 6
1653 2
1654 3
1655 4
1656 4
1657 8
1658 4
1659 5
1660 3
1661 2
1662 5
1663 5
1664 4
1665 4
1666 4
1667 4
1668 7
1669 3
1670 4
1671 2
1672 3
1673 4
1674 4
1675 3
1676 2
1677 4
1678 3
1679 5
1680 3
1681 6
1682 3
1683 5
1684 7
1685 6
1686 2
1687 4
1688 4
1689 7
1690 7
1691 5
1692 5
1693 7
1694 7
1695 2
1696 4
1697 4
1698 3
1699 5
1700 6
1701 4
1702 5
1703 4
1704 5
1705 5
1706 5
1707 3
1708 5
1709 3
1710 4
1711 5
1712 3
1713 4
1714 4
1715 4
1716 3
1717 2
1718 2
1719 10
1720 2
1721 3
1722 6
1723 4
1724 3
1725 4
1726 4
1727 4
1728 4
1729 4
1730 3
1731 2
1732 3
1734 1
1735 4
1736 4
1737 4
1738 6
1739 4
1740 4
1741 7
1742 4
1743 7
1744 4
1745 4
1746 4
1747 3
1748 1
1749 4
1750 4
1751 4
1752 4
1753 4
1754 4
1755 3
1756 2
1757 4
1758 8
1759 4
1760 3
1761 3
1762 5
1763 4
1764 3
1765 3
1766 4
1767 8
1768 5
1769 4
1770 3
1771 5
1772 3
1773 2
1774 3
1775 6
1776 4
1777 1
1778 1
1779 3
1780 4
1781 4
1782 6
1783 2
1784 2
1785 3
1786 5
1787 5
1788 3
1789 4
1790 3
1791 2
1792 1
1793 4
1794 3
1795 3
1796 1
1797 2
1798 1
1799 3
1800 3
1801 3
1802 4
1803 5
1804 3
1805 2
1806 6
1807 3
1808 6
1809 11
1810 8
1811 3
1812 2
1813 4
1814 2
1815 1
1816 7
1817 3
1818 3
1819 3
1820 3
1821 1
1822 4
1823 1
1824 4
1825 3
1826 1
1827 2
1828 3
1829 7
1830 5
1831 5
1832 1
1833 1
1834 3
1835 4
1836 2
1837 5
1838 4
1839 2
1840 6
1841 1
1842 3
1843 7
1844 2
1845 4
1846 9
1847 5
1848 4
1849 2
1850 4
1851 5
1852 5
1853 3
1854 3
1855 3
1856 1
1857 5
1858 2
1859 2
1860 6
1861 3
1862 7
1863 6
1864 1
1865 2
1866 2
1867 3
1868 4
1869 3
1870 3
1871 3
1872 3
1873 5
1874 1
1875 5
1876 3
1877 5
1878 5
1879 2
1880 2
1881 6
1883 1
1884 5
1885 2
1886 4
1887 2
1888 1
1889 3
1890 4
1892 2
1893 3
1894 2
1895 3
1896 5
1897 1
1898 4
1899 4
1900 1
1901 2
1902 6
1903 3
1904 4
1905 4
1906 5
1907 5
1908 1
1909 2
1910 2
1911 1
1912 7
1913 3
1914 1
1915 4
1916 6
1917 2
1918 6
1919 6
1920 1
1921 3
1922 3
1923 2
1924 4
1925 5
1926 5
1927 1
1928 3
1929 1
1931 4
1932 6
1933 4
1934 5
1935 1
1936 1
1937 2
1938 7
1939 3
1940 6
1941 4
1942 4
1943 3
1944 4
1945 5
1946 3
1947 5
1948 5
1949 4
1951 3
1952 3
1953 3
1954 4
1955 2
1956 3
1957 2
1958 2
1959 3
1960 2
1961 3
1962 4
1963 1
1964 4
1965 4
1966 2
1968 2
1969 5
1970 1
1971 1
1973 4
1974 1
1975 1
1976 6
1978 1
1979 3
1980 4
1981 5
1982 5
1983 2
1984 2
1985 3
1986 4
1987 1
1988 2
1989 5
1990 1
1991 4
1992 3
1993 5
1994 3
1995 7
1997 3
1998 3
1999 1
2000 4
2001 9
2002 5
2003 7
2004 3
2005 1
2006 7
2007 2
2008 2
2009 3
2010 4
2011 2
2012 2
2014 3
2015 3
2016 4
2017 4
2018 2
2019 2
2020 6
2021 2
2022 4
2024 2
2025 2
2026 6
2027 4
2028 4
2029 4
2030 5
2031 1
2032 3
2033 5
2034 6
2035 2
2036 2
2037 1
2038 6
2039 3
2040 4
2041 3
2042 5
2043 4
2044 2
2045 1
2046 2
2047 2
2048 4
2049 1
2050 1
2052 2
2053 5
2054 4
2056 5
2057 2
2058 5
2059 1
2060 1
2061 4
2062 3
2063 5
2064 2
2065 3
2066 2
2067 5
2068 1
2069 6
2070 2
2071 1
2072 2
2074 3
2075 4
2076 2
2077 3
2078 1
2079 4
2080 2
2081 1
2082 1
2083 1
2084 3
2085 4
2086 1
2087 2
2088 1
2089 1
2090 3
2091 4
2092 1
2093 4
2094 2
2095 4
2096 4
2097 4
2098 2
2099 4
2100 3
2101 5
2102 2
2103 1
2104 1
2105 2
2106 4
2107 2
2108 2
2109 1
2110 5
2111 5
2112 4
2113 5
2114 2
2115 2
2116 2
2117 1
2118 3
2119 2
2120 3
2121 2
2122 1
2123 2
2124 2
2125 4
2126 3
2128 1
2129 1
2130 3
2131 2
2132 5
2133 4
2136 5
2137 3
2138 7
2139 3
2140 1
2141 7
2142 6
2143 4
2144 2
2145 1
2146 5
2147 2
2148 3
2149 6
2151 2
2152 1
2153 2
2154 5
2155 3
2156 1
2157 1
2158 3
2159 3
2160 4
2161 3
2162 2
2163 2
2164 4
2165 3
2166 3
2167 3
2168 2
2169 4
2170 2
2171 2
2172 3
2173 2
2174 2
2175 2
2176 5
2177 3
2178 3
2179 2
2180 2
2181 2
2182 3
2183 2
2184 6
2185 5
2186 4
2187 3
2188 3
2189 1
2190 3
2191 2
2192 3
2193 2
2194 2
2195 6
2196 3
2197 4
2198 3
2199 4
2200 5
2201 1
2203 2
2205 4
2206 3
2207 3
2208 7
2209 1
2210 4
2211 4
2212 1
2213 2
2214 4
2215 1
2216 2
2217 3
2218 1
2219 2
2220 3
2221 4
2222 3
2223 7
2224 3
2225 2
2226 2
2227 1
2228 1
2229 4
2230 6
2231 3
2232 3
2233 6
2234 2
2235 3
2236 4
2237 2
2238 2
2239 3
2240 2
2241 3
2242 3
2243 1
2244 1
2245 1
2246 5
2248 3
2249 1
2250 3
2251 4
2252 4
2253 7
2254 5
2255 3
2256 3
2257 4
2258 2
2259 1
2261 1
2262 2
2263 3
2264 4
2265 5
2266 4
2267 4
2268 2
2271 3
2272 1
2273 3
2274 1
2275 7
2276 2
2277 3
2278 3
2279 3
2280 3
2281 3
2282 4
2283 2
2284 2
2285 2
2286 1
2287 2
2288 6
2289 3
2291 5
2292 1
2293 5
2294 3
2295 3
2296 5
2297 1
2298 8
2299 3
2300 1
2301 1
2302 2
2304 2
2305 6
2306 1
2307 2
2308 2
2309 2
2310 3
2312 1
2313 4
2314 1
2315 1
2316 3
2317 2
2318 2
2319 4
2320 3
2321 3
2322 3
2323 2
2324 1
2325 5
2326 2
2327 4
2328 3
2329 2
2330 1
2331 2
2332 2
2333 1
2334 2
2335 2
2336 2
2338 4
2339 3
2340 2
2341 4
2342 1
2343 1
2345 2
2346 1
2347 3
2348 5
2349 2
2350 5
2352 1
2354 2
2356 2
2357 3
2358 3
2359 1
2360 1
2361 2
2362 4
2363 3
2364 2
2365 3
2366 2
2367 3
2368 2
2369 3
2370 3
2371 1
2372 1
2374 3
2375 4
2376 4
2377 3
2378 3
2379 1
2380 1
2381 2
2382 3
2384 1
2385 1
2386 3
2387 3
2388 1
2389 2
2390 1
2391 3
2392 3
2393 2
2394 3
2395 1
2396 4
2397 2
2398 2
2399 4
2400 4
2401 2
2403 1
2406 7
2407 1
2408 5
2409 7
2410 4
2414 6
2415 2
2416 2
2417 2
2418 2
2419 2
2420 4
2421 1
2422 4
2423 4
2424 1
2425 1
2426 1
2427 1
2428 4
2429 4
2430 2
2431 4
2432 2
2434 4
2435 1
2436 2
2437 2
2438 1
2439 1
2440 6
2441 3
2442 3
2443 4
2444 1
2445 6
2447 4
2448 3
2449 3
2450 3
2452 3
2453 5
2454 6
2455 3
2457 1
2458 2
2459 4
2460 1
2461 4
2462 6
2463 4
2464 2
2465 3
2466 2
2467 2
2469 3
2470 3
2471 1
2472 1
2473 1
2474 1
2475 4
2476 2
2477 2
2478 1
2479 2
2480 2
2481 1
2482 1
2483 4
2484 3
2485 3
2486 1
2487 2
2488 2
2490 2
2491 5
2492 1
2493 2
2494 1
2495 3
2496 2
2499 2
2500 2
2501 5
2502 1
2503 5
2504 2
2505 2
2506 3
2507 4
2508 2
2509 1
2510 4
2511 2
2513 3
2514 1
2515 3
2516 1
2517 6
2518 1
2519 4
2520 1
2522 2
2523 4
2524 3
2525 1
2526 1
2527 1
2528 3
2529 2
2530 1
2531 3
2532 1
2533 2
2534 2
2535 2
2536 1
2537 3
2539 4
2540 5
2541 3
2542 1
2543 1
2544 4
2546 1
2547 4
2548 2
2549 5
2550 1
2551 2
2552 5
2553 2
2554 1
2555 1
2556 2
2557 2
2558 3
2559 4
2560 2
2561 2
2562 2
2563 1
2564 4
2565 3
2566 3
2567 2
2568 2
2569 3
2570 3
2572 2
2573 2
2575 1
2576 4
2578 5
2579 3
2580 5
2582 2
2583 1
2584 2
2585 4
2586 1
2587 1
2588 5
2589 1
2590 1
2591 3
2592 2
2593 2
2594 1
2595 2
2596 2
2597 1
2598 1
2599 2
2600 2
2601 5
2602 3
2603 1
2604 1
2605 5
2606 3
2607 1
2608 1
2609 3
2610 1
2611 3
2613 1
2614 2
2615 2
2616 1
2617 2
2618 2
2619 3
2620 1
2621 2
2622 5
2624 2
2625 3
2627 1
2628 4
2629 2
2630 1
2631 4
2632 2
2633 2
2634 1
2635 1
2636 1
2638 2
2639 4
2640 4
2641 2
2642 1
2643 1
2644 2
2645 2
2646 2
2647 4
2648 2
2649 1
2650 6
2651 1
2652 1
2653 3
2654 1
2655 2
2656 1
2657 3
2658 2
2659 4
2660 2
2661 1
2662 2
2663 7
2665 1
2666 1
2667 1
2668 2
2669 1
2670 3
2671 2
2672 4
2673 3
2674 4
2675 2
2677 3
2678 2
2679 2
2680 2
2681 1
2682 4
2683 6
2684 2
2685 1
2686 1
2688 4
2689 2
2690 2
2691 2
2692 2
2693 3
2694 1
2695 2
2696 1
2697 2
2698 3
2699 1
2700 2
2701 1
2703 2
2704 4
2705 1
2706 3
2707 4
2708 3
2709 2
2710 2
2711 2
2712 3
2713 1
2714 2
2715 3
2716 1
2717 1
2718 3
2719 3
2720 4
2721 3
2723 4
2724 6
2726 1
2727 3
2728 2
2731 2
2732 4
2733 2
2734 3
2735 4
2736 1
2737 2
2738 3
2739 3
2740 3
2741 4
2742 1
2743 2
2744 2
2745 1
2746 3
2747 2
2748 2
2749 3
2750 2
2751 2
2752 2
2753 8
2754 3
2755 1
2756 1
2757 2
2758 2
2759 2
2760 1
2761 2
2762 1
2763 1
2764 3
2765 4
2766 2
2768 3
2769 4
2770 2
2771 1
2772 1
2773 1
2774 3
2775 4
2777 4
2778 3
2779 1
2780 1
2781 2
2783 1
2784 1
2785 2
2786 2
2787 2
2788 3
2789 1
2790 1
2791 3
2792 4
2793 1
2794 3
2795 2
2796 2
2797 1
2798 3
2799 2
2800 6
2802 1
2804 1
2805 1
2806 1
2808 4
2809 1
2810 2
2811 1
2812 2
2813 2
2814 1
2815 3
2816 1
2817 1
2818 1
2819 1
2820 1
2824 1
2825 2
2826 1
2827 1
2828 1
2829 3
2830 3
2831 3
2832 2
2833 4
2835 2
2837 2
2838 3
2839 2
2840 1
2841 2
2842 1
2843 1
2844 2
2845 2
2846 1
2847 2
2849 3
2850 1
2851 1
2852 1
2853 4
2854 1
2855 1
2856 1
2857 2
2858 2
2859 4
2860 3
2861 3
2862 2
2863 3
2864 3
2865 1
2867 4
2869 2
2870 2
2871 1
2872 1
2873 1
2874 1
2875 3
2876 3
2877 3
2878 4
2879 2
2880 2
2881 1
2882 1
2883 1
2884 2
2886 1
2887 4
2888 3
2890 2
2891 1
2892 4
2893 4
2894 1
2895 2
2896 1
2897 7
2898 3
2899 1
2901 3
2902 5
2903 4
2904 1
2905 3
2906 1
2907 2
2908 5
2909 2
2910 1
2911 5
2912 2
2913 3
2914 1
2915 4
2916 4
2917 1
2918 2
2919 2
2920 3
2921 1
2922 1
2923 1
2924 2
2925 1
2926 6
2929 2
2930 1
2931 3
2932 3
2933 1
2935 2
2938 1
2939 2
2940 1
2942 3
2943 1
2944 1
2945 1
2947 1
2948 1
2949 1
2951 4
2953 1
2954 4
2955 2
2956 2
2957 3
2958 2
2960 2
2961 2
2962 2
2964 3
2965 1
2966 1
2967 1
2968 2
2969 5
2970 1
2971 1
2972 3
2973 3
2974 5
2976 1
2977 1
2978 5
2979 1
2980 2
2982 1
2983 1
2985 1
2986 4
2988 2
2991 2
2994 1
2996 2
2997 1
2998 2
2999 1
3000 2
3001 5
3002 1
3003 1
3004 1
3005 2
3006 1
3007 1
3008 1
3009 2
3010 4
3011 1
3012 2
3013 1
3014 1
3015 3
3016 3
3017 2
3018 1
3019 2
3020 4
3021 1
3023 2
3024 2
3025 3
3026 1
3027 2
3028 2
3029 1
3030 1
3031 1
3032 5
3035 1
3036 2
3038 2
3039 2
3040 3
3041 1
3043 2
3044 2
3045 1
3046 1
3047 2
3049 3
3050 2
3051 2
3053 1
3054 3
3055 1
3057 3
3058 2
3059 1
3060 1
3061 1
3062 2
3063 1
3064 1
3066 3
3067 4
3068 1
3069 1
3070 4
3071 2
3072 1
3073 1
3075 1
3076 2
3077 3
3078 1
3079 2
3080 2
3082 3
3083 2
3085 3
3086 3
3087 2
3088 1
3089 2
3090 1
3092 2
3093 1
3094 2
3095 3
3096 3
3097 1
3098 3
3100 4
3101 4
3102 2
3105 1
3108 2
3109 2
3111 2
3112 2
3113 2
3114 1
3116 1
3117 1
3118 2
3119 3
3120 2
3121 2
3124 1
3126 3
3127 1
3128 4
3129 1
3130 1
3131 2
3133 2
3134 2
3135 1
3138 2
3139 1
3141 1
3142 1
3144 5
3146 3
3147 1
3148 2
3150 1
3152 2
3153 3
3154 2
3156 1
3157 2
3158 1
3159 2
3161 1
3162 2
3165 1
3166 2
3167 3
3168 1
3169 2
3170 1
3172 2
3173 2
3174 1
3176 1
3177 3
3178 2
3179 2
3181 1
3182 1
3183 3
3184 1
3186 7
3189 1
3190 1
3191 2
3192 1
3196 1
3197 1
3198 1
3199 2
3201 2
3202 3
3204 2
3205 1
3206 3
3208 3
3209 3
3210 2
3211 2
3212 1
3213 1
3214 4
3215 2
3216 1
3218 1
3219 1
3220 1
3221 1
3222 5
3223 3
3225 4
3226 2
3228 1
3230 4
3233 1
3234 1
3235 2
3236 1
3237 3
3238 1
3239 4
3241 3
3242 1
3243 1
3244 1
3245 4
3248 2
3249 1
3252 1
3253 2
3254 2
3255 3
3256 4
3257 2
3258 1
3259 1
3260 2
3261 2
3262 1
3263 3
3265 1
3266 2
3267 1
3268 1
3270 3
3271 2
3272 1
3273 2
3274 3
3275 1
3276 4
3277 2
3278 2
3281 1
3282 2
3286 2
3289 3
3293 1
3294 3
3297 1
3298 3
3299 3
3300 3
3301 1
3302 2
3303 1
3305 1
3306 4
3307 2
3308 1
3309 1
3310 2
3312 2
3313 3
3314 3
3315 1
3317 1
3318 2
3319 1
3320 1
3323 1
3324 2
3326 1
3327 2
3329 2
3330 3
3331 1
3332 2
3334 1
3336 5
3337 2
3338 1
3339 2
3342 2
3343 3
3344 2
3345 1
3346 1
3348 3
3349 2
3352 3
3353 1
3355 1
3356 1
3357 1
3358 1
3359 1
3360 3
3361 2
3362 2
3364 2
3366 2
3368 1
3369 1
3370 1
3371 1
3372 1
3373 1
3374 2
3375 3
3376 4
3377 2
3378 2
3379 2
3380 1
3381 3
3382 3
3384 3
3385 3
3386 2
3387 1
3388 2
3389 5
3390 1
3391 4
3392 2
3393 3
3394 2
3395 1
3396 4
3397 1
3399 3
3401 2
3402 1
3404 3
3405 2
3407 2
3408 3
3411 1
3412 1
3413 1
3414 2
3415 1
3417 3
3418 2
3419 1
3421 2
3422 3
3423 1
3424 3
3426 1
3427 2
3428 1
3429 1
3434 1
3435 2
3437 2
3438 2
3440 1
3441 1
3442 2
3443 3
3446 2
3447 1
3448 2
3450 1
3451 1
3453 1
3454 1
3456 3
3457 2
3458 3
3461 2
3462 1
3464 1
3465 3
3466 2
3467 1
3468 1
3470 1
3471 1
3472 1
3473 2
3474 3
3475 3
3476 2
3477 2
3478 2
3479 1
3480 1
3481 1
3482 1
3483 3
3484 2
3485 4
3487 2
3488 2
3489 2
3491 3
3492 1
3494 2
3495 1
3497 1
3498 1
3499 2
3502 1
3503 1
3505 2
3506 3
3508 2
3509 1
3510 3
3511 2
3513 1
3515 1
3516 1
3517 4
3520 2
3521 2
3522 1
3523 1
3524 1
3525 1
3526 2
3527 1
3528 1
3529 1
3531 3
3533 1
3534 2
3536 1
3537 2
3538 1
3539 4
3540 1
3542 2
3543 2
3544 1
3546 3
3547 1
3548 2
3549 2
3550 1
3551 1
3552 3
3553 2
3554 2
3555 1
3557 3
3560 1
3561 1
3562 2
3563 2
3564 1
3565 2
3566 1
3568 1
3569 1
3570 3
3571 2
3573 1
3574 1
3575 1
3576 1
3577 1
3578 1
3579 4
3581 2
3582 3
3583 2
3584 2
3585 3
3586 1
3587 1
3588 2
3589 2
3590 3
3591 2
3592 1
3593 1
3594 1
3595 1
3597 1
3598 4
3599 1
3601 1
3609 1
3610 1
3611 2
3613 1
3617 1
3619 2
3620 3
3621 2
3622 1
3623 1
3624 1
3625 1
3626 4
3628 2
3629 1
3631 2
3633 1
3634 2
3636 1
3637 2
3638 2
3639 1
3640 3
3641 2
3642 1
3643 1
3645 2
3646 1
3647 2
3648 1
3649 1
3650 2
3651 3
3652 1
3654 1
3655 1
3657 1
3662 2
3663 1
3664 2
3665 3
3666 3
3669 3
3670 2
3671 2
3672 1
3673 1
3674 2
3675 2
3676 1
3677 1
3678 1
3679 1
3680 2
3681 1
3683 1
3686 1
3691 1
3692 2
3693 1
3694 2
3695 1
3697 3
3698 1
3699 1
3700 1
3701 2
3703 1
3704 1
3705 1
3706 1
3708 1
3711 1
3712 2
3714 1
3717 1
3718 1
3719 1
3720 1
3721 1
3722 3
3723 1
3724 1
3726 3
3727 3
3728 1
3730 2
3732 1
3733 1
3734 2
3735 1
3738 1
3740 3
3741 1
3742 1
3743 1
3745 4
3749 1
3752 3
3753 2
3754 2
3755 1
3756 2
3757 1
3758 2
3759 1
3760 1
3761 1
3762 1
3763 2
3764 1
3765 2
3766 1
3768 1
3771 1
3772 1
3773 1
3776 1
3777 2
3778 1
3780 2
3781 1
3783 2
3785 1
3788 1
3790 3
3791 1
3792 4
3794 2
3795 1
3798 1
3799 3
3800 1
3803 4
3804 1
3805 1
3806 3
3807 2
3808 2
3809 3
3810 2
3811 1
3812 2
3813 3
3814 1
3816 1
3817 1
3818 1
3819 1
3821 2
3822 2
3827 1
3829 3
3830 3
3832 2
3833 1
3834 1
3835 1
3843 1
3844 2
3845 2
3846 1
3848 1
3850 1
3852 1
3854 1
3855 1
3858 2
3859 2
3860 1
3861 1
3862 1
3863 1
3865 1
3867 1
3868 2
3869 2
3871 1
3872 1
3873 1
3875 2
3876 2
3877 1
3879 1
3882 1
3883 1
3884 1
3886 1
3887 2
3888 1
3890 2
3891 1
3892 1
3893 3
3894 1
3896 1
3898 1
3901 1
3902 3
3903 2
3904 2
3905 1
3906 1
3908 1
3910 1
3912 1
3913 1
3915 2
3917 2
3920 1
3922 2
3925 1
3926 2
3927 1
3928 1
3929 1
3930 1
3935 1
3936 1
3937 1
3941 1
3944 1
3945 1
3946 1
3947 2
3949 1
3951 1
3952 2
3953 2
3954 2
3955 2
3957 1
3959 1
3960 1
3961 1
3964 2
3966 1
3968 1
3970 1
3971 3
3972 1
3973 1
3974 1
3975 3
3976 1
3978 2
3980 2
3983 3
3984 2
3985 2
3986 2
3987 4
3988 1
3990 1
3991 3
3992 1
3993 1
3994 1
3999 2
4001 2
4003 4
4004 1
4007 1
4008 2
4009 1
4013 1
4014 1
4015 3
4016 3
4017 2
4019 2
4020 1
4021 1
4023 1
4024 1
4025 1
4026 1
4027 2
4028 1
4029 1
4030 1
4033 2
4035 1
4037 1
4038 2
4039 2
4040 2
4044 2
4046 1
4047 1
4048 1
4049 1
4050 1
4051 2
4053 1
4054 1
4055 2
4056 1
4057 1
4058 1
4059 3
4061 1
4062 2
4063 1
4066 1
4068 1
4069 2
4070 1
4072 1
4073 2
4076 1
4077 1
4080 2
4081 1
4082 2
4083 1
4084 2
4086 1
4087 1
4088 2
4090 1
4092 2
4094 2
4096 1
4098 3
4099 1
4101 2
4104 1
4105 1
4106 4
4108 1
4109 2
4110 1
4111 2
4112 1
4113 1
4117 1
4118 1
4120 2
4121 1
4124 1
4129 2
4130 1
4131 2
4133 1
4134 1
4137 1
4139 1
4144 2
4145 2
4146 1
4147 1
4148 1
4151 1
4152 1
4155 1
4158 5
4160 2
4162 2
4164 2
4165 1
4169 1
4171 2
4172 1
4173 3
4175 1
4176 3
4177 3
4178 1
4184 2
4185 2
4188 1
4189 1
4190 2
4192 1
4194 2
4195 2
4198 3
4200 2
4201 2
4202 1
4208 3
4210 1
4211 2
4212 2
4215 1
4216 1
4218 1
4221 1
4222 1
4223 1
4224 1
4225 1
4226 1
4227 1
4229 1
4230 1
4231 1
4232 2
4233 1
4234 1
4235 1
4236 2
4237 3
4238 1
4239 1
4240 5
4242 1
4244 1
4246 2
4249 1
4250 1
4252 1
4253 1
4254 1
4256 1
4257 1
4258 1
4260 1
4261 2
4263 2
4265 1
4267 1
4268 3
4269 2
4270 1
4273 1
4274 1
4275 3
4277 1
4279 2
4283 3
4284 1
4286 1
4287 1
4290 1
4295 1
4296 1
4297 1
4299 1
4303 1
4305 2
4306 1
4308 1
4311 1
4312 1
4314 2
4317 1
4318 1
4319 1
4321 1
4323 1
4324 1
4325 1
4326 2
4330 1
4331 2
4333 1
4335 1
4336 1
4338 1
4339 1
4341 4
4345 1
4346 2
4347 1
4348 2
4349 3
4351 2
4352 2
4354 1
4356 1
4357 1
4359 1
4360 2
4362 1
4363 2
4365 3
4366 3
4368 2
4370 1
4371 3
4372 2
4373 2
4377 2
4378 2
4379 1
4380 1
4381 1
4383 1
4390 1
4392 1
4393 2
4394 1
4396 2
4397 1
4398 1
4400 1
4401 3
4407 1
4408 2
4412 1
4413 1
4414 1
4415 1
4418 1
4419 1
4422 2
4425 2
4426 1
4427 2
4428 2
4429 2
4430 2
4432 1
4433 2
4434 1
4436 3
4439 1
4441 1
4442 1
4443 1
4444 1
4446 1
4447 2
4450 1
4451 2
4452 1
4453 2
4454 1
4455 1
4456 1
4458 2
4459 1
4460 1
4461 1
4462 1
4465 1
4467 2
4469 1
4474 2
4476 1
4477 1
4478 1
4479 1
4480 1
4482 1
4484 1
4485 1
4487 2
4489 1
4490 2
4492 2
4494 1
4496 1
4497 2
4498 2
4501 1
4503 1
4504 1
4506 1
4507 2
4509 1
4511 2
4513 3
4514 2
4515 1
4516 1
4518 2
4519 1
4521 2
4522 2
4525 2
4526 2
4527 3
4528 2
4533 1
4534 2
4536 1
4541 1
4544 1
4545 1
4546 2
4550 1
4552 2
4553 1
4556 1
4557 1
4559 1
4560 2
4561 1
4562 1
4564 1
4565 1
4566 1
4568 2
4569 1
4570 1
4577 2
4578 1
4580 1
4582 3
4584 2
4588 1
4589 1
4590 1
4593 2
4594 1
4596 1
4597 1
4599 1
4600 1
4601 3
4603 1
4604 3
4605 1
4606 2
4607 1
4611 3
4612 1
4613 1
4615 5
4616 1
4617 2
4619 2
4620 1
4621 1
4623 2
4624 2
4625 2
4626 2
4629 1
4630 1
4631 1
4632 1
4634 1
4636 1
4637 4
4638 2
4639 2
4640 1
4643 1
4644 1
4645 2
4646 2
4648 1
4652 2
4653 1
4656 1
4657 3
4661 1
4663 1
4666 1
4667 1
4670 1
4671 2
4673 2
4675 1
4678 1
4680 1
4681 2
4685 1
4686 1
4687 2
4689 1
4690 1
4691 2
4692 2
4694 1
4696 3
4698 1
4699 1
4701 2
4702 1
4703 1
4705 1
4711 2
4715 1
4719 2
4720 2
4723 2
4726 2
4728 1
4732 2
4733 2
4734 1
4735 3
4737 1
4738 3
4748 1
4749 1
4750 1
4754 1
4756 1
4758 2
4759 1
4764 2
4766 1
4769 1
4770 2
4771 2
4772 1
4774 1
4776 2
4778 2
4779 1
4781 1
4786 1
4788 1
4790 1
4795 3
4797 2
4798 1
4799 2
4804 1
4808 2
4809 1
4812 2
4814 2
4816 1
4817 1
4818 2
4819 1
4822 3
4824 1
4825 2
4826 1
4827 1
4828 1
4830 1
4832 1
4833 2
4835 2
4836 2
4839 1
4841 1
4842 1
4845 2
4847 1
4848 1
4850 1
4851 2
4852 1
4853 1
4854 1
4855 2
4864 1
4866 1
4867 1
4869 1
4871 1
4873 1
4874 1
4876 1
4878 1
4882 2
4886 1
4887 2
4890 1
4892 1
4895 1
4898 1
4899 1
4904 1
4906 1
4909 2
4911 1
4912 1
4913 1
4916 1
4917 1
4919 1
4921 2
4922 3
4923 2
4930 1
4931 1
4937 1
4938 2
4941 1
4942 2
4943 1
4945 1
4948 1
4955 1
4958 2
4959 3
4960 2
4961 3
4962 1
4963 1
4964 1
4967 1
4968 1
4970 2
4971 3
4972 1
4973 1
4975 2
4977 1
4978 1
4979 1
4985 1
4986 1
4987 1
4988 2
4997 1
4999 1
5000 1
5002 1
5003 1
5007 1
5011 1
5012 2
5013 1
5014 1
5015 2
5016 1
5020 1
5021 1
5022 2
5023 2
5024 2
5026 1
5029 1
5031 1
5032 2
5034 1
5035 1
5036 2
5037 3
5041 3
5043 2
5045 2
5046 2
5052 3
5055 3
5056 1
5057 1
5058 1
5060 2
5063 4
5064 2
5065 1
5066 2
5067 1
5070 2
5074 2
5075 1
5076 3
5081 2
5084 1
5086 1
5087 1
5089 1
5090 1
5092 2
5094 1
5102 1
5103 1
5104 1
5112 1
5114 2
5116 1
5118 1
5120 1
5121 2
5122 2
5123 1
5125 2
5129 1
5131 1
5134 3
5135 1
5136 1
5137 1
5138 1
5139 2
5141 3
5142 1
5144 1
5149 1
5150 1
5151 1
5153 1
5157 2
5160 1
5162 1
5165 1
5166 1
5169 1
5172 1
5176 1
5177 1
5179 1
5182 1
5183 2
5184 1
5188 1
5189 1
5193 3
5194 1
5196 1
5197 1
5200 1
5204 1
5206 2
5209 1
5210 1
5212 1
5215 1
5218 1
5219 1
5220 1
5221 2
5224 1
5226 1
5227 1
5231 1
5234 2
5235 2
5236 1
5239 2
5240 3
5242 1
5243 1
5244 1
5247 1
5248 1
5249 1
5254 1
5258 1
5259 1
5260 1
5261 2
5262 2
5264 1
5265 1
5270 1
5272 1
5273 1
5274 1
5276 2
5279 2
5282 1
5283 1
5285 1
5286 3
5289 1
5290 2
5292 1
5293 2
5296 1
5297 1
5299 4
5300 2
5301 2
5302 3
5303 1
5304 1
5306 4
5309 1
5311 1
5312 1
5317 1
5318 1
5320 2
5324 2
5325 1
5326 1
5327 3
5329 1
5333 1
5336 2
5339 1
5340 3
5342 1
5349 1
5351 3
5352 1
5357 2
5358 2
5359 1
5363 1
5364 1
5370 2
5371 1
5376 1
5379 2
5381 3
5383 1
5384 2
5387 2
5389 1
5390 1
5393 2
5398 3
5399 1
5400 2
5404 1
5406 2
5408 1
5409 1
5410 1
5411 2
5413 1
5415 2
5416 1
5420 1
5424 1
5426 1
5427 1
5429 1
5432 2
5435 2
5436 2
5437 2
5438 1
5439 1
5441 1
5444 1
5447 1
5450 3
5453 2
5454 1
5460 1
5461 1
5468 2
5470 1
5472 1
5473 2
5474 1
5475 1
5477 2
5478 2
5479 1
5480 1
5481 2
5483 1
5484 1
5486 5
5491 1
5492 1
5493 2
5498 2
5499 1
5502 3
5503 2
5505 1
5506 1
5507 1
5508 2
5510 1
5516 2
5518 1
5519 1
5520 1
5521 2
5523 1
5525 1
5529 2
5535 1
5539 1
5540 1
5541 1
5542 1
5543 1
5545 1
5547 1
5548 3
5549 1
5550 2
5551 1
5552 1
5554 1
5555 1
5556 1
5557 3
5558 1
5560 1
5561 2
5563 2
5565 1
5566 2
5567 2
5570 1
5571 1
5572 2
5582 1
5584 1
5586 1
5589 1
5592 2
5593 1
5595 1
5596 1
5597 2
5601 1
5602 1
5606 2
5608 1
5609 1
5610 1
5611 1
5613 1
5614 2
5617 1
5618 4
5619 1
5622 1
5624 1
5625 1
5627 2
5632 3
5636 2
5640 1
5641 1
5643 1
5644 1
5651 2
5654 1
5656 2
5657 1
5658 1
5659 1
5660 1
5664 1
5666 2
5668 2
5674 1
5675 1
5676 1
5677 1
5679 3
5683 2
5684 1
5685 1
5687 1
5690 1
5691 1
5693 2
5694 1
5695 1
5699 1
5700 1
5701 1
5705 1
5706 2
5708 1
5711 1
5714 1
5715 2
5716 1
5717 1
5718 1
5721 1
5722 1
5723 1
5729 1
5731 1
5734 2
5736 2
5740 1
5741 1
5743 2
5745 2
5748 1
5751 2
5752 2
5753 1
5756 1
5758 1
5759 1
5761 2
5762 1
5763 2
5764 1
5765 1
5767 1
5769 1
5771 1
5774 2
5777 1
5779 1
5780 1
5781 1
5782 1
5783 1
5785 1
5787 1
5788 1
5789 2
5794 1
5796 2
5798 2
5800 2
5807 1
5811 3
5815 1
5816 1
5817 1
5818 1
5822 3
5823 1
5824 2
5825 1
5826 1
5827 1
5828 1
5829 1
5830 2
5831 1
5832 1
5838 2
5846 2
5847 2
5849 1
5852 1
5854 3
5856 1
5857 1
5859 1
5860 3
5864 1
5865 3
5866 2
5870 1
5871 1
5873 1
5875 1
5879 1
5880 1
5884 1
5885 1
5887 1
5889 1
5893 1
5895 2
5896 1
5897 1
5898 3
5899 1
5901 1
5905 2
5906 1
5907 2
5909 1
5910 1
5913 1
5914 1
5915 1
5917 1
5919 1
5922 2
5923 1
5924 1
5925 1
5927 1
5929 1
5930 1
5932 2
5933 2
5934 1
5936 1
5937 2
5939 1
5941 1
5942 1
5946 3
5947 1
5949 1
5952 1
5955 1
5957 1
5958 1
5959 3
5960 1
5961 1
5963 1
5966 1
5967 2
5970 2
5971 2
5973 2
5975 2
5976 1
5977 1
5978 1
5979 1
5980 1
5982 1
5983 1
5984 2
5985 1
5986 1
5988 1
5989 2
5990 3
5991 1
5997 1
6000 1
6008 1
6010 2
6012 1
6013 3
6014 1
6015 1
6017 1
6018 1
6021 1
6023 1
6024 2
6025 1
6026 1
6027 1
6031 1
6035 1
6037 3
6040 1
6044 3
6045 3
6046 4
6047 1
6049 3
6051 1
6052 1
6054 1
6055 3
6061 1
6062 1
6064 2
6065 1
6066 1
6068 1
6069 1
6072 1
6074 1
6077 1
6079 2
6084 1
6086 2
6090 2
6093 2
6096 1
6098 1
6100 2
6101 2
6103 1
6104 1
6105 1
6109 1
6111 1
6112 1
6115 1
6116 2
6117 1
6119 1
6122 1
6123 1
6132 2
6135 3
6139 1
6142 1
6145 1
6146 1
6148 1
6149 1
6151 1
6154 2
6155 1
6156 2
6158 1
6161 1
6162 1
6165 1
6167 2
6168 1
6170 1
6173 1
6174 2
6175 1
6181 1
6182 1
6184 1
6187 1
6188 1
6189 1
6190 1
6191 1
6194 2
6199 1
6200 2
6202 2
6204 1
6205 2
6207 1
6210 1
6212 1
6213 1
6214 1
6221 1
6223 1
6224 1
6231 1
6236 4
6239 2
6242 1
6244 1
6245 1
6246 1
6247 1
6248 1
6252 2
6254 1
6259 1
6261 2
6265 1
6267 1
6269 1
6271 1
6273 1
6277 2
6279 3
6282 1
6286 2
6287 1
6289 1
6290 2
6291 1
6295 1
6296 1
6297 1
6298 1
6299 1
6300 1
6301 1
6303 2
6304 1
6306 1
6307 1
6308 1
6310 2
6312 1
6313 1
6323 2
6324 2
6325 1
6326 1
6327 1
6328 1
6330 1
6333 1
6334 3
6335 1
6340 1
6341 1
6344 4
6345 2
6350 2
6355 1
6356 1
6361 1
6366 2
6370 1
6372 1
6373 1
6376 1
6382 1
6383 2
6384 1
6389 1
6390 1
6397 1
6398 1
6404 1
6406 1
6408 2
6418 1
6420 1
6422 1
6426 1
6429 1
6430 1
6431 2
6432 2
6435 1
6437 1
6440 1
6441 1
6442 1
6450 1
6452 1
6453 1
6455 1
6457 1
6463 1
6466 1
6470 1
6471 2
6474 1
6475 1
6477 1
6479 1
6481 1
6484 2
6485 2
6487 2
6493 1
6498 1
6499 1
6503 1
6505 1
6507 1
6509 1
6513 2
6519 1
6523 1
6525 1
6527 1
6534 2
6535 2
6541 1
6542 1
6543 1
6544 1
6546 1
6548 1
6550 1
6552 1
6554 1
6555 1
6558 1
6560 1
6562 1
6567 1
6568 1
6569 1
6577 1
6582 2
6584 2
6585 1
6586 1
6587 1
6588 1
6591 1
6592 1
6593 1
6596 2
6597 1
6600 1
6602 1
6605 2
6611 1
6612 1
6614 1
6617 1
6621 2
6622 1
6624 1
6631 1
6633 2
6635 1
6636 1
6638 2
6641 1
6646 1
6651 1
6655 1
6657 2
6665 2
6666 1
6671 1
6674 1
6675 1
6676 1
6678 1
6681 1
6682 1
6683 1
6687 1
6688 1
6690 1
6692 1
6693 1
6695 1
6699 1
6706 1
6707 1
6710 1
6711 1
6712 1
6713 1
6716 1
6719 1
6722 1
6723 1
6724 1
6725 1
6728 1
6729 1
6731 1
6733 1
6734 2
6735 1
6737 1
6738 1
6739 1
6740 2
6741 1
6743 2
6744 1
6748 1
6753 1
6758 2
6762 1
6765 1
6766 1
6769 1
6770 1
6771 1
6774 1
6775 1
6777 2
6778 2
6779 1
6782 1
6783 1
6784 1
6786 1
6788 1
6789 2
6790 1
6792 1
6794 1
6797 1
6802 1
6803 1
6808 1
6813 1
6815 1
6816 1
6823 2
6826 1
6828 1
6830 1
6840 1
6842 1
6844 3
6845 2
6846 1
6847 1
6852 1
6854 1
6855 1
6857 1
6863 1
6864 1
6869 1
6873 2
6874 3
6876 1
6879 1
6881 1
6884 1
6893 1
6894 2
6895 1
6900 1
6901 1
6904 1
6905 1
6908 1
6910 1
6915 1
6916 1
6919 3
6920 1
6924 1
6931 2
6933 1
6937 2
6939 2
6940 1
6941 1
6942 1
6947 1
6951 2
6956 1
6957 1
6961 1
6963 1
6966 1
6967 1
6968 1
6971 2
6974 1
6982 1
6988 1
6993 1
6994 1
6995 1
6996 2
6999 1
7001 2
7002 1
7003 4
7004 2
7010 1
7018 1
7019 2
7027 1
7028 1
7030 2
7031 1
7034 1
7035 1
7040 1
7045 1
7046 2
7049 1
7050 1
7051 2
7052 1
7053 1
7060 1
7061 1
7063 1
7065 3
7075 2
7077 1
7080 2
7081 1
7085 2
7086 3
7091 1
7093 1
7099 1
7100 2
7102 1
7103 1
7105 2
7107 1
7109 1
7111 2
7118 1
7122 1
7124 1
7126 1
7127 1
7134 1
7136 1
7140 1
7143 3
7144 3
7145 1
7146 1
7147 1
7149 1
7150 1
7151 1
7152 1
7153 1
7157 3
7158 1
7165 1
7169 1
7171 1
7172 1
7175 1
7177 1
7178 2
7182 1
7183 1
7185 1
7186 2
7188 2
7190 1
7200 1
7201 1
7202 1
7203 2
7207 2
7210 1
7214 1
7221 2
7225 1
7229 1
7230 1
7231 1
7236 2
7240 1
7241 1
7244 1
7250 1
7255 1
7257 1
7261 1
7271 1
7273 1
7277 1
7282 1
7283 1
7286 1
7290 1
7291 1
7299 1
7300 1
7303 1
7308 1
7309 1
7310 1
7312 1
7313 2
7316 2
7318 1
7320 1
7324 1
7327 2
7329 1
7330 1
7331 2
7332 1
7336 1
7339 1
7342 1
7346 1
7348 2
7352 2
7358 1
7361 1
7362 1
7365 1
7373 1
7379 1
7381 1
7385 3
7387 3
7388 1
7391 1
7393 1
7400 1
7406 1
7410 2
7413 1
7418 3
7419 3
7427 1
7429 2
7432 1
7433 1
7436 1
7438 1
7442 1
7446 1
7449 2
7450 1
7451 1
7453 2
7455 1
7456 1
7457 1
7458 3
7461 1
7462 1
7464 1
7477 1
7478 1
7482 1
7483 1
7491 1
7493 2
7496 1
7500 2
7502 2
7509 2
7511 1
7513 1
7516 1
7517 2
7522 2
7523 1
7524 2
7527 1
7529 1
7530 2
7532 1
7533 1
7534 1
7539 1
7540 1
7543 1
7549 2
7550 1
7551 1
7556 2
7558 1
7562 1
7563 1
7565 1
7571 1
7572 1
7575 1
7580 3
7582 1
7592 1
7595 1
7596 1
7602 1
7603 2
7606 1
7607 1
7611 1
7612 2
7616 1
7619 1
7620 2
7621 1
7628 1
7629 1
7631 1
7633 1
7634 1
7635 1
7636 1
7637 1
7638 1
7640 2
7641 1
7642 1
7644 2
7650 1
7657 1
7662 1
7664 1
7665 1
7666 1
7671 1
7672 1
7675 2
7677 2
7681 1
7683 1
7688 2
7691 1
7693 1
7699 3
7701 1
7702 1
7703 1
7705 2
7707 1
7709 1
7710 1
7711 1
7712 1
7713 2
7714 1
7716 2
7717 1
7719 3
7720 1
7722 2
7723 1
7729 1
7732 1
7738 1
7740 1
7741 1
7742 2
7743 1
7746 1
7752 1
7754 1
7755 1
7757 1
7763 1
7769 1
7772 2
7777 1
7778 1
7781 1
7782 1
7783 1
7784 1
7789 1
7795 1
7796 2
7798 2
7799 2
7805 1
7807 1
7809 1
7810 1
7811 1
7815 1
7816 1
7819 1
7823 1
7824 1
7826 1
7827 1
7829 2
7831 3
7843 1
7848 1
7853 1
7855 1
7861 1
7866 1
7871 1
7873 1
7875 1
7876 3
7883 2
7884 1
7886 1
7892 1
7893 1
7899 1
7902 2
7903 1
7907 2
7908 1
7910 1
7911 2
7919 1
7924 1
7929 1
7930 1
7931 2
7933 2
7934 1
7936 1
7937 1
7943 1
7946 2
7948 3
7953 1
7954 1
7955 1
7958 1
7962 1
7967 1
7971 1
7976 1
7980 1
7983 3
7986 3
7987 1
7990 2
7993 1
7995 2
7998 1
8005 2
8010 1
8012 1
8013 1
8016 2
8018 1
8022 1
8024 1
8026 1
8027 1
8030 1
8032 1
8035 1
8037 1
8040 2
8044 2
8047 1
8054 1
8055 2
8057 1
8059 1
8060 1
8067 1
8068 1
8070 1
8079 1
8081 3
8086 2
8087 2
8088 2
8090 1
8096 1
8099 1
8100 1
8105 2
8106 1
8110 2
8115 2
8118 1
8134 1
8136 1
8140 1
8143 1
8146 2
8147 1
8152 1
8155 1
8165 1
8174 1
8176 1
8178 1
8179 1
8183 1
8186 2
8190 2
8191 1
8193 1
8196 1
8200 2
8201 2
8202 1
8203 1
8204 1
8208 2
8210 1
8212 1
8213 1
8224 1
8225 1
8226 2
8227 1
8228 1
8233 1
8235 1
8240 2
8244 1
8249 1
8252 1
8259 1
8262 1
8264 1
8268 1
8270 1
8271 1
8272 3
8276 1
8278 1
8284 3
8290 1
8294 1
8297 1
8301 1
8302 1
8305 1
8310 1
8312 1
8314 1
8316 1
8322 1
8326 1
8329 1
8330 1
8336 1
8337 1
8338 1
8342 1
8345 2
8346 1
8347 1
8348 2
8349 1
8359 2
8363 1
8366 1
8367 1
8369 1
8370 2
8371 1
8374 2
8377 1
8379 1
8381 1
8382 1
8383 1
8384 1
8392 3
8393 1
8394 1
8396 1
8401 1
8402 1
8403 1
8407 2
8408 1
8409 1
8410 1
8417 1
8421 1
8424 1
8426 1
8428 2
8429 1
8430 1
8434 1
8437 1
8441 1
8443 1
8454 1
8456 1
8461 1
8463 1
8468 1
8470 1
8472 2
8473 1
8475 1
8479 1
8485 1
8486 1
8502 1
8503 1
8508 2
8511 1
8519 1
8520 1
8523 1
8525 1
8526 2
8527 1
8530 1
8531 1
8533 1
8534 1
8535 1
8538 1
8544 1
8546 1
8551 1
8554 1
8555 1
8557 1
8560 1
8562 1
8563 1
8564 1
8565 1
8568 1
8569 1
8575 1
8576 2
8578 1
8582 1
8585 1
8591 1
8600 1
8620 1
8622 1
8625 1
8630 1
8635 1
8637 1
8639 1
8645 1
8647 2
8650 1
8653 1
8658 1
8665 1
8669 1
8673 1
8674 1
8677 1
8680 1
8682 1
8684 1
8686 1
8689 1
8694 1
8695 1
8697 2
8698 3
8701 1
8702 1
8704 1
8707 1
8712 1
8715 1
8719 1
8720 1
8722 1
8729 1
8739 3
8741 1
8742 2
8747 2
8755 1
8764 1
8766 1
8769 1
8772 1
8773 1
8775 1
8776 1
8781 2
8784 1
8786 1
8788 1
8799 2
8809 1
8816 1
8817 1
8818 1
8821 1
8822 2
8823 1
8824 1
8827 1
8831 1
8833 1
8835 1
8842 1
8843 1
8847 1
8848 1
8852 1
8855 1
8856 1
8859 1
8860 1
8864 1
8866 1
8867 1
8872 1
8880 2
8882 1
8884 1
8885 1
8886 2
8890 1
8895 2
8899 1
8905 1
8909 1
8914 1
8915 1
8917 1
8921 1
8928 1
8930 1
8931 1
8937 4
8944 2
8945 1
8947 1
8951 1
8954 1
8958 2
8966 1
8976 1
8977 2
8978 1
8981 2
8986 1
8989 1
8993 1
8995 1
9005 1
9006 1
9011 1
9017 1
9018 1
9019 1
9021 1
9026 2
9027 1
9033 1
9040 1
9045 1
9046 1
9052 1
9055 1
9056 1
9064 2
9065 1
9070 1
9071 2
9075 1
9079 1
9082 1
9085 1
9086 1
9087 1
9096 1
9099 1
9103 1
9105 1
9106 1
9112 1
9119 1
9122 1
9127 1
9130 1
9131 1
9133 1
9135 1
9155 1
9156 1
9158 1
9159 1
9160 1
9163 1
9164 1
9170 1
9171 1
9172 1
9173 1
9176 1
9182 1
9184 1
9188 1
9189 1
9194 1
9202 1
9206 1
9208 1
9215 1
9217 1
9218 1
9223 1
9227 1
9228 1
9231 1
9233 1
9238 1
9240 1
9242 1
9249 1
9253 1
9255 1
9259 1
9260 1
9263 1
9266 1
9276 1
9278 1
9279 1
9281 1
9282 1
9299 1
9300 1
9302 1
9306 1
9316 1
9319 1
9320 1
9324 1
9329 1
9332 1
9335 2
9337 1
9352 1
9357 1
9364 1
9366 1
9378 1
9379 1
9383 1
9384 1
9385 1
9388 1
9391 2
9393 1
9395 2
9397 1
9402 1
9404 1
9406 1
9411 1
9412 1
9415 1
9416 1
9417 1
9424 1
9431 1
9433 1
9443 1
9447 1
9452 1
9454 2
9459 1
9466 1
9473 1
9474 1
9484 1
9492 1
9500 1
9502 1
9514 1
9520 1
9522 1
9529 1
9535 1
9537 1
9538 1
9541 1
9550 1
9551 1
9554 1
9555 1
9565 1
9570 1
9576 1
9577 1
9578 1
9582 1
9585 1
9598 1
9605 1
9607 1
9609 1
9610 1
9612 1
9616 1
9618 1
9625 1
9634 1
9636 2
9637 1
9638 1
9639 1
9648 1
9655 1
9662 1
9664 1
9669 1
9670 1
9671 1
9672 1
9689 1
9705 1
9709 1
9710 1
9711 1
9716 1
9720 1
9722 1
9727 1
9745 1
9749 1
9750 1
9753 1
9755 1
9756 1
9760 1
9764 1
9769 1
9772 1
9775 1
9777 1
9778 1
9784 1
9786 1
9788 1
9795 1
9800 1
9804 1
9805 1
9808 1
9809 1
9810 1
9811 1
9816 1
9820 2
9826 1
9827 1
9836 1
9839 1
9840 1
9846 1
9850 1
9853 2
9856 1
9866 1
9871 1
9872 1
9873 1
9875 1
9877 1
9878 1
9879 1
9890 2
9894 1
9895 1
9909 1
9911 1
9912 1
9913 1
9914 1
9915 1
9924 1
9933 1
9934 1
9940 1
9941 1
9942 1
9951 1
9960 1
9961 1
9966 1
9980 1
9985 1
9987 1
9989 1
9991 1
9992 1
9999 1
10000 1
10001 1
10003 1
10009 1
10011 2
10012 1
10013 1
10019 1
10021 1
10027 2
10028 1
10041 1
10042 1
10045 1
10052 1
10056 1
10057 1
10062 1
10063 2
10067 1
10076 1
10077 1
10090 1
10099 1
10105 1
10106 1
10109 1
10120 1
10121 2
10124 1
10127 1
10133 1
10134 1
10136 1
10139 1
10140 1
10141 1
10147 1
10149 1
10153 1
10157 1
10162 2
10174 1
10186 1
10188 1
10189 1
10196 1
10201 1
10213 1
10217 1
10221 1
10223 1
10232 1
10242 3
10246 1
10255 1
10259 1
10262 1
10263 1
10275 1
10284 1
10293 1
10309 1
10314 1
10330 1
10332 1
10334 1
10340 1
10351 1
10364 1
10365 1
10376 1
10405 1
10415 2
10417 1
10421 1
10424 1
10429 1
10432 1
10434 1
10438 1
10443 1
10444 1
10455 1
10457 1
10469 1
10470 1
10475 1
10478 1
10479 1
10513 1
10516 1
10529 1
10530 1
10551 1
10553 1
10562 1
10563 1
10575 1
10580 1
10586 1
10589 1
10593 1
10594 1
10597 1
10599 1
10608 1
10621 1
10625 1
10627 1
10631 1
10638 1
10645 1
10647 1
10651 2
10656 1
10657 1
10662 1
10666 1
10674 1
10681 1
10696 1
10702 1
10703 1
10705 2
10713 2
10719 1
10721 1
10723 1
10735 1
10749 1
10752 1
10754 1
10766 2
10769 1
10770 1
10771 1
10772 1
10773 1
10775 1
10776 1
10783 1
10796 1
10817 1
10824 1
10832 1
10833 1
10834 1
10837 1
10849 2
10851 1
10854 1
10872 1
10878 1
10880 2
10883 1
10884 1
10890 1
10899 1
10907 1
10911 1
10917 1
10934 1
10935 1
10938 1
10944 2
10953 1
10956 1
10961 1
10962 1
10964 1
10967 1
10970 1
10986 1
10989 1
10992 1
10993 1
11002 1
11006 1
11010 2
11022 1
11029 1
11030 1
11034 1
11035 1
11042 3
11045 1
11052 1
11056 1
11070 2
11074 1
11078 1
11080 1
11085 1
11093 1
11098 1
11107 1
11111 1
11119 1
11126 1
11137 1
11139 1
11143 1
11148 1
11151 1
11164 1
11173 1
11175 1
11190 1
11198 1
11201 2
11204 1
11207 1
11211 1
11217 1
11219 1
11220 1
11224 1
11230 1
11234 1
11240 1
11244 1
11251 1
11252 1
11262 1
11265 1
11273 1
11280 1
11282 1
11290 1
11298 1
11299 1
11303 1
11314 1
11316 1
11322 1
11327 1
11332 1
11333 1
11336 1
11340 1
11344 1
11357 1
11360 1
11363 1
11371 1
11374 1
11396 1
11397 1
11416 1
11419 1
11430 1
11431 1
11432 1
11452 1
11455 1
11457 1
11458 1
11461 1
11466 1
11474 1
11477 1
11489 1
11492 1
11517 1
11519 1
11530 1
11532 2
11539 1
11551 1
11563 1
11566 1
11571 1
11573 1
11601 1
11623 1
11632 1
11635 1
11637 2
11638 1
11650 1
11652 2
11654 1
11662 1
11668 1
11669 1
11681 2
11692 1
11693 1
11697 1
11706 1
11707 1
11726 1
11739 1
11743 1
11750 1
11752 1
11776 1
11777 1
11781 1
11782 2
11783 1
11793 2
11797 2
11798 1
11809 1
11811 1
11815 1
11817 2
11820 1
11823 1
11829 1
11832 2
11834 1
11836 1
11876 1
11897 1
11898 1
11916 1
11918 1
11919 1
11920 1
11922 1
11930 1
11936 1
11952 1
11955 1
11972 1
11977 1
11981 1
11985 1
11990 1
11997 1
12010 1
12022 1
12031 1
12033 2
12048 1
12052 1
12065 1
12080 1
12088 1
12092 1
12094 1
12102 1
12106 1
12119 1
12127 1
12130 1
12140 1
12153 1
12169 1
12171 1
12187 1
12190 1
12196 1
12210 1
12211 1
12217 1
12226 1
12227 1
12228 1
12232 1
12235 1
12242 1
12254 1
12257 1
12264 1
12308 1
12310 1
12314 1
12344 1
12353 1
12357 1
12362 1
12371 1
12375 1
12382 1
12412 1
12424 1
12427 1
12436 1
12439 1
12455 1
12494 1
12498 1
12504 1
12515 1
12522 1
12541 1
12555 1
12557 1
12570 1
12578 1
12580 1
12582 2
12625 1
12638 1
12640 1
12648 1
12655 1
12667 1
12677 1
12681 2
12686 1
12725 1
12726 1
12727 1
12729 1
12734 1
12745 1
12750 1
12752 1
12763 1
12789 1
12802 1
12844 1
12859 1
12867 1
12870 1
12871 1
12876 1
12881 1
12890 1
12899 1
12908 1
12918 1
12925 1
12928 1
12933 1
12938 1
12962 1
12963 1
12979 1
13004 1
13029 1
13035 2
13042 1
13058 1
13095 1
13115 1
13122 1
13132 1
13133 1
13138 1
13145 1
13150 1
13155 1
13168 1
13185 1
13189 1
13198 1
13213 2
13216 1
13220 1
13226 1
13227 1
13238 2
13239 1
13241 1
13259 1
13262 1
13266 1
13291 1
13301 1
13307 1
13321 1
13323 1
13347 1
13355 1
13369 1
13371 1
13388 1
13398 1
13437 1
13439 1
13450 1
13468 1
13486 1
13521 1
13523 1
13552 1
13576 1
13585 1
13590 1
13603 1
13608 1
13610 1
13638 1
13643 1
13650 1
13671 1
13684 1
13698 1
13701 1
13737 1
13742 1
13743 1
13749 1
13767 1
13769 1
13772 1
13779 1
13791 1
13802 1
13808 1
13831 1
13882 1
13889 1
13890 1
13894 1
13915 1
13924 1
13931 1
13957 1
13972 1
14019 1
14034 1
14035 1
14068 1
14081 1
14099 1
14101 1
14120 1
14123 2
14175 1
14213 1
14237 2
14240 1
14241 1
14264 1
14265 1
14270 1
14296 1
14311 1
14314 1
14329 2
14346 1
14353 1
14355 1
14371 1
14375 1
14386 1
14403 1
14413 1
14433 1
14458 1
14479 1
14486 1
14489 1
14495 1
14500 1
14504 1
14522 1
14536 1
14537 1
14543 1
14549 1
14566 1
14567 1
14582 1
14584 1
14601 1
14611 1
14630 1
14635 1
14660 1
14681 1
14689 1
14720 1
14735 1
14741 1
14776 1
14798 1
14809 1
14818 1
14820 2
14857 1
14858 1
14861 1
14864 1
14879 1
14900 1
14907 1
14915 1
14961 1
15002 1
15012 1
15022 1
15023 1
15027 1
15028 1
15036 1
15043 1
15052 1
15070 1
15082 1
15086 1
15089 1
15114 1
15120 1
15121 1
15139 1
15151 1
15180 1
15185 1
15190 1
15203 1
15258 1
15284 1
15289 1
15314 1
15321 1
15322 1
15334 1
15343 1
15353 1
15358 1
15371 2
15383 1
15392 1
15411 1
15424 1
15437 1
15453 1
15496 1
15517 1
15519 1
15543 1
15578 1
15595 1
15601 1
15651 1
15674 1
15684 1
15699 1
15708 1
15741 1
15754 1
15768 1
15771 1
15775 1
15793 1
15842 1
15843 1
15849 1
15862 1
15863 1
15891 1
15898 1
15916 1
15960 1
15962 1
15987 1
15996 1
16011 1
16070 1
16098 1
16113 1
16114 1
16121 1
16170 1
16176 1
16186 1
16190 1
16191 1
16201 1
16218 1
16249 1
16251 1
16258 1
16265 1
16337 1
16342 2
16377 1
16382 1
16389 1
16390 1
16397 1
16413 1
16418 1
16419 1
16447 2
16481 1
16517 1
16531 1
16556 1
16557 1
16559 1
16568 1
16575 1
16624 1
16637 1
16696 1
16778 1
16860 1
16863 1
16948 1
17015 1
17064 1
17067 1
17072 1
17076 1
17078 1
17085 1
17097 1
17119 1
17120 1
17154 1
17185 1
17209 1
17219 1
17226 1
17235 1
17245 1
17254 1
17260 1
17264 1
17304 1
17366 1
17391 1
17403 1
17405 1
17415 1
17421 1
17426 1
17429 1
17485 1
17513 1
17538 1
17547 1
17553 1
17559 1
17634 1
17638 1
17690 1
17731 1
17733 1
17771 1
17838 1
17857 1
17870 1
17881 1
17940 1
17945 1
17968 1
17972 1
18054 1
18075 1
18083 1
18096 1
18118 1
18133 1
18140 1
18142 1
18153 1
18225 1
18243 1
18254 1
18261 1
18281 1
18294 1
18306 1
18309 1
18321 1
18326 1
18350 1
18395 1
18399 1
18420 1
18429 1
18445 1
18502 1
18584 1
18591 1
18621 1
18625 1
18635 1
18670 1
18685 1
18696 1
18732 1
18767 1
18886 1
18890 1
18934 1
18950 1
18968 1
19013 1
19034 1
19035 1
19191 1
19238 1
19276 1
19308 1
19317 1
19350 1
19357 1
19397 1
19402 1
19403 1
19499 1
19525 1
19554 1
19606 1
19637 1
19724 1
19775 1
19837 1
19854 1
19857 1
19867 1
19874 1
19889 1
19909 1
19987 1
20076 1
20084 1
20098 1
20100 1
20106 1
20125 1
20130 1
20162 1
20174 1
20185 1
20230 1
20273 1
20275 1
20357 1
20461 1
20503 1
20517 1
20525 1
20636 1
20640 1
20643 1
20664 1
20684 1
20688 1
20704 1
20731 1
20771 1
20781 1
20865 1
20895 1
20912 1
20972 1
20981 1
21100 1
21101 1
21163 1
21165 1
21172 1
21189 1
21266 1
21273 1
21283 1
21330 1
21363 1
21373 1
21391 1
21438 1
21452 1
21463 1
21469 1
21495 1
21530 1
21537 1
21638 1
21640 1
21658 1
21678 1
21695 1
21699 1
21717 1
21735 1
21744 1
21765 1
21782 1
21830 1
21846 1
21870 1
21884 1
21901 1
21916 1
21941 1
21963 3
22007 1
22107 1
22162 1
22213 1
22222 1
22272 1
22307 1
22334 1
22345 1
22353 1
22366 1
22378 1
22439 1
22452 1
22500 1
22502 1
22520 1
22572 1
22576 1
22654 1
22667 1
22712 1
22735 1
22747 1
22835 1
22908 1
22930 1
22934 1
22946 1
22952 1
22992 1
23005 2
23040 1
23063 1
23144 1
23174 1
23180 1
23222 1
23318 1
23394 1
23411 1
23454 1
23456 1
23460 1
23471 1
23635 1
23637 1
23639 1
23651 1
23659 1
23692 1
23706 1
23708 1
23709 1
23726 1
23751 1
23753 1
23768 1
23819 1
23870 1
23908 1
23936 1
23942 1
23997 1
24017 1
24033 1
24157 1
24180 2
24226 1
24252 1
24312 1
24328 1
24443 1
24459 1
24468 1
24530 1
24569 1
24604 1
24633 1
24649 1
24659 1
24763 1
24772 1
24774 1
24776 1
24802 1
24815 1
24843 1
24966 1
24986 1
25023 1
25030 1
25045 2
25053 1
25083 1
25090 1
25114 1
25144 1
25166 1
25169 1
25194 1
25228 1
25258 1
25404 1
25456 1
25537 1
25638 2
25649 1
25675 1
25780 1
25884 1
25890 1
25923 1
26288 1
26360 1
26384 1
26391 1
26474 1
26475 1
26501 1
26513 1
26525 1
26608 1
26673 1
26693 1
26759 1
26765 1
26783 1
26792 1
26874 1
26891 1
26914 1
27032 1
27038 1
27082 1
27087 1
27140 1
27142 1
27161 1
27239 1
27320 1
27338 1
27445 1
27451 1
27506 1
27552 1
27561 1
27678 1
27730 1
27757 1
27885 1
27960 1
27991 1
27994 1
28029 1
28052 1
28149 1
28186 1
28316 1
28354 1
28362 1
28494 1
28612 1
28621 1
28693 1
28733 1
28889 1
28906 1
28977 1
29003 1
29004 1
29027 1
29088 1
29104 1
29117 1
29293 1
29330 1
29333 1
29354 1
29391 1
29497 1
29666 1
29758 1
29892 1
29895 1
29936 1
29952 1
30077 1
30216 1
30281 1
30310 1
30318 1
30378 1
30464 1
30594 1
30610 1
30658 2
30713 1
30744 1
31090 1
31226 1
31248 1
31253 1
31270 1
31300 1
31404 1
31460 1
31471 1
31474 1
31506 1
31592 1
31595 1
31608 1
31708 1
31946 1
31952 1
31994 1
32002 1
32003 1
32023 1
32257 1
32297 1
32318 1
32364 1
32395 1
32458 1
32783 1
32840 1
32849 1
32949 1
32953 1
33069 1
33142 1
33394 1
33459 1
33669 1
33825 1
33837 1
33845 1
33897 1
33903 1
33924 1
34342 1
34504 1
34526 1
34557 1
34637 1
34647 1
34767 1
34853 1
34912 1
35017 1
35104 1
35116 1
35298 1
35347 1
35389 1
35399 1
35431 1
35477 1
35490 1
35495 1
35565 1
35802 1
35849 1
35927 1
36047 1
36063 1
36073 1
36102 1
36290 1
36373 1
36444 1
36449 1
36536 1
36565 1
36649 1
36683 1
36711 1
36732 1
36968 1
37001 1
37090 1
37199 1
37218 1
37292 1
37339 1
37532 1
37540 1
37558 1
37615 1
37642 1
37654 1
37747 1
37850 1
37859 1
37864 1
37984 1
38024 1
38227 1
38304 1
38628 1
38640 1
38789 1
39000 1
39169 1
39182 1
39348 1
39387 1
39401 1
39494 1
39497 1
39523 1
39582 1
39598 1
39602 1
39674 1
39864 1
39874 1
39894 1
40102 1
40129 1
40444 1
40534 1
40686 1
40697 1
40775 1
40790 1
40856 1
41002 1
41003 1
41006 1
41297 1
41358 1
41557 1
41610 1
41617 1
41651 1
41658 1
41862 1
41958 1
41990 1
42064 1
42100 1
42395 1
42439 1
42498 1
42502 1
42669 1
42796 1
43124 1
43196 1
43263 1
43294 1
43310 1
43401 1
43452 1
43487 1
43622 1
43866 1
43896 1
43908 1
44139 1
44277 1
44776 1
45276 1
45337 1
45380 1
45394 1
45398 1
45432 1
45737 1
45774 1
45882 1
45997 1
46053 1
46137 1
46220 1
46480 1
46489 1
46629 1
46849 1
46997 1
47243 1
47603 1
47640 1
47813 1
47877 1
48164 1
48254 1
48257 1
48355 1
48500 1
48509 1
48538 1
48786 1
48984 1
49198 1
49262 1
49351 1
49459 1
49552 1
49555 1
49633 1
49688 1
50019 1
50126 1
50454 1
50788 1
50881 1
51051 1
51115 1
51236 1
51310 1
51318 1
51480 1
51534 1
51574 1
51618 1
51622 1
52269 1
52356 1
52401 1
52617 1
52686 1
52715 1
53127 1
53481 1
53492 1
53551 1
53629 1
53811 1
53997 1
54056 1
54096 1
54242 1
54359 1
54456 1
54462 1
54483 1
54663 1
54675 1
54836 1
54948 1
55319 1
55700 1
55799 1
55862 1
56127 1
56130 1
56194 1
56423 1
56722 1
56886 1
57041 1
57122 1
57326 1
57411 1
57711 1
57767 1
58207 1
58300 1
58319 1
58756 1
58892 1
59329 1
59419 1
59626 1
59768 1
59822 1
59947 1
60127 1
60925 1
61157 1
61243 1
61376 1
61486 1
61713 1
61877 1
62221 1
62343 1
62407 1
62449 1
62544 1
62641 1
62895 1
62918 1
63370 1
63512 1
63991 1
63999 1
64157 1
64778 1
64976 1
65394 1
65512 1
65694 1
65777 1
65941 1
66141 1
66450 1
66599 1
66762 1
66823 1
67000 1
67009 1
67200 1
67292 1
67545 1
67942 1
68020 1
68189 1
68379 1
68564 1
68667 1
69205 1
69234 1
69284 1
69436 1
70028 1
70088 1
70126 1
70194 1
70197 1
70735 1
70961 1
70997 1
71287 1
72324 1
73058 1
73081 1
73136 1
73263 1
73394 1
73487 1
73526 1
73528 1
73844 1
74733 1
75247 1
75487 1
75568 1
75609 1
75687 1
76750 1
76819 1
77242 1
77252 1
77360 1
77466 1
77671 1
77791 1
77886 1
77889 1
78175 1
78261 1
78498 1
78579 1
78673 1
78857 1
78926 1
79468 1
79688 1
79730 1
79883 1
79989 1
80800 1
81015 1
81255 1
81467 1
82010 1
82577 1
83002 1
83131 1
83252 1
83503 1
83884 1
83915 1
84276 1
84493 1
84803 1
85000 1
85165 1
85527 1
86069 1
86140 1
86537 1
86924 1
87669 1
88219 1
88295 1
88398 1
88533 1
88680 1
89207 1
89278 1
89420 1
89904 1
90093 1
90721 1
90966 1
91099 1
91454 1
91738 1
91772 1
92281 1
92684 1
92695 1
92930 1
93376 1
93609 1
93804 1
93934 1
94266 1
94482 1
95336 1
95927 1
95929 1
97487 1
97595 1
97659 1
97826 1
98179 1
98280 1
98489 1
98759 1
98771 1
99153 1
99472 1
99763 1
100407 1
100868 1
101992 1
102185 1
102718 1
102788 1
102994 1
103488 1
103526 1
103582 1
103892 1
104066 1
104193 1
105072 1
106109 1
106641 1
106705 1
106763 1
107441 1
107568 1
107604 1
107760 1
108147 1
108229 1
108282 1
108858 1
109876 1
110547 1
110601 1
110861 1
111226 1
111787 1
112568 1
112811 1
113434 1
113628 1
113981 1
114605 1
115757 1
116265 1
116740 1
116947 1
117649 1
117874 1
117999 1
118006 1
119416 1
119506 1
120087 1
120375 1
120529 1
120880 1
121276 1
122065 1
122449 1
123114 1
123906 1
124996 1
125090 1
125274 1
125578 1
125841 1
125946 1
126179 1
126201 1
127784 1
127929 1
128632 1
129690 1
130188 1
130212 1
130337 1
130834 1
131371 1
133711 1
134031 1
134039 1
136131 1
136383 1
136867 1
137071 1
137465 1
137528 1
137937 1
138232 1
138283 1
138606 1
138943 1
139972 1
140526 1
140715 1
142758 1
143154 1
143496 1
144391 1
144711 1
144735 1
144807 1
145244 1
146903 1
147227 1
147574 1
148257 1
148298 1
148885 1
149048 1
149290 1
150383 1
150725 1
151000 1
151179 1
151331 1
153229 1
154007 1
154544 1
154745 1
155433 1
155682 1
157481 1
159040 1
159182 1
159267 1
160687 1
161105 1
161296 1
161806 1
163262 1
164202 1
164501 1
165783 1
166083 1
169145 1
170021 1
174978 1
175440 1
176527 1
176977 1
178654 1
178873 1
179463 1
179939 1
180608 1
182014 1
182949 1
185579 1
185593 1
188586 1
189132 1
189276 1
189384 1
191271 1
191642 1
191808 1
192191 1
192509 1
193019 1
193162 1
193588 1
193953 1
194581 1
195211 1
195330 1
195554 1
196724 1
197842 1
198370 1
198640 1
199885 1
200053 1
200627 1
201194 1
202233 1
202413 1
205652 1
205921 1
206484 1
207736 1
207979 1
207982 1
208113 1
210657 1
211692 1
212505 1
213577 1
213692 1
215052 1
215270 1
215543 1
216884 1
217521 1
217878 1
218394 1
222323 1
223800 1
223999 1
225411 1
227288 1
227952 1
228613 1
229671 1
230698 1
230967 1
231705 1
232909 1
232999 1
233903 1
236098 1
238764 1
240675 1
240705 1
241653 1
242114 1
243705 1
244536 1
246038 1
248190 1
250034 1
250320 1
250920 1
251103 1
251144 1
252986 1
253235 1
255002 1
256752 1
258813 1
260022 1
260547 1
261304 1
261877 1
262089 1
263565 1
264055 1
264134 1
264968 1
265461 1
265979 1
268733 1
269737 1
270842 1
271297 1
271663 1
274314 1
279582 1
281035 1
281960 1
282509 1
284161 1
285250 1
291093 1
293713 1
294640 1
296025 1
296801 1
300886 1
302661 1
310351 1
312957 1
313353 1
315247 1
315987 1
316742 1
316790 1
318184 1
318533 1
320005 1
322557 1
323149 1
325494 1
329141 1
330848 1
334826 1
335376 1
336584 1
338004 1
343772 1
345214 1
348097 1
350643 1
357567 1
359781 1
364467 1
364819 1
367406 1
368079 1
375155 1
378726 1
380705 1
395276 1
397988 1
400861 1
402094 1
404227 1
409011 1
411042 1
414128 1
415276 1
416144 1
426403 1
428932 1
429723 1
432654 1
434549 1
434922 1
436326 1
446601 1
453094 1
463855 1
464602 1
465200 1
467882 1
470379 1
475990 1
476374 1
495762 1
497477 1
498162 1
499672 1
502659 1
504752 1
511758 1
512884 1
518702 1
521575 1
523330 1
526009 1
536299 1
542740 1
547336 1
551976 1
553970 1
559776 1
563867 1
565407 1
571128 1
573147 1
578490 1
583431 1
584730 1
586643 1
596694 1
601201 1
621040 1
626683 1
641481 1
643109 1
645924 1
652009 1
675616 1
681416 1
682395 1
684692 1
686916 1
687332 1
689102 1
698714 1
700117 1
710116 1
716076 1
721355 1
721495 1
752204 1
755491 1
773349 1
789700 1
803063 1
821265 1
826914 1
833139 1
895758 1
902503 1
910308 1
913110 1
924617 1
927153 1
948517 1
1001319 1
1070629 1
1090900 1
1094544 1
1128440 1
1138114 1
1213845 1
1219738 1
1229105 1
1240467 1
1246222 1
1250206 1
1276121 1
1288983 1
1294574 1
1317196 1
1333205 1
1368378 1
1384608 1
1390177 1
1435725 1
1461532 1
1476550 1
1514183 1
1577887 1
1611673 1
1694381 1
1737512 1
1742302 1
1743353 1
1901312 1
2084693 1
2232155 1
2310495 1
2340902 1
2469861 1
2711950 1
3070704 1
3193918 1
3211350 1
3350099 1
3406579 1
3640304 1
4409830 1
5515600 1
5609812 1
6461216 1
6922976 1
7054224 1
16052700 1
17671977 1
