1 1396047
2 625719
3 364651
4 257145
5 191407
6 153104
7 124555
8 106120
9 90929
10 79089
11 69008
12 62252
13 55647
14 50198
15 45495
16 41966
17 38592
18 35514
19 32899
20 30742
21 28968
22 26917
23 25326
24 23694
25 22275
26 20924
27 20041
28 18956
29 17751
30 17052
31 16293
32 15687
33 14848
34 14204
35 13580
36 13194
37 12510
38 11974
39 11487
40 11032
41 10623
42 10463
43 10069
44 9605
45 9416
46 9083
47 8644
48 8329
49 8114
50 8057
51 7686
52 7321
53 7242
54 7059
55 6916
56 6653
57 6431
58 6398
59 6000
60 5936
61 5854
62 5787
63 5496
64 5400
65 5129
66 4964
67 4922
68 4764
69 4686
70 4644
71 4469
72 4489
73 4420
74 4212
75 4130
76 4016
77 4008
78 3803
79 3826
80 3734
81 3702
82 3561
83 3511
84 3430
85 3326
86 3292
87 3295
88 3249
89 3130
90 3010
91 2933
92 2936
93 2882
94 2765
95 2770
96 2767
97 2734
98 2608
99 2620
100 2493
101 2444
102 2522
103 2439
104 2253
105 2304
106 2305
107 2228
108 2269
109 2174
110 2123
111 2129
112 2125
113 2133
114 2097
115 1882
116 1976
117 1966
118 1940
119 1784
120 1873
121 1798
122 1773
123 1768
124 1713
125 1691
126 1623
127 1674
128 1626
129 1622
130 1544
131 1618
132 1542
133 1461
134 1523
135 1489
136 1498
137 1432
138 1440
139 1450
140 1416
141 1446
142 1458
143 1312
144 1386
145 1278
146 1301
147 1329
148 1273
149 1303
150 1240
151 1164
152 1264
153 1203
154 1183
155 1184
156 1206
157 1132
158 1119
159 1081
160 1119
161 1084
162 1062
163 977
164 1044
165 1097
166 1054
167 1031
168 998
169 958
170 1025
171 980
172 1034
173 947
174 984
175 905
176 919
177 948
178 846
179 922
180 873
181 837
182 966
183 851
184 861
185 849
186 843
187 815
188 845
189 806
190 819
191 790
192 772
193 814
194 694
195 776
196 777
197 716
198 746
199 754
200 759
201 747
202 700
203 735
204 716
205 662
206 715
207 688
208 640
209 678
210 696
211 693
212 627
213 646
214 687
215 648
216 639
217 578
218 679
219 625
220 610
221 601
222 614
223 599
224 560
225 618
226 547
227 574
228 556
229 587
230 517
231 569
232 544
233 581
234 530
235 559
236 529
237 560
238 513
239 505
240 501
241 514
242 487
243 500
244 537
245 480
246 517
247 499
248 494
249 479
250 491
251 483
252 473
253 463
254 455
255 490
256 449
257 491
258 472
259 449
260 515
261 369
262 393
263 427
264 455
265 432
266 455
267 428
268 440
269 458
270 392
271 398
272 417
273 385
274 406
275 378
276 383
277 423
278 361
279 398
280 409
281 362
282 408
283 421
284 399
285 387
286 393
287 368
288 370
289 387
290 378
291 375
292 331
293 365
294 349
295 375
296 333
297 326
298 350
299 343
300 366
301 331
302 310
303 313
304 345
305 353
306 304
307 300
308 350
309 295
310 322
311 320
312 331
313 328
314 291
315 306
316 290
317 333
318 309
319 284
320 285
321 269
322 298
323 284
324 282
325 292
326 275
327 267
328 299
329 269
330 270
331 272
332 266
333 256
334 277
335 273
336 282
337 266
338 268
339 266
340 289
341 238
342 261
343 263
344 261
345 237
346 255
347 244
348 260
349 268
350 240
351 263
352 255
353 236
354 245
355 228
356 225
357 232
358 219
359 242
360 241
361 224
362 235
363 239
364 246
365 237
366 215
367 219
368 250
369 240
370 253
371 201
372 210
373 242
374 238
375 230
376 224
377 223
378 215
379 234
380 230
381 209
382 204
383 216
384 192
385 210
386 219
387 200
388 200
389 180
390 199
391 195
392 191
393 193
394 205
395 193
396 205
397 184
398 205
399 188
400 194
401 192
402 169
403 178
404 188
405 212
406 188
407 138
408 179
409 152
410 170
411 207
412 173
413 168
414 208
415 185
416 181
417 191
418 154
419 166
420 172
421 165
422 171
423 154
424 177
425 163
426 174
427 155
428 165
429 177
430 175
431 162
432 166
433 167
434 161
435 154
436 179
437 148
438 146
439 145
440 137
441 122
442 152
443 181
444 174
445 160
446 155
447 127
448 150
449 138
450 158
451 171
452 147
453 135
454 150
455 145
456 131
457 150
458 142
459 147
460 136
461 147
462 138
463 137
464 135
465 150
466 140
467 149
468 128
469 147
470 136
471 153
472 141
473 143
474 132
475 141
476 132
477 131
478 153
479 126
480 120
481 126
482 148
483 126
484 127
485 142
486 157
487 121
488 122
489 109
490 113
491 126
492 129
493 109
494 137
495 121
496 111
497 140
498 107
499 119
500 116
501 116
502 122
503 138
504 117
505 107
506 101
507 107
508 136
509 131
510 116
511 114
512 134
513 119
514 115
515 115
516 104
517 126
518 121
519 115
520 95
521 110
522 125
523 119
524 92
525 122
526 94
527 129
528 100
529 105
530 101
531 106
532 107
533 102
534 98
535 111
536 109
537 98
538 116
539 106
540 111
541 104
542 102
543 98
544 106
545 97
546 92
547 101
548 100
549 98
550 102
551 107
552 86
553 93
554 106
555 108
556 89
557 79
558 100
559 112
560 103
561 92
562 98
563 86
564 78
565 90
566 98
567 96
568 93
569 85
570 77
571 101
572 98
573 84
574 95
575 88
576 101
577 88
578 107
579 106
580 103
581 91
582 111
583 80
584 93
585 69
586 82
587 96
588 68
589 89
590 77
591 63
592 78
593 86
594 76
595 81
596 90
597 69
598 80
599 69
600 73
601 80
602 68
603 94
604 73
605 79
606 93
607 69
608 66
609 82
610 63
611 62
612 85
613 98
614 70
615 59
616 78
617 94
618 64
619 81
620 65
621 82
622 69
623 79
624 77
625 63
626 84
627 69
628 75
629 69
630 71
631 76
632 70
633 83
634 65
635 62
636 77
637 71
638 71
639 64
640 72
641 60
642 77
643 72
644 71
645 63
646 75
647 67
648 60
649 80
650 83
651 76
652 79
653 83
654 55
655 62
656 57
657 68
658 72
659 84
660 63
661 57
662 66
663 47
664 64
665 68
666 63
667 73
668 67
669 65
670 70
671 59
672 53
673 64
674 49
675 59
676 60
677 67
678 67
679 53
680 68
681 73
682 55
683 64
684 55
685 57
686 58
687 70
688 54
689 44
690 50
691 59
692 58
693 52
694 59
695 57
696 63
697 55
698 57
699 42
700 38
701 66
702 44
703 54
704 49
705 35
706 54
707 55
708 50
709 52
710 55
711 62
712 59
713 57
714 43
715 49
716 55
717 59
718 69
719 62
720 58
721 54
722 47
723 49
724 35
725 38
726 58
727 51
728 53
729 49
730 39
731 62
732 49
733 52
734 50
735 59
736 42
737 52
738 54
739 47
740 56
741 48
742 44
743 41
744 44
745 44
746 39
747 52
748 58
749 48
750 38
751 52
752 44
753 59
754 55
755 43
756 52
757 58
758 51
759 48
760 55
761 58
762 45
763 57
764 46
765 56
766 56
767 50
768 42
769 37
770 55
771 48
772 39
773 48
774 43
775 43
776 49
777 50
778 35
779 47
780 51
781 43
782 35
783 47
784 48
785 42
786 42
787 40
788 45
789 42
790 53
791 37
792 35
793 36
794 38
795 37
796 50
797 37
798 50
799 54
800 55
801 45
802 38
803 30
804 34
805 23
806 43
807 45
808 41
809 31
810 38
811 28
812 51
813 33
814 48
815 32
816 41
817 50
818 40
819 43
820 42
821 59
822 39
823 47
824 40
825 33
826 43
827 32
828 42
829 41
830 39
831 37
832 36
833 32
834 46
835 42
836 47
837 41
838 51
839 40
840 57
841 37
842 42
843 37
844 34
845 33
846 39
847 42
848 35
849 40
850 33
851 35
852 42
853 25
854 36
855 40
856 37
857 35
858 41
859 31
860 36
861 40
862 29
863 34
864 35
865 39
866 28
867 28
868 27
869 39
870 28
871 34
872 26
873 36
874 29
875 35
876 39
877 28
878 42
879 46
880 25
881 29
882 33
883 38
884 32
885 35
886 31
887 31
888 27
889 33
890 39
891 30
892 38
893 31
894 48
895 30
896 35
897 39
898 35
899 33
900 33
901 26
902 38
903 39
904 32
905 25
906 33
907 25
908 39
909 33
910 32
911 28
912 27
913 18
914 30
915 31
916 37
917 32
918 31
919 34
920 28
921 27
922 15
923 33
924 24
925 30
926 35
927 35
928 39
929 28
930 38
931 25
932 31
933 22
934 35
935 29
936 20
937 35
938 38
939 22
940 20
941 23
942 33
943 31
944 29
945 26
946 29
947 27
948 25
949 22
950 30
951 24
952 26
953 29
954 30
955 30
956 27
957 27
958 16
959 29
960 34
961 25
962 27
963 27
964 31
965 32
966 25
967 29
968 37
969 28
970 25
971 30
972 28
973 19
974 28
975 27
976 23
977 35
978 32
979 25
980 28
981 27
982 20
983 19
984 34
985 26
986 18
987 21
988 25
989 27
990 29
991 21
992 18
993 26
994 39
995 25
996 19
997 22
998 28
999 26
1000 23
1001 19
1002 23
1003 22
1004 25
1005 22
1006 25
1007 22
1008 26
1009 22
1010 22
1011 16
1012 28
1013 20
1014 29
1015 30
1016 29
1017 25
1018 33
1019 26
1020 37
1021 17
1022 23
1023 28
1024 20
1025 17
1026 27
1027 26
1028 17
1029 24
1030 31
1031 27
1032 31
1033 18
1034 20
1035 17
1036 39
1037 18
1038 12
1039 25
1040 27
1041 19
1042 11
1043 26
1044 24
1045 23
1046 23
1047 27
1048 24
1049 17
1050 34
1051 20
1052 25
1053 18
1054 25
1055 18
1056 25
1057 18
1058 16
1059 24
1060 21
1061 12
1062 11
1063 26
1064 15
1065 20
1066 21
1067 17
1068 27
1069 15
1070 20
1071 24
1072 19
1073 21
1074 23
1075 35
1076 26
1077 23
1078 19
1079 19
1080 14
1081 20
1082 28
1083 24
1084 15
1085 23
1086 18
1087 16
1088 17
1089 25
1090 18
1091 24
1092 20
1093 20
1094 13
1095 22
1096 16
1097 16
1098 18
1099 23
1100 22
1101 11
1102 25
1103 23
1104 25
1105 17
1106 23
1107 20
1108 20
1109 22
1110 19
1111 15
1112 18
1113 21
1114 12
1115 18
1116 20
1117 15
1118 20
1119 17
1120 24
1121 19
1122 19
1123 19
1124 19
1125 17
1126 21
1127 17
1128 15
1129 14
1130 19
1131 25
1132 20
1133 20
1134 20
1135 14
1136 18
1137 15
1138 23
1139 11
1140 22
1141 15
1142 14
1143 26
1144 21
1145 18
1146 24
1147 20
1148 19
1149 19
1150 18
1151 17
1152 22
1153 8
1154 14
1155 14
1156 24
1157 21
1158 24
1159 15
1160 20
1161 23
1162 21
1163 18
1164 23
1165 11
1166 19
1167 15
1168 14
1169 18
1170 14
1171 15
1172 14
1173 11
1174 23
1175 26
1176 15
1177 14
1178 17
1179 15
1180 13
1181 18
1182 19
1183 15
1184 11
1185 9
1186 15
1187 19
1188 15
1189 17
1190 15
1191 21
1192 17
1193 11
1194 13
1195 16
1196 14
1197 8
1198 22
1199 22
1200 7
1201 13
1202 9
1203 16
1204 22
1205 12
1206 16
1207 15
1208 17
1209 15
1210 18
1211 17
1212 15
1213 18
1214 20
1215 15
1216 19
1217 13
1218 13
1219 14
1220 22
1221 16
1222 18
1223 14
1224 20
1225 18
1226 17
1227 14
1228 20
1229 14
1230 13
1231 17
1232 10
1233 14
1234 9
1235 14
1236 19
1237 7
1238 18
1239 19
1240 21
1241 11
1242 22
1243 6
1244 17
1245 15
1246 15
1247 18
1248 19
1249 14
1250 14
1251 12
1252 16
1253 15
1254 15
1255 22
1256 14
1257 11
1258 13
1259 14
1260 14
1261 17
1262 17
1263 17
1264 10
1265 11
1266 13
1267 17
1268 12
1269 6
1270 12
1271 13
1272 19
1273 11
1274 16
1275 11
1276 14
1277 13
1278 16
1279 17
1280 9
1281 9
1282 10
1283 11
1284 11
1285 17
1286 10
1287 20
1288 9
1289 3
1290 14
1291 14
1292 12
1293 19
1294 11
1295 9
1296 16
1297 18
1298 23
1299 11
1300 17
1301 13
1302 14
1303 15
1304 13
1305 8
1306 11
1307 11
1308 9
1309 11
1310 14
1311 12
1312 12
1313 18
1314 18
1315 8
1316 21
1317 20
1318 14
1319 11
1320 7
1321 10
1322 9
1323 16
1324 16
1325 14
1326 8
1327 9
1328 12
1329 6
1330 22
1331 15
1332 8
1333 13
1334 14
1335 9
1336 11
1337 12
1338 11
1339 13
1340 18
1341 11
1342 12
1343 16
1344 15
1345 12
1346 14
1347 4
1348 14
1349 12
1350 12
1351 13
1352 8
1353 8
1354 12
1355 14
1356 15
1357 14
1358 14
1359 11
1360 11
1361 15
1362 13
1363 15
1364 7
1365 9
1366 9
1367 16
1368 8
1369 17
1370 14
1371 11
1372 11
1373 17
1374 13
1375 14
1376 12
1377 11
1378 19
1379 10
1380 14
1381 9
1382 13
1383 9
1384 9
1385 11
1386 9
1387 16
1388 8
1389 6
1390 14
1391 18
1392 10
1393 13
1394 15
1395 21
1396 10
1397 7
1398 14
1399 13
1400 12
1401 9
1402 12
1403 12
1404 12
1405 13
1406 17
1407 8
1408 10
1409 10
1410 4
1411 13
1412 14
1413 10
1414 9
1415 13
1416 12
1417 11
1418 11
1419 9
1420 9
1421 11
1422 7
1423 8
1424 15
1425 7
1426 8
1427 12
1428 10
1429 7
1430 9
1431 13
1432 9
1433 12
1434 5
1435 8
1436 12
1437 10
1438 8
1439 9
1440 8
1441 11
1442 13
1443 10
1444 5
1445 7
1446 5
1447 9
1448 8
1449 12
1450 11
1451 12
1452 8
1453 11
1454 8
1455 9
1456 10
1457 10
1458 11
1459 8
1460 4
1461 9
1462 8
1463 10
1464 10
1465 8
1466 10
1467 12
1468 13
1469 17
1470 11
1471 11
1472 8
1473 8
1474 11
1475 11
1476 18
1477 11
1478 11
1479 18
1480 5
1481 10
1482 10
1483 13
1484 6
1485 14
1486 11
1487 12
1488 5
1489 8
1490 11
1491 7
1492 10
1493 11
1494 7
1495 7
1496 11
1497 8
1498 9
1499 11
1500 10
1501 10
1502 10
1503 4
1504 13
1505 7
1506 6
1507 11
1508 7
1509 12
1510 4
1511 9
1512 10
1513 17
1514 8
1515 9
1516 7
1517 8
1518 10
1519 9
1520 11
1521 9
1522 10
1523 10
1524 11
1525 5
1526 7
1527 6
1528 7
1529 12
1530 8
1531 4
1532 16
1533 10
1534 7
1535 6
1536 9
1537 6
1538 10
1539 4
1540 12
1541 8
1542 13
1543 10
1544 7
1545 6
1546 8
1547 6
1548 16
1549 6
1550 7
1551 10
1552 8
1553 9
1554 7
1555 7
1556 4
1557 6
1558 7
1559 8
1560 10
1561 7
1562 4
1563 7
1564 4
1565 9
1566 9
1567 7
1568 5
1569 2
1570 9
1571 6
1572 12
1573 8
1574 8
1575 10
1576 7
1577 7
1578 3
1579 5
1580 6
1581 5
1582 6
1583 5
1584 9
1585 4
1586 7
1587 9
1588 5
1589 10
1590 9
1591 7
1592 5
1593 5
1594 8
1595 6
1596 8
1597 13
1598 6
1599 7
1600 9
1601 7
1602 11
1603 6
1604 10
1605 6
1606 7
1607 10
1608 3
1609 10
1610 8
1611 6
1612 11
1613 7
1614 6
1615 8
1616 10
1617 4
1618 8
1619 14
1620 8
1621 3
1622 11
1623 5
1624 9
1625 8
1626 9
1627 8
1628 10
1629 5
1630 4
1631 7
1632 4
1633 3
1634 3
1635 6
1636 8
1637 7
1638 7
1639 5
1640 10
1641 7
1642 4
1643 6
1644 5
1645 12
1646 11
1647 8
1648 7
1649 4
1650 5
1651 8
1652 9
1653 6
1654 6
1655 8
1656 3
1657 8
1658 11
1659 14
1660 8
1661 4
1662 12
1663 5
1664 7
1665 5
1666 6
1667 7
1668 6
1669 3
1670 7
1671 7
1672 8
1673 5
1674 2
1675 8
1676 5
1677 7
1678 6
1679 8
1680 1
1681 4
1682 9
1683 2
1684 9
1685 7
1686 6
1687 3
1688 5
1689 7
1690 3
1691 3
1692 2
1693 6
1694 6
1695 4
1696 6
1697 5
1698 4
1699 6
1700 8
1701 5
1702 9
1703 6
1704 8
1705 9
1706 4
1707 7
1708 9
1709 4
1710 5
1711 10
1712 6
1713 4
1714 4
1715 6
1716 6
1717 7
1718 7
1719 5
1720 6
1721 5
1722 12
1723 1
1724 9
1725 6
1726 5
1727 8
1728 10
1729 4
1730 6
1731 4
1732 6
1733 7
1734 4
1735 3
1736 5
1737 9
1738 11
1739 5
1740 7
1741 3
1742 5
1743 5
1744 3
1745 11
1746 10
1747 6
1748 8
1749 11
1750 8
1751 4
1752 2
1753 3
1754 6
1755 5
1756 4
1758 1
1759 3
1760 7
1761 8
1762 3
1763 8
1764 7
1765 9
1766 6
1767 5
1768 8
1769 3
1770 3
1771 2
1772 8
1773 5
1774 8
1775 4
1776 8
1777 8
1778 6
1779 5
1780 6
1781 8
1782 8
1783 9
1784 8
1785 4
1786 5
1787 13
1788 4
1789 4
1790 9
1791 3
1792 8
1793 9
1794 6
1795 7
1796 13
1797 8
1798 4
1799 9
1800 9
1801 7
1802 9
1803 4
1804 5
1805 7
1806 5
1807 1
1808 9
1809 4
1810 4
1811 4
1812 6
1813 2
1814 7
1815 5
1816 4
1817 3
1818 7
1819 3
1820 2
1821 4
1822 7
1823 4
1824 3
1825 8
1826 5
1827 12
1828 7
1830 5
1831 8
1832 6
1833 5
1834 1
1835 8
1836 3
1837 5
1838 3
1839 5
1840 1
1841 3
1842 6
1843 5
1844 8
1845 2
1846 4
1847 5
1848 7
1849 7
1850 5
1851 5
1852 6
1853 7
1854 8
1855 3
1856 7
1857 4
1858 4
1859 4
1860 2
1861 2
1862 6
1863 5
1864 4
1865 5
1866 4
1867 2
1868 4
1869 4
1870 6
1871 7
1872 5
1873 2
1874 11
1875 4
1876 6
1877 8
1878 3
1879 4
1880 1
1881 8
1882 1
1883 4
1884 5
1885 8
1886 6
1887 5
1888 2
1889 9
1891 6
1892 8
1893 9
1894 7
1895 5
1896 6
1897 3
1898 7
1899 3
1900 6
1901 3
1902 4
1903 5
1904 4
1905 5
1906 6
1907 8
1908 3
1909 13
1910 3
1911 3
1912 4
1913 4
1914 5
1915 5
1916 3
1917 2
1918 4
1919 3
1920 5
1921 2
1922 1
1923 4
1924 5
1925 7
1926 3
1927 4
1928 3
1929 5
1930 6
1931 5
1932 8
1933 4
1934 3
1935 9
1936 5
1937 5
1938 6
1939 2
1940 5
1941 3
1942 3
1943 4
1944 7
1945 4
1946 3
1947 6
1948 4
1949 2
1950 7
1951 3
1952 4
1953 6
1954 6
1955 4
1957 2
1958 3
1959 3
1960 4
1961 4
1962 3
1963 5
1964 8
1965 5
1966 5
1967 6
1968 4
1969 2
1970 7
1971 3
1972 8
1973 4
1974 6
1975 7
1976 4
1977 4
1978 5
1979 3
1980 4
1981 4
1982 7
1983 5
1984 6
1985 8
1986 6
1987 6
1988 6
1989 4
1990 7
1991 6
1992 4
1993 4
1994 5
1995 3
1996 3
1997 4
1998 2
1999 2
2000 2
2001 3
2002 6
2003 4
2004 4
2005 3
2006 3
2007 4
2008 4
2009 1
2010 2
2011 3
2012 10
2013 6
2014 1
2015 2
2016 6
2017 3
2018 1
2019 2
2020 4
2021 4
2022 3
2023 3
2024 3
2025 2
2026 7
2027 3
2028 5
2029 6
2030 4
2031 1
2032 4
2034 2
2035 2
2036 4
2037 2
2038 2
2039 6
2040 4
2041 2
2042 2
2043 4
2044 4
2045 4
2047 5
2048 3
2049 1
2050 6
2052 4
2053 1
2054 3
2055 5
2056 5
2057 2
2058 6
2059 3
2060 10
2062 4
2063 4
2064 3
2065 2
2066 2
2067 3
2068 1
2069 4
2070 8
2071 1
2072 6
2073 6
2074 1
2075 6
2076 5
2077 7
2078 2
2079 3
2080 3
2081 3
2082 5
2083 6
2084 3
2085 3
2086 4
2087 4
2088 6
2089 7
2090 3
2091 1
2092 5
2093 5
2094 2
2095 2
2096 5
2097 2
2098 4
2099 3
2100 1
2101 8
2102 2
2103 7
2104 3
2105 5
2106 3
2107 1
2108 7
2109 4
2110 3
2111 1
2112 5
2113 4
2114 6
2115 2
2116 3
2117 7
2118 3
2119 2
2120 2
2121 2
2122 4
2123 3
2124 4
2125 1
2126 3
2127 3
2128 6
2129 1
2130 6
2131 6
2132 4
2133 3
2134 4
2135 5
2136 1
2137 2
2138 2
2139 5
2140 2
2141 3
2142 5
2143 2
2144 5
2145 3
2146 3
2147 3
2148 3
2149 4
2150 4
2151 2
2152 2
2153 4
2154 7
2155 4
2156 3
2157 4
2158 3
2159 4
2161 5
2162 3
2163 4
2164 4
2165 2
2166 5
2167 6
2168 2
2170 5
2171 7
2172 4
2173 3
2174 3
2176 2
2177 3
2178 3
2179 7
2180 3
2181 2
2182 7
2183 3
2184 5
2185 6
2186 1
2187 6
2188 5
2189 2
2190 9
2191 5
2192 5
2193 7
2195 7
2196 1
2197 6
2198 8
2199 2
2200 4
2201 1
2202 4
2203 3
2204 6
2205 3
2206 4
2207 2
2208 3
2209 2
2210 2
2211 1
2212 3
2213 3
2214 3
2215 4
2216 1
2217 6
2218 3
2219 6
2220 3
2221 3
2222 4
2223 7
2224 3
2225 4
2226 2
2227 4
2228 1
2229 3
2230 3
2231 2
2232 2
2233 6
2234 3
2236 3
2237 8
2238 4
2239 4
2240 6
2241 7
2242 1
2243 3
2244 1
2245 4
2246 3
2247 1
2248 3
2249 1
2250 2
2251 1
2252 6
2253 3
2254 3
2255 1
2256 1
2257 4
2258 4
2259 2
2260 4
2261 2
2262 2
2263 2
2264 2
2265 4
2266 2
2267 2
2268 1
2269 1
2270 2
2271 6
2272 2
2273 4
2274 5
2275 4
2276 1
2277 2
2278 3
2279 2
2280 3
2281 2
2282 2
2283 3
2284 2
2285 2
2286 3
2287 3
2288 2
2289 3
2290 4
2291 6
2292 3
2293 5
2294 4
2295 2
2297 1
2298 2
2299 3
2300 3
2301 3
2302 2
2303 1
2304 3
2305 4
2306 2
2307 4
2308 2
2309 1
2310 2
2311 3
2312 6
2313 2
2314 3
2315 4
2316 4
2317 3
2318 3
2319 2
2320 4
2321 3
2322 6
2323 5
2324 1
2325 6
2327 3
2328 2
2329 3
2330 2
2331 3
2332 5
2334 4
2335 3
2336 3
2337 4
2338 3
2339 4
2340 2
2341 4
2342 5
2343 1
2344 3
2346 2
2347 2
2348 5
2349 3
2351 3
2352 3
2353 2
2354 3
2355 5
2356 3
2357 3
2358 1
2359 2
2360 2
2361 3
2362 3
2363 6
2364 3
2365 3
2366 4
2367 2
2368 4
2369 4
2370 4
2371 1
2372 3
2373 3
2374 3
2376 3
2377 1
2378 3
2379 5
2380 1
2381 3
2382 3
2383 1
2384 3
2385 4
2386 2
2387 2
2388 2
2389 3
2390 3
2391 3
2392 5
2393 5
2394 2
2395 1
2396 4
2397 4
2398 4
2399 1
2400 2
2401 1
2403 2
2404 4
2405 2
2406 4
2407 1
2408 1
2409 4
2410 4
2412 3
2413 5
2414 1
2415 1
2416 2
2417 1
2418 2
2419 2
2420 3
2421 2
2422 2
2423 2
2424 4
2425 3
2426 1
2427 3
2428 1
2429 1
2430 3
2431 3
2432 1
2433 2
2434 3
2435 4
2436 5
2437 3
2439 3
2440 1
2441 2
2442 4
2445 2
2446 4
2447 4
2448 1
2450 1
2451 4
2452 4
2453 7
2454 4
2455 4
2456 5
2457 5
2458 2
2459 1
2461 3
2462 3
2463 3
2464 3
2465 3
2466 3
2467 5
2468 3
2469 4
2470 3
2471 5
2472 2
2473 1
2474 4
2475 1
2476 3
2477 4
2478 4
2479 3
2480 1
2481 5
2483 1
2484 2
2485 1
2486 6
2487 3
2488 4
2489 2
2491 5
2492 4
2493 3
2495 3
2496 2
2497 1
2498 4
2499 2
2500 1
2501 3
2502 2
2503 2
2504 3
2505 2
2506 2
2507 2
2508 2
2509 2
2510 2
2511 1
2512 3
2513 1
2514 1
2515 2
2517 5
2518 2
2519 2
2520 1
2521 2
2522 3
2524 3
2525 2
2527 1
2528 3
2529 2
2530 3
2532 3
2533 1
2534 5
2535 3
2537 4
2538 4
2539 1
2541 3
2544 1
2545 1
2546 3
2547 2
2548 5
2549 1
2551 1
2552 4
2554 3
2555 2
2556 3
2557 5
2558 2
2559 1
2560 4
2561 1
2562 3
2563 3
2564 5
2565 4
2567 2
2568 3
2569 4
2570 3
2572 2
2574 5
2575 4
2577 1
2579 1
2580 2
2581 3
2582 2
2584 2
2585 1
2586 1
2587 2
2588 2
2589 3
2590 5
2591 8
2592 2
2593 1
2595 2
2596 5
2597 2
2598 1
2599 2
2600 1
2601 2
2602 4
2603 1
2604 3
2605 1
2607 7
2608 3
2609 2
2610 2
2611 3
2612 2
2613 2
2614 2
2615 1
2616 1
2617 1
2618 2
2619 3
2620 4
2621 2
2623 1
2624 2
2625 1
2626 1
2627 1
2628 2
2629 1
2631 1
2632 2
2633 3
2634 2
2635 2
2636 2
2637 3
2639 6
2640 4
2641 4
2642 2
2643 6
2644 2
2647 1
2648 1
2649 4
2650 1
2651 3
2652 4
2653 1
2654 2
2655 2
2656 2
2657 1
2658 1
2659 3
2660 4
2661 2
2662 2
2663 2
2664 6
2665 2
2666 3
2667 4
2668 3
2669 2
2670 7
2671 2
2672 2
2673 2
2674 2
2675 3
2676 1
2677 3
2678 1
2679 1
2680 3
2681 1
2682 3
2683 1
2684 1
2685 6
2686 5
2687 3
2688 1
2689 2
2690 5
2691 2
2692 2
2693 1
2694 2
2695 3
2696 3
2698 2
2699 2
2700 2
2701 2
2702 1
2704 2
2705 2
2706 2
2707 1
2708 4
2709 2
2710 1
2712 2
2713 1
2714 2
2715 3
2716 2
2717 2
2718 1
2720 2
2721 3
2722 2
2723 1
2724 2
2725 1
2727 1
2728 3
2729 1
2730 1
2732 1
2733 1
2736 2
2737 4
2738 2
2739 3
2740 3
2742 1
2743 1
2744 3
2745 1
2746 2
2747 2
2748 2
2749 2
2750 2
2751 2
2752 2
2753 3
2754 2
2755 1
2756 3
2757 2
2758 1
2759 5
2760 4
2761 1
2762 2
2763 3
2764 1
2765 4
2766 1
2767 2
2768 1
2769 3
2770 4
2771 4
2772 2
2774 4
2775 3
2776 2
2778 4
2779 1
2780 2
2781 5
2783 1
2784 2
2786 2
2788 3
2789 1
2790 2
2791 1
2792 2
2794 1
2795 1
2796 4
2797 1
2800 1
2801 2
2802 4
2803 3
2804 1
2805 2
2806 5
2807 1
2809 2
2810 2
2811 2
2812 2
2813 1
2814 2
2815 1
2816 4
2817 3
2818 3
2819 1
2820 3
2821 1
2822 2
2823 1
2824 1
2825 3
2826 2
2827 3
2829 2
2830 4
2831 3
2832 3
2833 3
2834 3
2835 1
2836 3
2837 2
2838 1
2839 1
2840 1
2841 1
2842 3
2844 2
2845 3
2846 1
2847 3
2849 4
2850 3
2851 1
2853 5
2854 2
2855 1
2856 1
2857 2
2858 3
2859 2
2860 1
2861 3
2862 2
2863 4
2864 2
2865 2
2866 3
2867 2
2868 2
2869 2
2870 1
2872 1
2874 2
2876 3
2877 1
2878 1
2879 1
2880 1
2882 3
2883 2
2884 1
2885 4
2886 2
2887 1
2888 1
2889 1
2890 2
2891 1
2892 3
2893 2
2894 2
2895 1
2896 4
2897 4
2898 1
2899 1
2900 1
2901 1
2902 2
2903 4
2905 1
2906 1
2907 1
2909 2
2911 2
2912 2
2913 1
2914 1
2916 1
2917 1
2918 3
2920 2
2921 2
2922 1
2923 1
2924 2
2926 2
2927 1
2928 3
2929 2
2930 3
2932 1
2934 3
2935 1
2937 1
2939 3
2941 1
2942 3
2943 2
2944 1
2946 2
2947 2
2948 1
2950 2
2951 3
2952 2
2954 2
2955 2
2956 1
2957 1
2958 1
2959 2
2960 1
2962 2
2963 1
2965 2
2967 1
2968 4
2969 2
2971 3
2973 1
2976 3
2977 1
2978 1
2979 1
2980 1
2981 1
2982 1
2983 1
2985 4
2986 2
2988 1
2990 5
2992 3
2993 3
2995 2
2996 1
2997 1
2998 1
2999 2
3000 1
3001 1
3002 3
3003 2
3004 1
3005 2
3006 1
3007 1
3008 1
3009 1
3010 1
3011 1
3012 2
3014 2
3015 1
3016 1
3017 3
3018 2
3019 3
3020 2
3021 1
3023 2
3024 2
3025 2
3026 2
3027 1
3028 2
3030 2
3031 1
3032 1
3033 2
3035 2
3036 1
3041 3
3042 1
3044 1
3046 1
3047 4
3048 4
3049 1
3052 1
3053 3
3054 1
3055 2
3057 2
3058 2
3059 1
3060 1
3063 1
3064 1
3067 1
3068 2
3069 3
3070 2
3071 1
3072 1
3074 3
3075 3
3077 1
3078 2
3080 1
3081 2
3082 2
3083 2
3085 1
3086 1
3088 2
3089 2
3091 2
3092 1
3094 3
3095 1
3096 3
3097 1
3098 2
3099 3
3100 2
3101 2
3102 3
3103 1
3104 3
3105 1
3106 1
3107 1
3112 1
3115 2
3116 3
3117 2
3118 2
3119 3
3120 4
3123 1
3124 2
3125 1
3126 2
3127 1
3129 1
3130 2
3132 2
3134 1
3135 2
3136 1
3137 2
3138 2
3139 1
3140 1
3143 1
3144 2
3145 2
3146 1
3147 1
3148 2
3149 2
3150 1
3151 3
3152 1
3154 3
3155 1
3157 2
3158 4
3159 1
3160 1
3161 4
3162 2
3165 1
3167 2
3168 1
3169 1
3170 2
3171 3
3172 3
3173 1
3175 1
3176 1
3177 1
3178 1
3179 2
3182 1
3183 2
3184 4
3186 3
3187 1
3188 3
3189 1
3190 1
3191 1
3192 3
3193 1
3195 1
3196 1
3198 2
3199 3
3201 2
3202 1
3203 1
3204 1
3205 1
3206 1
3208 2
3209 3
3211 1
3212 3
3214 1
3216 2
3217 2
3218 2
3220 2
3222 2
3223 1
3224 1
3225 3
3226 2
3229 3
3230 1
3231 1
3232 1
3233 1
3236 3
3240 2
3242 1
3243 1
3244 1
3246 2
3247 2
3248 1
3249 2
3250 2
3251 1
3252 2
3253 2
3254 2
3256 1
3257 2
3258 1
3259 1
3260 2
3261 2
3262 3
3263 1
3264 2
3265 1
3266 1
3269 2
3270 3
3274 3
3276 3
3278 1
3279 3
3280 1
3283 2
3284 2
3285 2
3288 1
3290 1
3291 2
3292 2
3293 3
3296 3
3298 2
3300 1
3302 2
3304 1
3305 2
3306 1
3308 1
3309 1
3312 2
3313 1
3314 1
3315 1
3317 2
3318 1
3319 1
3322 1
3324 2
3326 1
3327 2
3328 3
3331 1
3332 2
3334 1
3336 1
3337 1
3338 3
3339 1
3340 1
3341 3
3342 1
3344 3
3348 4
3349 1
3352 1
3357 2
3358 1
3360 3
3362 1
3363 2
3364 1
3365 1
3366 1
3367 1
3369 2
3370 1
3371 1
3373 1
3374 3
3376 1
3377 2
3382 2
3383 3
3388 2
3390 1
3391 1
3392 1
3394 1
3396 2
3398 1
3400 1
3401 3
3402 2
3403 4
3404 1
3405 1
3406 1
3407 1
3408 1
3409 1
3411 1
3412 1
3413 1
3414 1
3415 1
3416 1
3419 1
3421 1
3422 1
3424 1
3425 1
3427 1
3429 1
3433 1
3434 2
3435 1
3436 1
3437 1
3439 1
3440 1
3442 1
3443 1
3445 1
3448 1
3450 1
3453 3
3460 1
3461 4
3462 1
3463 2
3464 1
3465 2
3468 2
3469 1
3470 1
3471 2
3473 1
3474 2
3475 3
3478 1
3479 1
3480 1
3481 2
3482 2
3483 1
3484 2
3485 1
3487 2
3488 1
3493 1
3494 1
3496 1
3497 2
3498 1
3500 1
3501 3
3504 1
3506 1
3507 1
3511 1
3512 2
3513 2
3514 1
3517 1
3518 2
3519 2
3520 1
3521 2
3522 1
3525 3
3526 1
3529 1
3531 1
3534 2
3535 1
3536 2
3537 1
3538 1
3541 1
3543 3
3544 1
3545 1
3547 1
3549 1
3550 1
3551 2
3554 1
3555 2
3556 1
3559 2
3561 1
3564 1
3566 2
3567 1
3569 1
3572 3
3573 1
3575 1
3577 3
3579 1
3580 1
3582 3
3586 1
3588 1
3590 3
3591 1
3592 2
3600 1
3601 1
3602 2
3603 1
3604 1
3605 1
3613 1
3614 2
3616 1
3619 1
3620 2
3622 3
3623 2
3625 1
3631 1
3634 1
3635 1
3637 1
3638 1
3641 1
3642 1
3643 1
3645 1
3647 1
3648 1
3650 1
3651 1
3652 1
3653 1
3655 1
3656 2
3658 3
3662 1
3664 2
3667 1
3668 2
3669 3
3676 2
3678 1
3679 1
3680 1
3683 1
3684 1
3685 2
3686 1
3687 1
3689 1
3691 1
3694 1
3695 1
3697 1
3699 1
3701 2
3704 1
3705 1
3706 1
3707 1
3709 1
3712 1
3713 1
3714 2
3718 3
3720 3
3721 1
3722 1
3723 2
3725 1
3728 1
3729 1
3730 1
3731 1
3732 2
3733 2
3736 1
3738 1
3739 2
3742 3
3743 1
3745 1
3748 1
3749 2
3753 1
3756 2
3758 1
3760 1
3766 1
3767 1
3768 1
3769 2
3770 2
3771 2
3773 2
3774 1
3776 5
3777 1
3785 2
3789 1
3790 2
3791 2
3793 1
3795 1
3800 1
3801 2
3802 1
3803 1
3804 1
3806 1
3809 1
3813 2
3814 3
3815 2
3816 1
3817 1
3818 2
3819 2
3820 1
3822 2
3823 1
3824 2
3825 1
3828 1
3829 1
3831 1
3833 2
3834 1
3835 1
3836 1
3838 1
3842 1
3843 1
3844 2
3845 2
3846 1
3847 2
3848 1
3849 2
3852 1
3857 1
3859 3
3861 1
3862 1
3863 4
3865 2
3866 1
3868 1
3871 1
3873 1
3874 2
3876 2
3878 1
3879 2
3881 1
3882 1
3883 1
3884 1
3888 1
3889 1
3891 1
3893 2
3894 1
3895 1
3898 1
3900 1
3901 1
3905 2
3907 3
3912 1
3915 2
3919 2
3921 1
3932 2
3945 1
3948 1
3951 1
3952 1
3953 1
3954 1
3956 1
3958 2
3959 1
3965 1
3966 1
3967 1
3968 2
3971 1
3975 1
3976 1
3977 1
3979 1
3980 2
3981 1
3982 1
3985 2
3988 1
3990 1
3992 1
4000 1
4007 1
4010 1
4013 1
4015 1
4016 2
4017 1
4018 1
4019 2
4025 1
4029 1
4030 2
4034 1
4036 1
4037 1
4045 1
4046 1
4047 1
4048 1
4050 1
4051 3
4053 1
4055 2
4057 2
4059 3
4061 1
4064 2
4065 2
4071 2
4073 2
4074 1
4076 1
4078 3
4080 2
4081 1
4082 2
4083 2
4085 1
4086 2
4089 1
4090 1
4100 1
4101 1
4106 1
4107 1
4108 1
4109 1
4112 1
4114 1
4121 1
4122 1
4124 1
4125 1
4129 1
4130 1
4131 1
4132 1
4137 1
4138 2
4140 3
4142 1
4143 1
4144 1
4145 1
4146 2
4149 2
4155 1
4157 1
4159 1
4160 1
4163 1
4164 1
4166 3
4169 1
4170 1
4172 3
4173 1
4175 1
4179 1
4186 1
4189 1
4191 1
4192 1
4193 1
4195 1
4198 1
4199 1
4204 1
4206 2
4207 1
4208 1
4211 1
4213 1
4215 1
4216 1
4218 2
4219 1
4220 1
4221 2
4225 3
4228 1
4229 1
4230 2
4235 2
4246 1
4249 2
4251 2
4253 1
4255 1
4259 1
4260 2
4263 1
4264 1
4268 1
4274 1
4278 1
4281 1
4285 1
4287 2
4288 1
4290 1
4291 1
4292 1
4301 1
4305 2
4308 1
4309 2
4311 1
4313 1
4323 1
4329 2
4330 1
4331 1
4333 1
4339 1
4340 1
4341 1
4342 1
4343 1
4344 1
4352 1
4353 2
4355 1
4357 2
4358 2
4359 1
4368 1
4375 1
4376 1
4380 2
4384 1
4385 1
4388 1
4391 1
4393 2
4394 1
4395 1
4400 1
4401 1
4404 2
4420 1
4421 1
4424 2
4430 1
4431 1
4434 1
4435 1
4444 2
4447 1
4451 1
4466 1
4474 1
4477 1
4481 1
4484 2
4485 1
4495 1
4499 1
4500 1
4501 1
4502 1
4507 1
4508 1
4509 1
4513 2
4514 1
4523 1
4524 1
4532 1
4539 1
4543 1
4548 1
4549 1
4550 1
4554 1
4555 1
4557 1
4558 2
4560 1
4562 1
4570 1
4575 1
4577 1
4580 1
4582 1
4583 2
4584 1
4587 1
4592 1
4595 1
4600 1
4604 2
4605 1
4612 1
4615 1
4616 1
4618 2
4619 2
4620 1
4622 1
4625 1
4628 1
4629 1
4634 1
4635 1
4636 1
4644 1
4645 1
4647 1
4653 1
4657 2
4659 2
4662 1
4663 1
4670 1
4676 1
4678 1
4682 1
4684 1
4685 1
4688 2
4694 1
4695 1
4696 1
4697 1
4698 1
4699 1
4700 1
4704 1
4711 1
4714 1
4717 1
4721 2
4723 1
4725 2
4730 1
4733 1
4736 1
4738 1
4743 1
4744 1
4746 1
4747 1
4752 1
4769 1
4776 1
4778 1
4779 1
4788 1
4790 1
4791 1
4797 1
4799 1
4800 1
4801 1
4802 1
4806 1
4812 2
4813 1
4814 1
4815 1
4816 1
4817 1
4819 1
4821 1
4828 1
4830 1
4833 1
4835 1
4838 1
4844 1
4845 2
4846 1
4848 1
4849 1
4851 1
4852 1
4854 1
4856 4
4867 1
4868 1
4873 1
4877 1
4882 1
4885 2
4889 1
4891 1
4893 1
4894 1
4912 1
4913 1
4915 2
4918 1
4919 1
4922 1
4923 1
4928 1
4930 1
4933 1
4935 1
4938 1
4939 1
4941 1
4944 1
4945 1
4949 1
4953 1
4955 1
4964 1
4970 1
4978 1
4988 1
4989 2
4997 1
4999 1
5002 1
5004 1
5013 1
5014 1
5016 1
5017 1
5022 1
5023 1
5026 1
5031 1
5032 1
5035 1
5036 1
5037 1
5043 1
5060 1
5062 2
5073 1
5078 1
5080 1
5088 1
5095 1
5104 1
5105 1
5112 1
5120 1
5125 1
5131 2
5132 1
5136 1
5137 1
5139 1
5140 1
5141 1
5151 1
5152 1
5156 1
5159 2
5161 1
5167 1
5171 1
5172 1
5175 1
5177 1
5180 1
5183 1
5187 2
5188 1
5190 1
5191 1
5193 1
5194 1
5203 1
5205 1
5206 1
5210 1
5211 1
5214 1
5236 1
5237 1
5245 1
5246 1
5248 1
5252 2
5254 1
5256 1
5275 1
5280 1
5281 2
5282 1
5288 2
5292 1
5293 1
5300 2
5303 1
5305 1
5306 1
5307 1
5311 2
5317 2
5320 1
5322 1
5323 1
5328 1
5335 1
5341 1
5342 1
5346 2
5349 1
5355 2
5362 1
5370 2
5374 1
5376 1
5382 1
5385 2
5386 1
5393 1
5403 1
5405 1
5407 1
5408 1
5409 2
5412 1
5417 2
5419 1
5422 1
5423 1
5428 1
5433 1
5441 1
5445 1
5446 1
5451 1
5452 1
5459 1
5470 1
5476 1
5485 1
5487 1
5496 1
5501 1
5504 1
5512 1
5520 1
5521 1
5531 1
5532 1
5537 1
5544 1
5549 1
5553 1
5556 1
5566 2
5568 1
5577 1
5600 1
5602 1
5603 1
5605 1
5607 2
5608 1
5609 1
5610 1
5618 1
5626 1
5634 1
5659 1
5661 2
5667 1
5671 1
5674 2
5677 1
5678 1
5686 2
5689 1
5696 1
5700 1
5704 1
5711 1
5712 1
5713 1
5716 1
5737 1
5740 2
5741 1
5745 1
5749 1
5775 2
5779 1
5784 1
5786 1
5787 1
5790 1
5793 1
5795 1
5807 1
5809 1
5816 1
5828 2
5830 1
5831 1
5846 1
5860 1
5861 1
5867 1
5886 1
5898 1
5906 1
5916 1
5918 1
5922 1
5923 1
5932 1
5938 1
5940 1
5946 2
5948 1
5951 1
5953 1
5956 1
5957 1
5963 1
5964 1
5984 2
5994 1
6007 1
6021 1
6025 1
6028 1
6038 1
6040 1
6044 1
6045 1
6054 1
6065 1
6067 1
6090 1
6098 1
6100 1
6102 1
6109 1
6122 1
6127 2
6129 1
6132 1
6134 1
6139 2
6152 2
6157 1
6163 1
6164 1
6167 1
6168 1
6172 2
6173 1
6186 1
6193 1
6196 1
6198 1
6207 1
6208 2
6211 1
6221 1
6232 1
6234 1
6237 1
6241 2
6249 1
6257 1
6259 1
6264 1
6271 1
6295 1
6301 1
6302 1
6307 1
6319 1
6320 1
6332 1
6336 1
6337 1
6349 1
6360 1
6366 1
6368 1
6376 1
6380 1
6384 1
6386 1
6391 1
6395 2
6400 1
6401 1
6409 1
6421 1
6423 1
6424 2
6438 1
6441 1
6448 1
6455 1
6456 1
6458 1
6464 1
6466 1
6477 1
6489 1
6494 1
6497 1
6557 1
6571 1
6574 1
6575 1
6576 1
6582 1
6585 1
6593 1
6597 1
6616 1
6624 1
6640 1
6648 1
6651 1
6653 1
6655 1
6664 1
6665 1
6674 1
6684 1
6708 1
6724 1
6729 1
6731 1
6749 1
6754 1
6755 1
6762 1
6771 1
6773 1
6774 1
6777 1
6778 1
6784 1
6787 1
6800 1
6805 1
6811 1
6812 1
6829 1
6834 2
6839 1
6855 1
6858 1
6868 2
6876 1
6882 1
6883 1
6889 1
6892 1
6901 1
6911 1
6914 1
6915 1
6921 1
6979 1
6986 1
6997 1
7002 1
7029 1
7037 1
7058 1
7076 1
7081 1
7091 1
7112 1
7123 2
7127 1
7140 1
7157 1
7158 1
7162 1
7180 1
7187 1
7191 1
7193 1
7201 1
7205 1
7210 1
7220 1
7226 1
7228 1
7238 2
7252 1
7255 1
7264 1
7267 1
7270 1
7275 2
7276 1
7277 1
7281 1
7319 2
7326 1
7344 1
7358 1
7378 1
7382 1
7390 1
7399 1
7416 1
7421 1
7459 1
7472 1
7473 1
7480 1
7481 1
7492 1
7509 1
7525 1
7528 1
7559 1
7581 1
7587 1
7598 1
7606 1
7615 1
7623 1
7632 1
7648 1
7660 1
7663 1
7668 1
7687 1
7691 1
7696 1
7697 1
7711 1
7725 2
7726 1
7736 1
7749 1
7763 1
7767 1
7788 1
7793 1
7805 1
7812 1
7829 1
7847 1
7858 1
7873 1
7890 1
7893 1
7902 1
7917 1
7922 1
7927 2
7936 1
7941 1
7942 1
7959 1
7974 1
7987 1
7993 1
8020 1
8026 1
8031 1
8044 1
8048 1
8087 1
8108 1
8115 1
8116 1
8118 2
8127 1
8184 1
8189 1
8200 1
8216 1
8225 1
8228 1
8232 1
8267 1
8271 1
8313 1
8314 1
8330 1
8339 1
8341 1
8368 1
8391 1
8399 1
8437 1
8450 1
8469 1
8488 1
8492 1
8495 1
8500 1
8505 1
8506 1
8507 1
8515 1
8541 1
8556 1
8569 1
8587 1
8592 1
8595 1
8606 1
8610 1
8638 1
8655 1
8671 1
8686 1
8693 1
8696 1
8697 1
8715 1
8717 1
8758 1
8767 1
8796 2
8805 1
8822 1
8850 1
8853 1
8862 1
8898 1
8905 1
8912 1
8927 1
8937 1
8947 1
8957 1
8967 1
8970 1
8986 1
9000 1
9004 1
9021 1
9062 1
9082 1
9104 1
9114 1
9144 1
9172 1
9214 1
9231 1
9259 1
9260 1
9270 1
9311 1
9329 1
9341 1
9347 1
9376 1
9389 1
9396 1
9404 1
9418 1
9421 1
9427 1
9429 1
9435 1
9540 1
9542 1
9548 2
9551 1
9565 1
9655 1
9667 1
9685 1
9702 1
9718 1
9748 1
9825 1
9841 1
9848 1
9849 1
9883 1
9931 1
9945 1
9956 2
9966 1
9971 1
10001 1
10047 1
10108 1
10209 1
10276 1
10281 1
10332 1
10388 1
10408 1
10410 1
10505 1
10511 1
10527 1
10537 1
10562 1
10569 1
10589 1
10675 1
10689 1
10732 1
10733 1
10739 1
10893 1
11096 1
11103 1
11116 1
11135 1
11150 1
11212 1
11229 1
11233 1
11255 1
11260 1
11323 1
11333 1
11339 1
11362 1
11374 1
11445 1
11515 1
11580 1
11641 1
11692 2
11756 1
11758 1
11783 1
11809 1
11842 1
12266 1
12497 1
12560 1
12940 1
12992 1
13059 1
13092 1
13109 1
13110 1
13126 1
13151 1
13162 1
13167 1
13295 1
13513 1
13679 1
13699 1
13743 1
13768 1
13790 1
13900 1
13942 1
14027 1
14040 1
14254 1
14258 1
14271 1
14487 1
14491 1
14514 1
14558 1
14587 1
14705 1
14711 1
14774 1
14934 1
14943 1
15088 1
15092 1
15131 1
15189 1
15315 1
15390 1
15406 1
15473 1
15609 1
15706 1
15714 1
16120 1
16157 1
16238 1
16250 1
16361 1
16705 1
16819 1
16966 1
16996 1
17120 1
17149 1
17272 1
18383 1
18478 1
18795 1
19187 1
19348 1
19710 1
19728 1
20441 1
20484 1
20526 1
20561 1
21146 1
21160 1
21245 1
21465 1
21529 1
21607 1
21795 1
22134 1
22185 1
22587 1
23001 1
23269 1
23355 1
23433 1
23441 1
23789 1
23977 1
23979 1
24518 1
26011 1
26315 1
26391 1
26474 1
26779 1
27316 1
27816 1
29372 1
29384 1
30350 1
33495 1
34345 1
34638 1
35166 1
35545 1
36352 1
38751 1
40338 1
43049 1
43075 1
43295 1
43369 1
44949 1
46882 1
50006 1
92306 1
98091 1
157226 1
221407 1
