1 1877
2 20588
3 126092
4 356386
5 354643
6 525624
7 1162050
8 1720780
9 2254366
10 2659702
11 2722560
12 2490165
13 2530471
14 2339429
15 1918439
16 1582195
17 1281048
18 964575
19 699559
20 500754
21 348889
22 243429
23 166164
24 108372
25 65857
26 40959
27 26072
28 17185
29 12117
30 9532
31 7892
32 6849
33 6034
34 4957
35 4305
36 3627
37 3044
38 2535
39 2122
40 1718
41 1429
42 1197
43 1020
44 799
45 642
46 520
47 376
48 334
49 202
50 150
51 121
52 90
53 58
54 46
55 28
56 24
57 18
58 14
59 10
60 12
61 7
62 10
63 5
64 3
65 4
66 2
67 5
68 2
69 1
70 1
71 5
72 3
73 1
74 1
76 2
77 1
78 1
81 1
