1 6537013
2 2433850
3 1311109
4 832255
5 546012
6 443085
7 306908
8 270421
9 216210
10 180342
11 138711
12 155213
13 102409
14 99505
15 95327
16 85986
17 61949
18 75495
19 50619
20 61934
21 51667
22 43262
23 34617
24 53646
25 32658
26 31536
27 32415
28 33957
29 21867
30 35549
31 18832
32 26885
33 21901
34 18955
35 18501
36 28722
37 12812
38 15467
39 16120
40 21346
41 10476
42 19789
43 9518
44 15207
45 14942
46 10823
47 7740
48 18930
49 8310
50 11809
51 9658
52 11514
53 5934
54 12871
55 7583
56 12060
57 7558
58 7205
59 4578
60 15478
61 4249
62 6274
63 7730
64 8929
65 5422
66 9395
67 3434
68 7340
69 5142
70 7958
71 2901
72 11236
73 2741
74 4651
75 6009
76 6172
77 3729
78 7375
79 2185
80 8159
81 4107
82 3826
83 1997
84 9055
85 3205
86 3648
87 3161
88 5797
89 1605
90 7788
91 2524
92 4444
93 2724
94 3279
95 2482
96 7432
97 1260
98 3764
99 3096
100 5289
101 1066
102 4616
103 1044
104 4517
105 3916
106 2530
107 949
108 6119
109 938
110 3906
111 1979
112 4643
113 769
114 3977
115 1667
116 3202
117 2330
118 2011
119 1371
120 6544
121 906
122 1921
123 1455
124 2668
125 1374
126 4572
127 555
128 3162
129 1341
130 3027
131 522
132 4459
133 1057
134 1632
135 2443
136 2948
137 410
138 2782
139 410
140 3919
141 1157
142 1500
143 821
144 4534
145 979
146 1410
147 1571
148 1970
149 386
150 3536
151 332
152 2387
153 1354
154 2213
155 799
156 3269
157 278
158 1138
159 755
160 3142
161 704
162 2596
163 227
164 1622
165 1662
166 1109
167 222
168 3718
169 400
170 1824
171 1045
172 1396
173 179
174 1902
175 1106
176 2217
177 639
178 869
179 156
180 3630
181 150
182 1520
183 602
184 1599
185 574
186 1652
187 455
188 1201
189 1263
190 1487
191 129
192 2550
193 140
194 750
195 1198
196 1617
197 131
198 2069
199 105
200 2194
201 502
202 660
203 442
204 1979
205 491
206 621
207 682
208 1500
209 359
210 2436
211 88
212 941
213 428
214 602
215 423
216 2361
217 416
218 519
219 363
220 1694
221 292
222 1205
223 63
224 1548
225 1066
226 481
227 65
228 1566
229 70
230 1031
231 866
232 1142
233 52
234 1471
235 375
236 647
237 305
238 873
239 55
240 2374
241 56
242 611
243 533
244 598
245 530
246 844
247 272
248 860
249 265
250 850
251 43
252 1938
253 240
254 328
255 710
256 862
257 45
258 814
259 306
260 1192
261 475
262 337
263 30
264 1669
265 284
266 734
267 249
268 512
269 29
270 1609
271 28
272 807
273 574
274 290
275 416
276 1089
277 24
278 266
279 392
280 1542
281 32
282 658
283 30
284 478
285 553
286 590
287 250
288 1497
289 102
290 653
291 179
292 432
293 20
294 932
295 192
296 603
297 479
298 268
299 155
300 1412
301 209
302 215
303 163
304 728
305 182
306 893
307 24
308 868
309 161
310 575
311 19
312 1228
313 23
314 179
315 808
316 324
317 16
318 508
319 219
320 993
321 142
322 505
323 131
324 1010
325 304
326 170
327 132
328 450
329 178
330 1031
331 13
332 278
333 292
334 174
335 147
336 1311
337 10
338 302
339 115
340 698
341 139
342 681
343 161
344 446
345 340
346 148
347 7
348 680
349 10
350 692
351 400
352 653
353 12
354 404
355 151
356 259
357 338
358 143
359 8
360 1427
361 72
362 148
363 252
364 624
365 120
366 380
367 11
368 479
369 241
370 368
371 157
372 572
373 11
374 401
375 313
376 350
377 102
378 789
379 10
380 598
381 75
382 122
383 9
384 782
385 352
386 112
387 235
388 219
389 6
390 724
391 75
392 589
393 80
394 127
395 106
396 778
397 4
398 104
399 297
400 678
401 5
402 305
403 128
404 171
405 394
406 335
407 127
408 605
409 3
410 302
411 87
412 179
413 114
414 465
415 103
416 442
417 84
418 295
419 3
420 938
421 8
422 94
423 203
424 251
425 167
426 236
427 113
428 157
429 260
430 279
431 4
432 785
433 9
434 267
435 246
436 163
437 83
438 250
439 2
440 656
441 334
442 230
443 6
444 412
445 72
446 67
447 51
448 509
449 5
450 660
451 115
452 120
453 65
454 72
455 256
456 543
457 3
458 83
459 223
460 391
462 512
463 4
464 285
465 197
466 72
468 609
469 94
470 214
471 50
472 190
473 114
474 204
475 124
476 333
477 158
478 71
479 5
480 792
481 90
482 79
483 185
484 236
485 66
486 343
487 6
488 206
489 49
490 363
491 2
492 285
493 66
494 196
495 307
496 237
497 71
498 176
499 6
500 284
501 50
502 50
503 7
504 643
505 55
506 188
507 139
508 78
509 3
510 406
511 65
512 221
513 179
514 52
515 53
516 258
517 78
518 218
519 44
520 432
521 1
522 294
523 1
524 84
525 252
526 36
527 47
528 493
529 30
530 192
531 96
532 244
533 67
534 115
535 57
536 150
537 40
538 37
539 132
540 594
541 3
542 48
543 34
544 265
545 46
546 363
547 2
548 70
549 117
550 286
551 68
552 331
553 53
554 37
555 148
556 73
557 5
558 226
559 75
560 476
561 140
562 30
563 1
564 221
565 39
566 29
567 197
568 118
569 6
570 302
572 266
573 28
574 147
575 85
576 469
577 5
578 88
579 28
580 204
581 48
582 88
583 80
584 112
585 263
586 18
587 4
588 370
589 48
590 118
591 28
592 169
593 5
594 314
595 141
596 48
597 26
598 146
599 5
600 474
601 4
602 117
603 91
604 41
605 102
606 92
607 3
608 183
609 104
610 126
611 58
612 320
613 5
614 19
615 125
616 315
617 10
618 61
619 3
620 178
621 117
622 22
623 45
624 347
625 41
626 16
627 145
628 36
629 57
630 462
631 3
632 80
633 25
634 21
635 34
636 169
637 101
638 141
639 72
640 269
642 75
644 175
645 109
646 106
648 346
649 54
650 206
651 108
652 27
653 1
654 62
655 28
656 127
657 62
658 109
659 2
660 410
661 1
662 16
663 129
664 68
665 99
666 156
667 39
668 42
669 20
670 74
671 52
672 387
673 2
674 13
675 148
676 116
677 2
678 52
679 24
680 233
681 22
682 121
683 3
684 233
685 26
686 96
687 13
688 101
689 47
690 222
691 3
692 28
693 179
694 10
695 13
696 212
697 45
698 11
699 18
700 242
701 3
702 227
703 52
704 186
705 85
706 7
707 28
708 136
709 4
710 86
711 47
712 70
713 34
714 201
715 101
716 30
717 19
718 13
719 2
720 479
721 36
722 55
723 12
724 23
725 59
726 120
727 1
728 200
729 57
730 65
731 30
732 103
733 1
734 10
735 146
736 135
737 36
738 129
739 2
740 106
741 110
742 89
743 6
744 137
745 24
746 4
747 49
748 137
749 29
750 190
751 1
752 99
753 11
754 92
755 19
756 290
757 2
758 9
759 84
760 164
761 3
762 24
763 33
764 15
765 126
766 11
767 53
768 192
769 1
770 203
771 7
772 23
773 2
774 105
775 46
776 51
777 68
778 5
779 45
780 309
781 32
782 72
783 73
784 167
785 16
786 34
787 2
788 22
789 11
790 61
791 28
792 314
793 50
794 9
795 71
796 25
798 159
799 28
800 179
801 42
802 3
803 29
804 85
805 73
806 78
807 15
808 37
809 1
810 225
811 2
812 106
813 14
814 68
815 15
816 224
817 26
818 8
819 135
820 89
821 5
822 23
823 5
824 36
825 133
826 64
827 2
828 177
830 50
831 9
832 143
833 47
834 23
835 24
836 107
837 59
838 8
839 1
840 360
841 10
842 6
843 3
844 9
845 46
846 105
847 55
848 63
849 5
850 113
851 30
852 72
854 68
855 119
856 42
858 141
860 86
861 50
862 3
863 2
864 200
865 14
866 8
867 37
868 102
869 30
870 107
871 40
872 41
873 32
874 72
875 58
876 63
877 1
878 7
879 5
880 194
881 1
882 157
884 112
885 56
886 5
887 2
888 99
889 11
890 43
891 81
892 10
893 31
894 23
895 16
896 138
897 72
898 3
899 24
900 239
901 31
902 69
903 58
904 28
905 16
906 20
907 1
908 10
909 25
910 147
911 1
912 163
913 25
914 3
915 54
916 9
917 25
918 136
920 119
921 9
922 5
923 32
924 202
925 41
926 2
927 29
928 75
929 2
930 122
931 40
932 13
933 5
934 3
935 74
936 190
938 45
939 3
940 60
941 2
942 20
943 33
944 56
945 112
946 55
947 2
948 55
949 26
950 86
951 1
952 117
954 63
955 9
956 7
957 59
958 4
959 13
960 246
961 15
962 56
963 18
964 6
965 8
966 109
968 80
969 50
970 42
971 1
972 114
973 10
974 3
975 119
976 62
978 10
979 24
980 145
981 18
982 4
984 77
985 15
986 54
987 44
988 72
989 28
990 193
991 3
992 83
993 2
994 42
995 9
996 39
997 1
998 5
999 43
1000 101
1001 72
1002 18
1003 27
1004 9
1005 44
1006 5
1007 33
1008 200
1010 31
1011 2
1012 81
1013 2
1014 81
1015 34
1016 30
1017 14
1018 2
1019 1
1020 162
1021 1
1022 45
1023 34
1024 59
1025 38
1026 100
1027 27
1028 15
1029 45
1030 26
1031 1
1032 64
1033 1
1034 54
1035 65
1036 54
1037 22
1038 15
1039 1
1040 127
1041 2
1042 1
1043 7
1044 94
1045 61
1046 3
1047 1
1048 17
1049 1
1050 158
1051 1
1052 8
1053 62
1054 45
1055 3
1056 134
1057 11
1058 32
1059 4
1060 51
1062 54
1063 1
1064 100
1065 33
1066 40
1067 17
1068 30
1070 30
1071 86
1072 31
1073 32
1074 9
1075 29
1076 10
1077 3
1078 74
1079 16
1080 216
1081 17
1082 2
1083 28
1084 9
1085 38
1086 15
1088 74
1089 32
1090 25
1091 2
1092 165
1093 3
1094 3
1095 30
1096 15
1098 49
1099 8
1100 119
1101 1
1102 54
1103 1
1104 123
1105 54
1106 29
1107 28
1108 9
1109 1
1110 74
1111 15
1112 18
1113 35
1114 1
1115 7
1116 97
1117 1
1118 31
1120 168
1121 23
1122 80
1124 4
1125 49
1127 24
1128 69
1129 1
1130 19
1131 46
1132 6
1133 18
1134 123
1135 5
1136 34
1137 4
1138 3
1139 26
1140 136
1141 5
1142 1
1143 20
1144 90
1145 7
1146 13
1147 24
1148 39
1149 8
1150 48
1152 129
1155 77
1156 36
1157 22
1158 10
1159 23
1160 76
1161 31
1162 32
1163 1
1164 30
1165 10
1166 39
1167 3
1168 35
1169 7
1170 133
1172 3
1173 52
1174 1
1175 27
1176 135
1177 22
1178 46
1179 14
1180 52
1181 3
1182 10
1183 30
1184 46
1185 29
1188 130
1189 31
1190 64
1191 1
1192 15
1194 13
1195 3
1196 57
1197 59
1198 5
1199 15
1200 160
1201 2
1202 2
1203 4
1204 57
1205 1
1206 34
1207 17
1208 6
1209 41
1210 59
1211 6
1212 21
1214 6
1215 56
1216 57
1218 63
1219 17
1220 29
1221 32
1222 29
1224 113
1225 26
1226 4
1227 3
1228 6
1229 1
1230 58
1231 1
1232 111
1233 8
1234 5
1235 38
1236 29
1238 5
1239 19
1240 65
1241 21
1242 74
1243 11
1244 7
1245 24
1246 18
1247 16
1248 121
1250 27
1251 13
1252 5
1253 3
1254 72
1255 5
1256 16
1257 5
1258 37
1259 2
1260 189
1261 17
1262 1
1263 3
1264 26
1265 32
1266 10
1267 11
1268 3
1269 28
1270 13
1271 11
1272 54
1273 25
1274 64
1275 48
1276 51
1278 20
1280 80
1281 21
1282 3
1284 37
1285 4
1287 48
1288 90
1290 57
1291 1
1292 46
1293 1
1295 24
1296 104
1298 33
1299 2
1300 66
1302 62
1304 11
1305 51
1306 1
1307 1
1308 22
1309 34
1310 10
1311 41
1312 41
1313 16
1314 35
1315 3
1316 33
1317 3
1318 3
1319 2
1320 149
1323 44
1324 2
1325 19
1326 57
1328 24
1330 72
1331 6
1332 63
1333 14
1334 45
1335 20
1336 14
1337 5
1338 8
1339 17
1340 28
1341 6
1342 30
1343 15
1344 107
1345 6
1346 2
1347 2
1348 8
1349 21
1350 81
1351 6
1352 36
1353 20
1354 2
1355 5
1356 18
1357 15
1358 19
1359 10
1360 84
1362 5
1363 14
1364 34
1365 78
1366 2
1368 101
1369 6
1370 11
1371 1
1372 47
1373 1
1374 10
1375 31
1376 46
1377 30
1378 27
1379 1
1380 81
1382 2
1383 2
1384 10
1385 2
1386 95
1387 19
1388 3
1389 2
1390 10
1391 15
1392 68
1393 8
1394 34
1395 30
1396 1
1397 6
1398 8
1400 79
1401 1
1402 1
1403 18
1404 95
1405 4
1406 29
1407 22
1408 57
1409 1
1410 46
1411 16
1412 1
1413 5
1414 19
1415 1
1416 41
1417 20
1418 1
1419 22
1420 28
1421 22
1422 22
1424 21
1425 35
1426 29
1428 98
1429 1
1430 53
1431 17
1432 7
1433 1
1434 10
1435 26
1436 2
1437 2
1440 130
1441 11
1442 12
1443 19
1444 16
1445 25
1446 6
1448 7
1449 42
1450 42
1452 43
1454 2
1455 8
1456 84
1457 12
1458 39
1460 31
1461 1
1462 31
1463 15
1464 27
1465 2
1467 5
1468 1
1469 12
1470 86
1471 2
1472 46
1474 19
1475 15
1476 46
1477 3
1478 2
1479 23
1480 37
1482 55
1484 25
1485 59
1486 1
1487 1
1488 50
1490 7
1491 20
1492 4
1494 19
1495 37
1496 54
1497 1
1498 25
1500 70
1501 9
1502 4
1503 6
1504 26
1505 19
1506 4
1507 8
1508 47
1509 2
1510 9
1512 123
1513 13
1514 1
1515 12
1516 4
1517 17
1518 43
1519 9
1520 60
1521 25
1524 16
1525 14
1526 14
1528 6
1529 10
1530 78
1532 5
1533 24
1534 23
1535 1
1536 62
1537 14
1538 3
1539 32
1540 79
1541 16
1542 1
1543 2
1544 4
1545 21
1546 1
1547 29
1548 45
1550 31
1551 13
1552 15
1554 38
1555 1
1556 3
1557 7
1558 16
1560 119
1561 7
1562 23
1563 1
1564 45
1565 6
1566 49
1568 54
1569 2
1570 9
1572 19
1573 25
1574 2
1575 52
1576 5
1577 8
1578 4
1580 16
1581 25
1582 15
1584 94
1585 3
1586 21
1587 18
1588 4
1589 2
1590 45
1591 14
1592 9
1593 9
1594 5
1595 24
1596 92
1597 2
1598 21
1599 24
1600 68
1602 22
1603 4
1604 2
1605 14
1606 26
1608 32
1609 1
1610 42
1611 10
1612 34
1614 2
1615 22
1616 15
1617 35
1618 2
1620 98
1622 2
1624 37
1625 25
1626 5
1628 31
1629 6
1630 6
1631 1
1632 72
1633 19
1634 15
1635 11
1636 5
1638 93
1639 9
1640 35
1641 2
1642 1
1643 15
1644 11
1645 14
1646 2
1647 17
1648 19
1649 7
1650 59
1651 5
1652 23
1653 18
1655 2
1656 66
1658 3
1659 12
1660 22
1661 12
1662 3
1664 34
1665 19
1666 33
1668 9
1670 10
1671 2
1672 41
1673 2
1674 54
1675 16
1676 4
1677 22
1678 2
1679 20
1680 129
1681 6
1682 13
1683 32
1684 1
1685 4
1686 3
1687 4
1688 5
1689 1
1690 23
1691 12
1692 38
1694 30
1695 9
1696 33
1698 4
1700 66
1701 34
1702 27
1703 11
1704 32
1705 16
1706 1
1708 35
1710 63
1711 8
1712 14
1713 5
1715 15
1716 58
1717 10
1718 1
1719 3
1720 31
1722 34
1724 1
1725 41
1727 4
1728 67
1729 16
1730 6
1731 2
1732 1
1733 1
1734 22
1736 39
1737 5
1738 10
1739 6
1740 46
1741 1
1742 17
1743 11
1744 17
1745 1
1746 18
1747 1
1748 25
1749 17
1750 26
1751 16
1752 18
1754 1
1755 52
1756 3
1757 5
1758 3
1760 72
1761 3
1763 8
1764 72
1765 2
1767 22
1768 49
1769 11
1770 33
1771 20
1772 1
1773 7
1775 11
1776 43
1778 4
1779 3
1780 12
1781 6
1782 52
1784 4
1785 42
1786 18
1788 8
1790 6
1791 7
1792 46
1793 3
1794 44
1795 1
1797 1
1798 20
1799 2
1800 102
1802 22
1804 22
1805 11
1806 21
1807 3
1808 15
1809 22
1810 4
1811 1
1812 3
1813 10
1815 22
1816 4
1817 10
1818 26
1819 10
1820 51
1821 1
1822 1
1824 49
1825 10
1826 14
1827 27
1829 8
1830 34
1831 1
1832 4
1833 13
1834 12
1835 1
1836 56
1837 4
1840 47
1841 3
1842 4
1843 8
1845 22
1846 21
1848 89
1849 6
1850 16
1851 4
1852 1
1853 8
1854 16
1855 15
1856 34
1857 2
1858 2
1859 8
1860 40
1862 29
1863 28
1864 4
1865 2
1866 1
1867 1
1869 12
1870 46
1872 77
1874 1
1875 20
1876 18
1878 9
1880 27
1881 19
1883 3
1884 18
1885 22
1886 24
1887 20
1888 18
1890 58
1891 6
1892 20
1893 3
1894 2
1895 1
1896 17
1897 1
1898 14
1899 5
1900 46
1902 1
1903 7
1904 38
1905 8
1908 35
1909 8
1910 4
1911 16
1912 2
1914 50
1915 1
1916 1
1917 9
1918 7
1919 7
1920 84
1921 6
1922 6
1923 1
1924 21
1925 32
1926 11
1927 6
1928 4
1930 3
1932 32
1935 13
1936 24
1937 10
1938 26
1939 1
1940 13
1941 2
1943 11
1944 51
1945 1
1946 14
1947 19
1950 52
1952 18
1953 16
1955 15
1956 4
1957 9
1958 12
1959 1
1960 42
1961 7
1962 10
1963 2
1964 3
1965 3
1967 1
1968 32
1969 5
1970 5
1971 8
1972 28
1974 25
1975 6
1976 37
1978 19
1980 78
1981 1
1982 1
1984 31
1985 1
1986 4
1987 1
1988 14
1989 28
1990 1
1991 5
1992 20
1995 32
1996 4
1998 23
2000 40
2001 14
2002 26
2004 6
2005 1
2006 14
2007 3
2008 2
2009 12
2010 18
2011 1
2012 2
2013 11
2014 23
2015 16
2016 79
2020 10
2021 10
2022 2
2023 6
2024 21
2025 33
2028 14
2030 23
2031 2
2032 12
2033 7
2034 11
2035 10
2036 3
2037 16
2040 80
2041 6
2043 4
2044 24
2045 1
2046 30
2047 6
2048 20
2050 16
2051 4
2052 44
2054 15
2055 8
2056 4
2057 11
2058 31
2059 5
2060 12
2061 2
2064 33
2065 8
2067 15
2068 18
2070 36
2071 10
2072 22
2074 16
2075 9
2076 5
2077 10
2078 1
2079 32
2080 45
2082 2
2085 7
2086 7
2088 44
2090 23
2091 15
2092 1
2093 16
2094 2
2095 1
2096 8
2097 4
2100 80
2101 2
2103 1
2104 3
2105 1
2106 47
2107 8
2108 13
2109 10
2110 3
2112 50
2114 11
2115 12
2116 17
2117 6
2118 1
2119 2
2120 25
2121 8
2123 3
2124 17
2125 25
2126 2
2128 46
2130 11
2132 23
2133 11
2134 11
2135 10
2136 17
2137 2
2139 22
2140 16
2141 1
2142 47
2144 14
2145 25
2146 12
2147 6
2148 9
2149 3
2150 18
2151 3
2152 7
2154 1
2155 2
2156 28
2157 1
2158 14
2159 2
2160 73
2162 13
2163 13
2164 1
2165 2
2166 11
2167 4
2169 5
2170 27
2171 4
2172 8
2173 10
2175 12
2176 28
2177 1
2178 32
2180 14
2183 8
2184 64
2185 14
2186 1
2187 6
2188 1
2189 5
2190 27
2191 1
2192 7
2193 11
2196 27
2197 1
2198 8
2199 2
2200 39
2201 8
2202 1
2204 21
2205 31
2208 26
2209 4
2210 34
2211 12
2212 17
2213 1
2214 21
2215 1
2216 5
2217 2
2219 2
2220 33
2222 10
2223 17
2224 5
2225 9
2226 15
2227 6
2228 1
2230 2
2231 10
2232 37
2233 8
2235 10
2236 16
2240 51
2241 9
2242 12
2244 32
2245 1
2247 5
2248 1
2249 2
2250 38
2252 1
2254 24
2255 7
2256 25
2257 8
2258 1
2260 10
2261 16
2262 20
2263 13
2264 4
2265 8
2266 11
2268 48
2270 4
2271 1
2272 11
2274 4
2275 22
2276 3
2277 12
2278 11
2279 7
2280 76
2282 6
2283 2
2284 1
2286 10
2288 35
2289 5
2291 3
2292 7
2294 13
2295 21
2296 21
2298 4
2299 6
2300 31
2301 16
2303 13
2304 41
2307 3
2308 1
2310 61
2311 1
2312 15
2313 3
2314 11
2315 1
2316 4
2318 9
2320 31
2321 7
2322 21
2323 7
2324 17
2325 20
2326 1
2327 4
2328 18
2329 4
2330 3
2331 9
2332 21
2333 1
2336 17
2337 11
2338 5
2340 54
2342 1
2343 14
2344 3
2345 12
2346 29
2349 16
2350 15
2352 43
2354 7
2355 3
2356 19
2358 5
2359 1
2360 24
2361 1
2362 1
2363 4
2364 7
2365 10
2366 10
2367 2
2368 21
2369 7
2370 18
2373 3
2375 8
2376 39
2378 7
2379 9
2380 30
2382 2
2384 4
2385 12
2387 11
2388 4
2390 1
2392 21
2394 44
2396 2
2397 7
2398 8
2400 51
2401 6
2403 11
2404 2
2405 11
2406 1
2407 8
2408 15
2409 8
2410 7
2412 15
2413 7
2414 3
2415 32
2416 4
2418 16
2419 4
2420 13
2421 2
2422 4
2424 8
2425 8
2428 3
2429 1
2430 27
2431 9
2432 23
2436 42
2438 14
2439 2
2440 14
2442 22
2443 1
2444 11
2445 4
2448 35
2449 4
2450 32
2451 15
2452 4
2453 4
2454 2
2455 1
2456 3
2457 28
2458 1
2460 24
2461 8
2463 1
2464 28
2465 9
2466 4
2468 1
2470 19
2472 12
2475 20
2476 2
2478 13
2479 7
2480 23
2482 8
2483 2
2484 37
2485 5
2486 5
2487 1
2488 4
2489 4
2490 13
2491 4
2492 9
2493 4
2494 8
2496 45
2499 9
2500 17
2501 8
2502 10
2504 2
2505 4
2506 5
2507 4
2508 36
2509 4
2510 2
2511 12
2512 7
2513 1
2514 2
2516 15
2520 68
2522 13
2523 5
2524 3
2525 7
2526 2
2527 2
2528 18
2530 19
2532 7
2533 7
2534 3
2535 12
2536 1
2537 8
2538 20
2540 7
2541 13
2542 11
2543 1
2544 26
2545 1
2546 10
2548 27
2550 23
2552 18
2553 14
2555 11
2556 10
2560 38
2561 2
2562 14
2563 1
2564 2
2565 15
2566 1
2567 1
2568 18
2569 1
2570 1
2571 1
2573 1
2574 31
2575 7
2576 25
2580 24
2581 6
2582 1
2583 15
2584 22
2585 11
2587 3
2590 16
2592 36
2595 5
2596 14
2597 8
2598 2
2599 4
2600 37
2601 9
2603 5
2604 34
2607 3
2608 5
2610 20
2611 1
2612 1
2613 7
2616 10
2618 19
2619 4
2620 10
2622 17
2623 3
2624 15
2625 23
2626 4
2627 4
2628 22
2629 3
2630 2
2631 1
2632 16
2634 2
2635 5
2637 2
2639 10
2640 51
2641 4
2644 2
2645 9
2646 35
2648 2
2649 1
2650 14
2651 3
2652 24
2653 1
2655 9
2656 12
2658 3
2659 1
2660 24
2662 3
2663 1
2664 29
2665 9
2666 10
2667 6
2668 13
2669 2
2670 18
2672 5
2673 18
2674 3
2675 8
2676 3
2678 11
2679 7
2680 11
2682 10
2684 11
2685 5
2686 8
2688 45
2690 2
2691 12
2693 1
2694 1
2695 6
2696 2
2697 6
2698 11
2700 43
2701 7
2702 6
2703 6
2704 15
2706 11
2708 2
2709 9
2710 4
2712 14
2714 9
2715 9
2716 8
2717 10
2718 4
2720 30
2721 1
2723 1
2724 6
2725 6
2726 7
2727 5
2728 18
2730 41
2732 2
2736 44
2737 7
2738 2
2739 10
2740 12
2742 1
2744 12
2745 8
2747 2
2748 2
2750 15
2751 5
2752 19
2754 21
2755 10
2756 14
2758 4
2759 4
2760 36
2761 1
2763 1
2764 1
2765 6
2766 1
2768 6
2769 3
2770 3
2771 2
2772 41
2773 4
2774 9
2775 12
2776 1
2779 1
2780 6
2781 5
2782 4
2783 6
2784 29
2786 3
2788 6
2790 26
2792 3
2793 15
2794 5
2795 8
2796 1
2798 1
2799 1
2800 39
2802 1
2804 3
2805 19
2806 10
2808 35
2809 3
2810 1
2811 1
2812 12
2813 5
2814 9
2815 2
2816 19
2817 1
2820 14
2821 11
2822 9
2824 4
2825 6
2826 7
2827 2
2828 8
2829 7
2830 4
2831 4
2832 18
2834 5
2835 13
2838 12
2839 5
2840 18
2841 1
2842 8
2844 11
2845 1
2846 1
2847 8
2848 8
2849 5
2850 24
2851 1
2852 15
2856 28
2859 1
2860 19
2862 16
2864 5
2867 1
2868 4
2869 5
2870 12
2871 16
2872 5
2873 1
2874 3
2875 8
2876 1
2877 6
2880 46
2881 5
2882 2
2883 4
2884 4
2885 1
2886 24
2888 10
2889 5
2890 4
2891 5
2892 1
2893 4
2895 2
2896 4
2898 21
2899 2
2900 19
2901 1
2902 1
2904 21
2905 2
2906 1
2907 12
2910 7
2911 8
2912 17
2914 4
2915 5
2916 18
2917 2
2919 4
2920 13
2921 2
2923 2
2924 12
2925 17
2926 9
2928 18
2929 3
2930 1
2934 6
2936 1
2937 5
2938 7
2940 32
2941 4
2943 4
2944 24
2945 12
2946 1
2948 14
2949 2
2950 8
2951 5
2952 20
2954 7
2955 4
2956 2
2958 23
2960 11
2961 11
2964 17
2966 1
2967 10
2968 8
2970 29
2972 1
2973 2
2974 1
2975 15
2976 23
2977 4
2980 5
2981 1
2982 7
2983 1
2984 2
2985 2
2987 7
2988 9
2989 5
2990 15
2992 24
2993 2
2994 2
2995 2
2996 5
2997 6
2999 1
3000 24
3002 4
3003 13
3004 1
3005 1
3006 5
3007 4
3008 10
3009 3
3010 16
3012 4
3013 6
3014 2
3015 9
3016 10
3020 2
3021 5
3022 1
3023 1
3024 47
3025 9
3026 4
3027 2
3028 1
3029 5
3030 12
3032 1
3033 1
3034 4
3035 1
3036 20
3038 12
3040 25
3042 22
3043 1
3044 1
3045 16
3047 4
3048 11
3050 10
3051 5
3052 7
3053 3
3055 9
3056 4
3058 3
3059 12
3060 30
3064 1
3065 1
3066 16
3067 1
3068 6
3069 15
3070 2
3071 7
3072 18
3073 1
3074 7
3075 9
3076 1
3077 5
3078 17
3080 25
3081 4
3082 8
3083 1
3084 3
3085 3
3086 1
3087 9
3088 6
3090 6
3094 10
3096 13
3098 1
3100 17
3101 2
3102 18
3103 2
3104 7
3105 11
3106 1
3107 4
3108 20
3110 2
3111 8
3112 3
3113 1
3114 4
3115 2
3116 5
3118 1
3120 38
3122 3
3123 1
3124 9
3125 3
3127 3
3128 17
3129 9
3130 1
3131 2
3132 18
3135 13
3136 18
3139 2
3140 6
3144 9
3145 4
3146 6
3147 1
3149 4
3150 31
3151 2
3152 4
3154 9
3156 5
3157 6
3159 12
3160 9
3161 4
3162 13
3164 4
3166 1
3168 38
3170 2
3171 3
3172 8
3173 3
3174 6
3175 4
3176 1
3178 4
3179 5
3180 16
3181 1
3182 15
3184 3
3185 9
3186 9
3190 8
3192 31
3193 2
3195 8
3196 9
3197 4
3198 13
3200 21
3201 9
3204 9
3206 2
3208 1
3209 1
3210 11
3211 1
3212 8
3213 14
3216 7
3217 1
3219 6
3220 22
3222 2
3224 9
3225 13
3227 1
3228 1
3230 13
3231 1
3232 8
3233 1
3234 23
3236 1
3237 3
3239 3
3240 33
3241 3
3243 4
3245 3
3247 1
3248 17
3249 1
3250 15
3252 1
3254 1
3255 7
3256 12
3258 7
3260 8
3261 1
3262 2
3263 2
3264 21
3266 7
3267 16
3268 8
3270 9
3274 1
3275 2
3276 31
3278 3
3280 18
3281 1
3282 1
3283 1
3284 3
3285 7
3286 11
3288 7
3289 8
3290 9
3292 1
3293 6
3294 7
3295 1
3296 4
3297 4
3298 5
3300 28
3302 4
3303 2
3304 5
3306 19
3308 1
3310 1
3311 7
3312 16
3314 1
3315 6
3316 1
3317 3
3318 7
3319 1
3320 6
3321 9
3322 1
3324 3
3325 10
3326 1
3328 15
3330 22
3332 10
3333 3
3335 4
3336 10
3337 5
3338 1
3339 6
3340 7
3341 2
3342 2
3344 11
3345 3
3346 1
3348 15
3350 9
3352 1
3354 18
3355 5
3357 1
3358 11
3360 30
3362 5
3363 5
3364 4
3366 18
3367 3
3368 1
3370 1
3372 1
3374 5
3375 16
3376 6
3377 1
3379 4
3380 13
3381 8
3382 4
3384 10
3385 1
3388 16
3389 1
3390 10
3392 13
3393 8
3395 3
3396 1
3397 7
3398 2
3399 6
3400 17
3401 4
3402 11
3404 9
3405 1
3406 3
3407 1
3408 16
3409 1
3410 13
3412 1
3414 1
3415 2
3416 12
3417 4
3419 3
3420 18
3421 1
3422 6
3423 2
3424 8
3425 1
3426 1
3427 2
3429 4
3430 10
3431 2
3432 20
3434 10
3435 3
3437 1
3438 6
3439 2
3440 11
3441 7
3442 1
3444 16
3445 2
3447 1
3448 3
3450 17
3451 10
3453 1
3454 3
3455 3
3456 19
3458 10
3460 3
3464 1
3465 18
3468 8
3469 1
3470 2
3471 7
3472 11
3473 1
3475 3
3476 5
3477 7
3478 7
3479 4
3480 17
3481 1
3483 6
3484 7
3485 7
3486 8
3488 8
3489 2
3492 8
3495 4
3496 6
3498 8
3500 19
3501 1
3502 3
3503 3
3504 10
3507 1
3509 1
3510 21
3514 1
3515 4
3516 1
3519 9
3520 20
3521 1
3522 3
3523 3
3525 6
3526 8
3527 2
3528 22
3530 2
3531 3
3533 2
3534 8
3535 5
3536 4
3537 8
3538 7
3540 12
3542 9
3546 4
3549 8
3550 10
3551 2
3552 18
3553 4
3555 3
3556 4
3558 2
3560 3
3562 3
3563 2
3564 16
3565 4
3567 3
3568 3
3569 3
3570 25
3572 5
3575 12
3576 3
3577 1
3580 1
3582 5
3584 8
3586 1
3587 3
3588 16
3589 3
3590 1
3591 12
3595 1
3596 8
3597 2
3598 3
3599 3
3600 28
3604 12
3605 4
3607 1
3608 9
3609 2
3610 3
3611 3
3612 12
3613 1
3614 3
3615 2
3616 4
3618 6
3619 6
3620 2
3621 3
3622 1
3623 1
3624 6
3625 6
3626 8
3627 7
3628 1
3629 3
3630 14
3632 2
3633 5
3634 6
3636 6
3638 9
3640 19
3641 2
3642 2
3643 3
3645 11
3648 19
3650 4
3652 12
3654 20
3655 4
3656 2
3657 1
3658 7
3659 1
3660 17
3661 1
3663 5
3664 1
3665 2
3666 10
3667 1
3668 7
3672 17
3674 3
3675 12
3678 1
3680 11
3681 1
3682 2
3683 6
3684 1
3685 6
3686 4
3688 3
3689 9
3690 16
3691 1
3692 4
3696 25
3698 4
3699 8
3700 12
3701 1
3703 1
3705 3
3706 4
3708 15
3710 6
3711 1
3712 7
3713 2
3717 7
3718 15
3720 21
3721 2
3723 5
3724 14
3725 5
3726 12
3728 2
3729 2
3731 3
3732 1
3734 2
3735 8
3737 3
3738 13
3740 29
3741 6
3743 4
3744 14
3745 5
3749 1
3750 7
3751 2
3752 6
3753 3
3754 1
3756 2
3757 3
3759 1
3760 9
3762 12
3763 2
3764 1
3765 1
3768 6
3770 10
3772 5
3773 2
3774 11
3775 6
3776 6
3780 22
3781 2
3782 5
3783 4
3784 13
3785 1
3788 2
3789 2
3790 1
3791 3
3792 10
3794 3
3795 6
3796 5
3798 2
3799 3
3800 12
3801 1
3804 1
3806 3
3808 12
3809 1
3810 3
3811 3
3812 1
3813 11
3815 1
3816 18
3817 3
3818 5
3819 4
3820 5
3822 17
3825 14
3827 1
3828 15
3829 4
3833 1
3834 6
3835 6
3836 3
3838 7
3840 16
3841 1
3842 2
3843 11
3844 7
3845 1
3848 12
3850 20
3852 7
3854 6
3855 3
3856 2
3857 4
3858 1
3859 2
3860 3
3861 10
3864 19
3869 1
3870 10
3871 2
3872 15
3874 7
3875 3
3876 10
3878 1
3880 5
3883 2
3885 9
3886 2
3887 4
3888 16
3890 1
3891 1
3892 4
3893 2
3894 10
3895 6
3900 20
3901 1
3904 4
3905 4
3906 9
3908 1
3910 7
3912 7
3913 4
3914 4
3915 15
3916 5
3920 11
3921 1
3924 4
3925 1
3926 5
3927 10
3928 4
3930 5
3931 1
3932 1
3933 6
3934 1
3935 2
3936 15
3937 2
3938 1
3939 7
3940 3
3942 4
3944 9
3945 1
3948 4
3950 7
3951 1
3952 12
3953 2
3954 1
3955 2
3956 7
3958 1
3959 1
3960 27
3961 1
3962 2
3965 3
3968 7
3969 6
3971 3
3972 2
3973 2
3975 2
3976 6
3977 1
3978 11
3979 3
3980 3
3982 2
3984 4
3987 1
3990 15
3992 1
3993 3
3995 4
3996 15
3999 2
4000 12
4002 7
4004 17
4005 2
4008 1
4011 2
4012 4
4014 4
4015 1
4016 1
4017 1
4018 5
4020 10
4023 2
4025 8
4026 2
4027 1
4028 1
4029 2
4030 4
4031 2
4032 28
4033 1
4035 1
4036 1
4038 2
4039 1
4040 3
4042 5
4044 2
4045 1
4046 7
4047 4
4048 7
4050 14
4052 2
4053 2
4055 1
4056 18
4058 1
4059 11
4060 10
4061 1
4064 7
4065 2
4066 5
4067 4
4068 5
4069 1
4070 3
4071 5
4072 1
4074 5
4077 3
4080 25
4081 4
4082 2
4083 1
4085 2
4086 6
4087 3
4088 9
4089 3
4090 6
4091 1
4092 13
4094 2
4095 21
4096 7
4100 13
4103 1
4104 11
4107 2
4108 1
4109 2
4110 2
4111 1
4113 1
4114 3
4116 8
4117 2
4118 6
4120 4
4121 1
4122 1
4123 8
4124 2
4125 6
4128 8
4130 7
4131 6
4134 8
4135 1
4136 6
4137 1
4140 18
4141 3
4142 2
4144 13
4145 1
4146 3
4147 2
4148 8
4149 1
4150 5
4152 1
4154 3
4155 1
4158 19
4160 12
4161 2
4164 3
4165 3
4170 5
4171 3
4172 6
4173 4
4175 3
4176 19
4179 3
4180 18
4182 6
4183 3
4185 4
4186 5
4188 1
4189 2
4190 1
4191 2
4192 3
4194 6
4196 2
4199 3
4200 29
4203 1
4204 1
4205 5
4206 2
4208 1
4209 2
4212 21
4214 7
4216 4
4218 9
4220 2
4221 4
4223 3
4224 19
4225 1
4228 5
4229 1
4230 16
4232 7
4233 2
4234 5
4235 6
4236 5
4238 4
4239 3
4240 7
4241 1
4242 7
4245 3
4246 1
4247 3
4248 9
4250 3
4251 4
4254 1
4255 2
4256 8
4257 11
4259 1
4260 8
4263 5
4264 10
4266 5
4267 1
4268 7
4270 6
4271 1
4272 11
4275 14
4277 5
4278 6
4280 3
4282 2
4284 23
4285 1
4288 2
4290 11
4291 3
4292 3
4293 7
4294 4
4295 3
4296 3
4298 3
4300 11
4301 5
4302 3
4305 6
4307 1
4308 1
4309 2
4310 1
4311 1
4312 11
4313 4
4316 4
4318 2
4320 38
4321 3
4323 2
4324 4
4325 3
4326 4
4328 2
4329 7
4330 2
4331 1
4332 6
4333 1
4334 1
4335 2
4336 4
4337 2
4338 4
4340 6
4342 4
4343 1
4344 4
4345 1
4346 7
4347 6
4350 9
4351 1
4352 8
4355 1
4356 13
4360 4
4365 3
4366 2
4367 1
4368 15
4369 1
4370 7
4371 3
4374 4
4375 6
4378 1
4379 2
4380 8
4381 2
4382 1
4383 2
4384 4
4386 8
4387 5
4389 10
4390 2
4392 4
4393 3
4394 3
4395 2
4396 7
4399 2
4400 12
4401 3
4402 7
4403 3
4404 2
4407 3
4408 9
4409 2
4410 17
4413 1
4415 1
4416 11
4417 1
4418 2
4420 9
4421 1
4422 2
4424 5
4425 3
4427 4
4428 11
4431 2
4433 4
4434 2
4435 1
4437 6
4438 3
4440 17
4443 1
4444 7
4445 2
4446 7
4448 5
4449 1
4450 5
4452 8
4453 2
4454 8
4455 10
4459 4
4462 4
4464 9
4465 1
4466 6
4470 3
4471 1
4472 11
4473 3
4476 4
4477 5
4480 20
4482 4
4484 4
4485 9
4488 17
4489 1
4491 1
4494 2
4495 1
4496 3
4498 5
4500 16
4503 2
4504 2
4505 2
4508 10
4509 1
4510 5
4511 1
4512 4
4514 3
4515 5
4518 3
4520 8
4521 5
4522 8
4524 7
4526 2
4527 1
4528 5
4530 3
4531 2
4532 4
4535 3
4536 13
4539 4
4540 1
4541 2
4544 7
4545 3
4550 14
4551 3
4553 1
4554 8
4556 4
4557 8
4558 4
4559 3
4560 17
4561 1
4562 1
4563 2
4564 4
4565 2
4566 2
4569 1
4570 3
4571 1
4572 2
4574 1
4575 5
4576 14
4578 1
4580 1
4581 1
4582 5
4584 1
4585 1
4587 2
4588 6
4589 1
4590 23
4592 8
4596 1
4598 6
4599 7
4600 9
4601 2
4602 5
4605 2
4606 2
4607 1
4608 5
4611 4
4615 1
4617 4
4619 4
4620 17
4623 3
4624 2
4628 4
4630 1
4632 2
4633 4
4634 1
4635 2
4636 4
4640 6
4641 8
4642 3
4644 5
4646 2
4648 6
4650 11
4653 7
4654 4
4655 4
4656 7
4658 3
4660 1
4662 10
4664 5
4665 1
4667 2
4668 1
4669 3
4670 1
4671 2
4672 8
4674 3
4675 6
4676 3
4680 11
4681 5
4683 1
4684 1
4686 7
4687 1
4690 9
4692 10
4693 2
4696 1
4698 5
4699 1
4700 5
4704 22
4706 2
4708 1
4709 2
4710 4
4712 7
4714 1
4715 5
4716 6
4719 4
4720 14
4724 3
4725 16
4726 2
4728 1
4730 3
4731 1
4732 5
4734 4
4735 1
4736 7
4737 1
4738 3
4740 12
4743 3
4744 1
4745 1
4746 4
4747 3
4750 5
4752 16
4753 3
4755 1
4756 1
4757 2
4758 9
4759 1
4760 8
4761 3
4762 1
4763 1
4767 2
4768 1
4769 3
4770 10
4771 1
4773 3
4774 8
4775 1
4776 5
4777 3
4778 1
4779 3
4784 7
4785 3
4788 19
4794 9
4795 1
4796 3
4797 5
4800 20
4801 1
4802 2
4805 2
4806 2
4810 3
4812 1
4814 3
4815 5
4816 2
4818 8
4820 3
4823 2
4824 4
4825 2
4826 4
4828 2
4829 1
4830 8
4832 2
4833 4
4836 1
4838 4
4840 8
4841 1
4842 2
4843 1
4844 4
4845 4
4847 4
4848 3
4850 1
4851 17
4852 1
4853 2
4857 3
4858 1
4860 12
4862 5
4864 10
4866 2
4869 1
4870 1
4871 1
4872 11
4875 3
4876 5
4878 1
4879 4
4880 4
4883 1
4884 9
4887 3
4888 4
4890 1
4891 1
4893 1
4896 15
4897 3
4898 2
4899 4
4900 8
4902 5
4905 1
4906 1
4908 3
4914 14
4917 4
4920 17
4921 4
4922 2
4925 2
4926 1
4927 2
4928 6
4929 5
4930 7
4932 1
4935 6
4939 1
4940 6
4941 3
4944 2
4945 5
4946 1
4947 2
4949 3
4950 18
4951 3
4952 1
4953 1
4954 1
4956 3
4957 1
4958 2
4959 3
4960 7
4961 3
4963 1
4964 4
4965 1
4966 2
4968 11
4970 2
4972 4
4974 1
4975 1
4976 1
4977 2
4978 5
4979 1
4980 10
4981 1
4982 2
4983 2
4984 3
4985 2
4986 3
4987 1
4988 2
4990 3
4991 8
4992 11
4994 4
4995 3
4997 1
4998 11
5000 4
5002 3
5004 4
5005 7
5008 2
5010 4
5012 4
5013 1
5014 1
5015 2
5016 8
5017 1
5018 4
5019 1
5022 10
5024 3
5025 2
5026 1
5029 2
5030 2
5031 2
5032 4
5033 1
5035 1
5037 3
5040 21
5041 2
5043 1
5044 2
5046 2
5047 1
5048 1
5049 4
5050 1
5052 1
5053 3
5054 5
5055 1
5056 4
5058 1
5059 1
5060 6
5061 3
5064 1
5066 3
5067 2
5068 3
5070 5
5072 2
5073 4
5074 1
5075 1
5076 11
5080 6
5082 6
5083 2
5084 7
5085 5
5088 6
5089 2
5092 2
5096 7
5100 10
5103 4
5104 6
5106 4
5109 3
5110 4
5111 2
5112 4
5115 2
5117 3
5119 1
5120 3
5121 1
5124 4
5125 2
5126 2
5128 3
5129 2
5130 12
5131 1
5133 1
5134 2
5135 3
5136 6
5137 1
5138 3
5139 3
5140 2
5142 2
5143 4
5145 2
5146 1
5148 12
5150 3
5151 1
5152 3
5154 1
5155 1
5160 9
5162 2
5164 1
5166 4
5168 4
5170 3
5172 2
5174 3
5175 6
5177 2
5180 6
5183 2
5184 14
5187 3
5190 5
5191 1
5192 5
5194 5
5198 2
5200 7
5202 5
5203 1
5204 1
5205 2
5206 3
5207 1
5208 15
5211 1
5213 1
5214 3
5215 3
5216 2
5217 4
5220 13
5221 3
5224 1
5225 4
5226 1
5228 1
5229 2
5230 1
5232 2
5235 1
5236 7
5238 2
5239 3
5240 3
5243 1
5244 4
5246 1
5247 8
5248 6
5249 1
5250 16
5251 2
5252 3
5253 1
5254 1
5256 7
5258 4
5260 1
5262 1
5263 1
5264 5
5265 7
5268 1
5269 1
5270 3
5271 2
5272 1
5275 2
5278 1
5280 7
5289 2
5290 1
5291 2
5292 10
5295 1
5296 2
5298 1
5300 3
5301 5
5302 1
5304 12
5305 1
5307 1
5310 6
5312 5
5313 4
5315 1
5316 1
5319 4
5320 14
5321 1
5324 1
5325 3
5326 1
5328 2
5329 1
5330 4
5332 6
5334 5
5335 1
5336 4
5338 3
5340 3
5341 2
5343 3
5344 5
5346 8
5347 1
5348 2
5352 4
5355 5
5356 1
5357 2
5358 5
5360 3
5362 1
5363 4
5364 5
5365 1
5366 1
5367 1
5368 6
5369 1
5370 4
5371 1
5372 1
5373 2
5375 1
5376 14
5379 2
5382 6
5384 1
5385 1
5390 6
5392 2
5394 7
5395 2
5396 2
5397 2
5400 15
5401 1
5402 2
5404 1
5405 1
5406 5
5408 5
5410 3
5412 7
5415 3
5416 3
5418 11
5419 1
5420 1
5421 2
5423 1
5424 2
5425 3
5427 3
5428 2
5430 2
5432 1
5434 6
5435 1
5436 1
5439 3
5440 9
5445 5
5447 1
5448 3
5450 2
5452 1
5453 1
5456 3
5457 2
5459 1
5460 15
5464 1
5465 3
5467 2
5470 1
5472 12
5474 1
5475 1
5476 1
5478 6
5480 2
5481 5
5486 2
5487 3
5488 9
5490 5
5491 2
5495 1
5496 1
5497 1
5499 4
5500 5
5501 1
5502 1
5504 4
5506 1
5508 15
5510 2
5511 2
5512 1
5514 1
5516 2
5518 1
5520 13
5523 3
5525 3
5526 1
5529 1
5532 3
5535 3
5536 1
5538 3
5539 1
5540 1
5542 1
5544 14
5546 2
5548 4
5549 2
5550 6
5551 6
5552 1
5555 2
5556 1
5558 1
5559 1
5560 3
5562 3
5564 5
5565 4
5566 8
5567 1
5568 15
5570 1
5572 5
5575 1
5576 5
5577 2
5578 1
5580 8
5583 1
5586 10
5587 2
5588 1
5589 3
5590 1
5593 2
5597 1
5598 3
5599 1
5600 8
5605 2
5606 3
5607 1
5608 1
5609 3
5610 6
5612 1
5616 16
5617 2
5619 2
5620 2
5621 1
5624 3
5625 2
5626 3
5628 13
5630 1
5632 5
5633 1
5634 2
5635 5
5640 8
5642 6
5643 3
5644 1
5648 1
5649 1
5650 4
5652 3
5655 8
5656 3
5658 4
5661 4
5662 1
5664 2
5665 2
5668 4
5670 5
5672 1
5673 1
5676 3
5680 3
5681 3
5682 1
5684 4
5685 5
5688 6
5694 1
5695 1
5696 4
5697 1
5698 1
5699 1
5700 6
5704 3
5705 3
5707 2
5709 1
5712 13
5715 4
5718 1
5719 1
5720 12
5724 2
5726 3
5727 1
5728 2
5729 1
5730 1
5731 1
5732 1
5733 4
5734 2
5735 7
5736 1
5738 2
5740 5
5742 8
5746 2
5750 4
5751 1
5753 1
5754 3
5757 3
5758 1
5760 12
5762 3
5763 2
5764 4
5766 3
5768 4
5770 1
5771 1
5772 2
5773 2
5775 9
5776 1
5778 2
5780 4
5781 5
5782 1
5784 1
5786 2
5789 1
5792 4
5795 1
5796 16
5798 2
5800 10
5805 9
5808 5
5809 1
5810 4
5811 4
5812 1
5814 8
5817 1
5819 1
5820 3
5822 5
5824 11
5828 4
5829 3
5830 3
5831 1
5832 6
5833 3
5837 1
5838 4
5839 1
5840 2
5842 1
5844 1
5845 2
5848 3
5850 7
5852 5
5854 1
5856 4
5857 1
5858 1
5859 2
5860 2
5863 1
5864 1
5865 2
5868 1
5870 1
5872 3
5873 1
5874 2
5875 2
5876 4
5880 11
5882 2
5883 2
5884 1
5885 1
5886 1
5887 4
5888 4
5889 1
5890 4
5892 3
5893 1
5895 1
5896 2
5898 1
5900 5
5901 2
5904 10
5907 3
5908 3
5910 3
5911 1
5912 1
5913 1
5915 3
5916 5
5920 6
5921 2
5922 3
5925 1
5928 10
5929 1
5932 1
5933 3
5934 5
5935 1
5936 5
5940 17
5943 1
5946 1
5947 1
5949 3
5950 8
5951 2
5952 9
5954 2
5957 2
5960 5
5962 1
5964 8
5966 1
5967 6
5968 1
5970 2
5974 2
5976 1
5977 2
5978 3
5980 6
5984 1
5985 8
5986 1
5988 1
5989 1
5992 3
5993 1
5994 3
5995 1
6000 14
6001 1
6002 1
6003 4
6004 4
6006 4
6011 1
6012 1
6014 2
6016 3
6018 5
6020 5
6024 3
6025 2
6026 6
6027 3
6028 4
6029 1
6030 6
6031 1
6032 5
6033 2
6034 2
6035 2
6038 1
6039 2
6040 6
6042 2
6045 5
6048 11
6050 2
6055 2
6058 1
6059 3
6060 1
6061 1
6063 2
6064 1
6068 4
6069 2
6070 2
6072 8
6075 3
6076 6
6077 1
6080 8
6082 1
6083 2
6084 4
6086 1
6087 1
6090 8
6095 3
6096 5
6097 3
6099 1
6100 7
6102 4
6105 5
6106 2
6107 1
6108 1
6109 2
6110 3
6111 4
6112 3
6116 2
6118 1
6120 19
6125 3
6127 1
6132 5
6135 2
6136 4
6138 6
6140 1
6141 2
6142 4
6144 7
6148 2
6149 7
6150 2
6152 2
6154 1
6156 8
6157 1
6160 9
6162 3
6164 2
6165 2
6168 2
6171 1
6174 5
6175 1
6176 1
6177 1
6180 2
6182 1
6183 1
6185 1
6187 1
6188 6
6191 1
6192 14
6194 2
6195 4
6200 7
6201 1
6204 4
6208 4
6209 1
6210 4
6214 2
6215 1
6216 5
6219 1
6220 1
6222 1
6223 1
6224 1
6225 3
6226 5
6228 6
6230 1
6231 2
6232 3
6234 1
6235 1
6237 2
6240 11
6241 1
6244 1
6245 2
6246 1
6248 5
6250 1
6251 1
6253 1
6254 2
6255 2
6256 4
6258 5
6260 1
6262 2
6264 9
6266 1
6270 6
6272 8
6278 1
6279 4
6280 2
6281 1
6285 2
6286 1
6288 3
6290 2
6291 1
6292 2
6293 3
6298 3
6300 15
6302 1
6303 1
6307 2
6308 3
6309 2
6312 1
6313 1
6314 6
6315 1
6318 11
6319 1
6320 3
6321 2
6324 2
6325 3
6327 2
6328 6
6330 2
6335 1
6336 12
6340 3
6342 5
6344 5
6345 5
6346 1
6348 1
6350 3
6351 1
6352 1
6355 1
6356 2
6357 2
6358 2
6360 7
6363 3
6364 3
6365 3
6368 2
6369 1
6370 6
6371 1
6372 6
6375 7
6380 8
6383 2
6384 13
6386 1
6388 1
6390 4
6391 1
6392 3
6394 2
6396 2
6399 3
6400 4
6401 1
6402 3
6405 2
6407 1
6408 5
6409 1
6413 1
6416 2
6417 1
6420 6
6422 2
6423 1
6426 10
6431 1
6432 3
6435 4
6438 2
6439 1
6440 9
6441 3
6443 1
6444 2
6447 1
6450 6
6453 1
6454 2
6456 1
6460 6
6462 2
6464 2
6466 3
6468 9
6474 4
6475 2
6477 4
6478 2
6480 6
6481 1
6484 1
6486 7
6488 1
6489 1
6490 1
6492 1
6493 2
6494 3
6496 5
6497 1
6498 4
6500 6
6501 1
6503 1
6504 1
6510 5
6512 1
6513 2
6516 4
6519 3
6520 2
6524 4
6525 5
6526 1
6527 3
6528 6
6530 1
6533 3
6534 2
6536 2
6538 1
6540 7
6542 1
6544 2
6545 3
6548 1
6549 2
6550 1
6552 16
6553 1
6554 2
6555 4
6556 1
6560 2
6561 4
6562 3
6564 1
6565 2
6566 4
6567 2
6570 7
6572 3
6574 2
6575 1
6576 5
6578 1
6579 1
6580 6
6584 1
6585 2
6586 1
6588 5
6591 1
6592 2
6594 2
6595 1
6596 1
6597 1
6600 16
6601 3
6604 1
6606 1
6608 2
6610 1
6612 3
6614 1
6615 7
6616 1
6620 2
6622 2
6624 10
6625 2
6627 2
6630 5
6633 2
6634 3
6636 4
6640 5
6641 1
6642 3
6643 1
6645 2
6647 1
6648 3
6650 5
6651 1
6653 2
6655 1
6656 5
6657 1
6660 9
6661 2
6664 5
6665 1
6666 5
6667 1
6669 2
6670 1
6671 1
6672 1
6674 2
6675 2
6678 4
6680 5
6681 1
6682 1
6683 3
6684 1
6685 1
6688 2
6694 1
6695 1
6696 8
6697 3
6698 1
6699 2
6700 1
6704 2
6705 2
6706 3
6708 3
6710 6
6715 1
6716 1
6720 12
6723 1
6725 1
6728 3
6731 1
6732 10
6734 1
6740 1
6741 2
6742 1
6743 2
6745 1
6746 2
6747 2
6750 4
6751 1
6752 4
6753 1
6754 1
6755 1
6756 1
6757 1
6758 4
6759 1
6760 5
6762 4
6764 4
6765 4
6766 1
6768 1
6770 1
6771 2
6775 1
6776 2
6777 2
6778 1
6780 6
6782 1
6783 3
6784 4
6785 1
6786 4
6787 2
6788 2
6789 1
6790 3
6792 1
6798 2
6800 8
6802 3
6804 9
6806 2
6808 7
6815 1
6816 3
6820 5
6821 2
6824 1
6825 10
6826 1
6830 1
6831 5
6832 1
6834 1
6837 1
6838 1
6840 4
6842 1
6844 3
6845 1
6846 1
6848 1
6850 1
6851 2
6853 2
6858 1
6859 1
6860 7
6862 3
6864 4
6867 1
6868 2
6870 1
6874 1
6875 1
6876 3
6877 2
6878 1
6880 6
6882 3
6885 3
6886 2
6888 7
6889 2
6890 2
6895 3
6898 1
6900 6
6902 3
6908 4
6909 3
6912 9
6916 4
6919 2
6927 1
6928 1
6929 2
6930 11
6935 1
6936 2
6939 3
6940 1
6941 1
6942 5
6944 4
6945 1
6946 2
6947 1
6948 2
6949 1
6950 2
6952 2
6955 1
6956 1
6960 3
6961 1
6965 1
6966 4
6968 2
6969 2
6970 5
6971 1
6972 5
6973 2
6974 2
6975 6
6976 1
6977 1
6986 1
6990 3
6993 2
6994 1
6996 2
6999 1
7000 3
7003 1
7004 6
7007 1
7008 2
7010 2
7011 1
7014 1
7015 3
7018 6
7020 10
7021 4
7025 2
7028 1
7029 1
7030 4
7035 1
7038 3
7040 5
7043 1
7046 1
7047 1
7050 6
7051 1
7052 3
7055 1
7056 8
7061 1
7064 1
7068 4
7070 2
7072 5
7074 2
7080 1
7081 2
7084 2
7086 1
7087 1
7089 2
7090 1
7091 2
7093 2
7095 4
7098 6
7099 2
7100 3
7101 1
7102 1
7104 3
7105 3
7106 4
7107 1
7112 2
7115 1
7116 1
7117 1
7118 3
7119 2
7120 4
7123 1
7124 1
7125 3
7128 6
7130 2
7134 2
7136 1
7137 1
7138 1
7139 2
7140 8
7144 6
7150 1
7152 1
7154 1
7160 1
7161 1
7162 2
7163 4
7164 4
7168 1
7169 1
7170 3
7174 3
7176 3
7178 3
7181 1
7182 5
7188 3
7189 1
7191 2
7192 3
7194 3
7196 2
7198 1
7199 1
7200 7
7202 1
7206 1
7208 2
7209 1
7210 3
7215 2
7216 7
7218 1
7220 1
7222 1
7224 11
7225 1
7226 2
7231 1
7232 1
7236 4
7238 1
7240 1
7242 2
7245 4
7248 1
7249 1
7250 3
7252 1
7254 6
7257 2
7259 1
7260 2
7266 1
7272 2
7273 2
7276 2
7279 2
7280 7
7281 1
7282 2
7284 1
7288 1
7291 1
7296 5
7298 2
7300 3
7304 2
7308 7
7309 1
7310 1
7314 3
7315 1
7316 1
7320 5
7326 4
7328 1
7329 2
7332 3
7334 2
7335 2
7336 2
7337 3
7339 1
7340 1
7341 1
7343 1
7344 5
7347 1
7348 2
7350 10
7353 3
7356 2
7358 1
7359 1
7360 6
7363 1
7364 1
7365 1
7366 1
7368 1
7370 2
7371 6
7372 4
7376 1
7378 1
7380 4
7381 1
7383 1
7384 4
7391 2
7392 8
7395 2
7400 3
7403 1
7404 1
7405 1
7406 1
7410 5
7411 2
7412 2
7413 2
7414 3
7419 1
7421 1
7425 6
7426 1
7429 2
7434 5
7436 2
7437 1
7440 6
7446 3
7447 1
7448 3
7449 1
7450 1
7452 4
7456 3
7458 3
7462 4
7464 2
7465 1
7467 1
7469 1
7473 1
7474 3
7475 3
7476 4
7477 1
7479 1
7480 2
7482 2
7485 1
7488 5
7491 1
7492 1
7495 1
7497 1
7498 2
7500 4
7501 1
7502 1
7503 1
7504 4
7505 1
7506 1
7510 1
7512 3
7513 1
7514 1
7515 1
7516 1
7518 1
7519 1
7520 2
7521 3
7524 4
7525 4
7527 1
7528 1
7530 2
7532 1
7533 4
7534 2
7535 2
7536 1
7539 1
7544 2
7546 2
7548 2
7550 2
7552 3
7557 1
7560 9
7565 1
7566 1
7567 1
7568 2
7570 1
7571 1
7573 1
7575 1
7578 4
7579 2
7581 1
7582 1
7583 1
7584 4
7587 1
7588 3
7590 5
7592 3
7595 1
7596 1
7598 3
7599 1
7600 2
7605 2
7612 3
7614 2
7616 1
7618 1
7620 4
7623 1
7626 2
7628 1
7630 1
7632 2
7636 1
7644 3
7645 1
7647 1
7648 2
7650 3
7654 2
7655 2
7656 7
7657 1
7661 1
7662 1
7665 2
7668 4
7670 1
7672 2
7674 1
7680 9
7682 1
7683 1
7684 2
7685 1
7686 2
7688 2
7689 2
7690 1
7695 2
7696 2
7700 5
7704 3
7705 1
7707 1
7708 4
7710 2
7712 1
7713 1
7714 1
7717 1
7718 1
7720 1
7722 5
7723 1
7725 1
7728 5
7733 1
7734 1
7735 2
7738 1
7739 1
7740 5
7742 1
7744 2
7747 2
7748 2
7750 2
7752 4
7754 1
7755 3
7757 1
7760 2
7768 1
7770 4
7773 1
7774 1
7776 4
7777 2
7778 1
7780 3
7781 2
7783 1
7784 3
7787 1
7788 4
7790 1
7791 2
7795 1
7800 11
7803 1
7806 2
7809 2
7810 1
7812 3
7814 1
7816 1
7820 3
7821 4
7824 1
7826 1
7828 4
7830 2
7831 1
7832 2
7836 1
7840 4
7843 3
7844 1
7848 2
7849 1
7850 3
7854 4
7860 1
7863 1
7865 3
7866 8
7869 1
7870 1
7871 1
7872 4
7874 1
7875 4
7876 1
7878 2
7880 2
7881 2
7884 2
7885 1
7888 3
7889 1
7890 2
7896 4
7900 6
7904 2
7905 3
7910 1
7917 1
7920 8
7921 1
7923 1
7930 2
7935 4
7936 1
7938 5
7942 1
7945 1
7946 1
7950 5
7952 1
7953 1
7954 3
7955 1
7956 9
7958 2
7960 4
7961 1
7964 1
7965 3
7966 1
7968 4
7973 2
7974 1
7975 2
7978 1
7980 7
7985 1
7986 1
7990 1
7992 3
7995 6
7998 5
8000 3
8001 1
8004 1
8007 1
8008 1
8010 2
8012 3
8016 1
8018 1
8019 2
8022 2
8024 2
8028 1
8030 3
8031 2
8032 2
8033 1
8034 2
8035 1
8036 5
8040 5
8046 1
8047 1
8048 1
8050 3
8052 1
8055 1
8057 1
8058 2
8060 5
8062 1
8064 6
8070 1
8073 3
8074 1
8076 1
8077 1
8084 1
8085 1
8086 1
8091 2
8092 2
8094 3
8098 1
8099 3
8100 6
8102 1
8106 2
8107 1
8112 2
8118 3
8119 1
8120 1
8122 1
8124 1
8125 2
8126 2
8127 1
8130 1
8131 1
8132 3
8134 2
8136 4
8138 2
8140 3
8141 1
8142 4
8148 2
8151 3
8153 3
8154 1
8155 3
8159 1
8160 6
8164 2
8170 2
8176 3
8177 1
8178 3
8180 1
8184 2
8188 1
8190 11
8194 2
8195 1
8200 3
8202 1
8203 2
8208 5
8210 1
8211 2
8214 1
8215 1
8216 1
8219 1
8220 2
8225 1
8228 6
8229 2
8232 3
8235 2
8236 1
8244 2
8245 2
8250 2
8251 1
8253 1
8260 4
8262 5
8265 1
8267 3
8268 4
8270 1
8275 1
8277 2
8280 8
8281 1
8284 1
8285 1
8286 1
8288 2
8289 1
8292 1
8295 3
8299 1
8300 1
8304 2
8305 1
8307 2
8313 1
8315 1
8316 6
8319 1
8320 2
8321 1
8322 2
8323 1
8325 1
8328 1
8330 4
8334 2
8335 1
8338 1
8340 1
8343 2
8344 3
8345 2
8346 2
8347 2
8349 4
8352 9
8356 1
8358 2
8359 1
8360 1
8364 5
8366 2
8369 1
8370 3
8374 1
8375 1
8376 2
8379 3
8382 2
8384 3
8385 1
8386 1
8388 4
8390 1
8392 1
8393 1
8395 1
8397 2
8398 1
8399 1
8400 8
8401 1
8404 2
8407 1
8408 1
8409 1
8410 1
8411 2
8412 1
8413 1
8415 3
8421 1
8422 1
8424 3
8425 1
8426 3
8428 5
8430 1
8433 1
8435 1
8436 1
8437 1
8440 1
8442 2
8445 1
8446 1
8448 6
8449 1
8455 1
8456 4
8459 1
8460 4
8463 1
8466 2
8470 6
8471 1
8472 1
8473 1
8476 2
8477 1
8478 3
8480 2
8481 1
8484 4
8490 2
8491 1
8493 1
8496 4
8500 2
8504 1
8505 2
8507 1
8509 2
8510 2
8512 2
8514 6
8515 1
8518 1
8520 2
8522 1
8525 2
8526 4
8540 2
8543 1
8544 1
8548 1
8550 7
8554 3
8555 1
8556 5
8558 1
8568 8
8569 1
8570 1
8580 5
8582 1
8586 3
8588 1
8592 2
8595 1
8601 1
8602 1
8604 1
8606 1
8608 3
8610 5
8614 1
8616 1
8618 2
8619 2
8620 1
8625 4
8626 1
8631 2
8632 3
8634 1
8635 2
8636 1
8640 5
8645 2
8646 2
8648 1
8649 1
8650 1
8651 1
8652 6
8657 1
8658 1
8660 1
8662 1
8664 2
8668 2
8670 2
8672 3
8673 1
8676 1
8680 3
8690 4
8695 2
8697 1
8700 4
8702 1
8708 1
8710 2
8712 7
8715 1
8720 2
8721 1
8723 2
8725 1
8730 2
8732 2
8736 5
8742 3
8745 2
8748 1
8750 3
8755 2
8758 2
8760 3
8762 1
8763 1
8764 1
8765 1
8768 1
8769 1
8771 1
8772 1
8774 2
8775 1
8778 2
8780 2
8783 1
8784 5
8788 1
8792 3
8796 1
8799 1
8800 3
8802 1
8806 1
8807 1
8808 1
8815 1
8816 3
8820 6
8823 2
8824 1
8825 1
8826 1
8827 1
8829 1
8832 5
8833 1
8835 2
8840 4
8841 1
8842 1
8844 2
8845 1
8850 1
8854 2
8855 1
8856 3
8860 1
8866 2
8868 1
8869 1
8870 1
8874 3
8875 1
8876 2
8878 2
8880 3
8883 3
8887 1
8888 1
8890 2
8892 11
8900 1
8901 2
8904 2
8906 2
8910 3
8911 1
8918 2
8920 1
8923 1
8924 1
8927 1
8928 6
8930 2
8931 2
8932 1
8938 2
8939 1
8942 2
8944 1
8946 2
8950 1
8954 1
8955 1
8957 2
8959 1
8960 3
8964 4
8965 1
8967 2
8968 2
8970 4
8974 1
8976 3
8978 1
8988 1
8990 3
8991 1
8992 2
8996 1
9000 5
9001 1
9004 2
9009 5
9010 1
9013 1
9014 1
9016 4
9018 1
9023 1
9024 2
9027 2
9028 1
9030 2
9035 1
9036 3
9039 1
9040 3
9042 2
9044 3
9045 1
9048 2
9051 2
9055 1
9062 1
9064 1
9065 2
9069 1
9072 4
9075 2
9078 1
9080 1
9082 3
9086 2
9087 1
9088 2
9089 1
9090 1
9094 1
9095 1
9100 1
9102 3
9108 5
9112 2
9113 1
9114 1
9116 1
9118 2
9120 4
9122 1
9125 2
9126 3
9128 2
9130 2
9131 1
9135 3
9136 1
9138 2
9139 1
9144 1
9146 1
9152 2
9156 5
9160 3
9163 1
9164 2
9165 3
9167 1
9168 2
9169 1
9170 1
9171 2
9174 3
9175 3
9176 1
9180 7
9184 1
9188 1
9193 1
9194 1
9195 1
9196 3
9198 1
9200 1
9204 2
9205 1
9207 1
9211 1
9214 1
9216 4
9219 1
9222 1
9223 1
9225 3
9230 2
9232 1
9234 4
9240 8
9245 2
9246 2
9248 2
9250 2
9251 1
9252 1
9254 1
9256 1
9258 1
9259 1
9260 1
9261 2
9264 1
9270 2
9275 4
9280 2
9282 2
9284 1
9287 2
9288 3
9290 1
9295 1
9296 1
9300 4
9303 1
9306 1
9308 1
9309 2
9312 4
9313 2
9314 1
9315 2
9318 1
9322 1
9324 2
9328 2
9330 2
9331 1
9332 1
9333 1
9334 1
9336 1
9338 1
9339 1
9340 1
9342 1
9345 1
9348 5
9349 1
9350 1
9352 1
9353 1
9360 2
9363 1
9366 1
9367 2
9372 3
9374 5
9375 1
9376 2
9384 5
9386 2
9391 2
9392 1
9393 1
9394 1
9396 2
9398 1
9399 1
9400 1
9405 2
9407 1
9408 4
9412 2
9415 1
9416 2
9418 1
9420 1
9423 4
9424 4
9425 2
9430 1
9432 1
9434 1
9436 1
9438 1
9440 4
9447 2
9450 3
9451 1
9452 3
9454 1
9455 2
9456 2
9462 1
9464 2
9468 1
9471 2
9472 2
9475 1
9477 3
9480 3
9481 1
9486 4
9490 1
9492 2
9495 1
9500 2
9504 9
9506 1
9509 1
9512 1
9515 1
9516 2
9517 1
9520 6
9526 1
9528 3
9529 1
9540 5
9542 1
9545 1
9548 1
9550 1
9554 2
9555 3
9557 1
9568 4
9570 2
9576 7
9583 1
9585 1
9590 2
9591 2
9594 1
9600 3
9604 4
9609 1
9610 1
9611 1
9612 4
9614 4
9615 1
9618 2
9620 2
9622 2
9623 2
9624 1
9625 2
9632 1
9633 2
9635 1
9637 1
9638 1
9639 3
9640 1
9648 4
9650 1
9655 2
9656 2
9657 2
9660 3
9672 3
9673 1
9674 2
9675 1
9680 2
9682 1
9683 1
9685 1
9686 1
9688 1
9690 4
9693 1
9695 1
9696 3
9700 1
9701 1
9702 2
9708 2
9709 2
9716 2
9720 4
9723 1
9724 1
9727 1
9728 3
9730 2
9732 1
9735 3
9737 1
9738 1
9744 4
9747 1
9750 2
9752 2
9756 2
9757 1
9765 2
9766 1
9768 1
9774 1
9776 1
9777 1
9779 1
9782 1
9786 2
9790 2
9792 5
9798 2
9800 3
9801 1
9802 2
9804 2
9805 2
9809 1
9810 2
9811 1
9812 1
9813 1
9823 3
9824 2
9826 1
9828 9
9834 3
9835 1
9840 3
9841 1
9842 1
9843 1
9844 2
9848 1
9849 2
9853 1
9855 1
9856 2
9858 1
9860 2
9864 1
9865 1
9870 2
9879 1
9880 5
9881 1
9884 1
9888 3
9890 3
9891 1
9892 1
9894 2
9898 2
9900 2
9906 1
9912 4
9918 3
9920 3
9922 3
9925 1
9926 1
9928 1
9930 2
9933 2
9936 1
9940 2
9942 1
9944 1
9945 2
9948 1
9950 1
9952 2
9953 1
9954 2
9955 1
9956 1
9960 3
9963 1
9966 1
9968 3
9972 2
9975 1
9976 2
9982 2
9984 4
9990 2
9996 4
9999 3
10000 3
10004 2
10005 1
10016 2
10020 1
10024 1
10025 1
10028 1
10030 5
10032 2
10036 1
10038 3
10043 2
10044 2
10047 1
10048 1
10051 1
10059 1
10062 1
10064 4
10072 1
10073 1
10074 2
10075 2
10080 5
10082 1
10089 1
10092 1
10094 1
10096 1
10098 3
10099 1
10101 1
10105 1
10107 1
10114 1
10116 1
10122 1
10123 1
10125 1
10127 1
10128 1
10136 1
10140 2
10146 3
10147 2
10150 1
10152 3
10160 1
10161 1
10164 2
10165 1
10167 1
10170 1
10172 1
10173 1
10176 1
10179 1
10183 1
10185 1
10191 1
10199 1
10200 4
10206 1
10208 2
10212 2
10215 1
10218 1
10219 1
10220 1
10222 1
10224 2
10225 1
10230 2
10233 1
10234 1
10236 1
10240 1
10241 2
10242 1
10245 1
10246 2
10248 6
10250 1
10251 1
10257 1
10258 1
10260 5
10262 1
10265 1
10266 1
10267 1
10270 1
10274 1
10276 1
10277 1
10279 1
10280 1
10281 1
10282 1
10286 1
10287 1
10290 3
10292 1
10296 6
10298 2
10300 1
10302 3
10304 1
10305 1
10314 1
10317 1
10318 3
10320 1
10324 1
10329 1
10330 1
10332 2
10335 2
10336 1
10340 2
10341 1
10344 1
10350 4
10351 1
10352 1
10353 1
10360 3
10362 1
10368 5
10370 1
10374 3
10387 2
10388 2
10389 1
10391 1
10392 2
10393 1
10395 1
10397 1
10400 5
10404 2
10408 2
10416 4
10417 1
10420 2
10428 1
10438 1
10440 2
10444 1
10448 1
10449 1
10452 1
10455 1
10464 1
10470 1
10471 1
10472 3
10476 1
10485 1
10488 2
10489 1
10491 1
10492 1
10494 2
10500 4
10502 1
10506 1
10509 1
10512 2
10516 1
10527 1
10530 2
10535 1
10540 2
10545 2
10548 1
10550 1
10558 1
10560 3
10562 1
10564 1
10575 1
10577 1
10579 1
10580 1
10581 1
10582 2
10584 2
10589 1
10590 1
10593 1
10599 1
10600 2
10602 4
10604 1
10605 1
10608 4
10611 1
10614 1
10615 1
10620 2
10621 1
10625 1
10626 5
10628 1
10632 1
10634 1
10638 1
10640 2
10650 1
10653 1
10654 1
10659 1
10660 3
10664 1
10665 2
10669 1
10673 1
10676 1
10686 3
10688 1
10689 2
10692 1
10693 1
10695 3
10696 4
10699 1
10700 1
10702 1
10704 3
10710 3
10712 1
10716 2
10718 2
10721 1
10724 1
10725 1
10731 2
10735 2
10736 1
10738 1
10739 1
10742 2
10744 1
10750 1
10752 1
10755 1
10764 3
10768 1
10769 1
10770 1
10773 2
10786 1
10787 2
10792 1
10797 1
10800 7
10803 1
10807 1
10808 1
10811 1
10812 1
10815 2
10816 2
10824 1
10827 1
10829 1
10832 1
10836 4
10840 1
10841 1
10842 1
10845 2
10846 1
10848 1
10850 1
10851 1
10852 1
10853 1
10854 1
10855 1
10856 2
10858 1
10860 2
10863 1
10868 2
10872 1
10875 1
10877 2
10878 2
10879 1
10880 3
10890 1
10894 1
10900 2
10901 1
10904 2
10906 1
10908 2
10911 2
10912 4
10920 5
10925 1
10926 1
10933 1
10942 1
10944 1
10948 1
10950 1
10952 1
10956 2
10960 1
10962 1
10969 1
10970 1
10971 1
10972 1
10974 2
10976 1
10980 3
10982 2
10989 2
10990 3
10998 3
11000 4
11005 1
11008 2
11010 1
11016 2
11018 1
11021 1
11024 1
11025 4
11030 1
11032 1
11035 1
11036 1
11037 2
11039 1
11040 5
11045 3
11047 1
11052 2
11055 1
11056 1
11059 2
11067 2
11070 1
11071 1
11072 1
11077 1
11079 1
11080 1
11084 1
11085 1
11088 7
11092 2
11097 1
11100 2
11102 1
11104 1
11108 1
11110 1
11111 1
11112 3
11115 2
11118 2
11124 1
11125 1
11128 1
11129 2
11130 3
11132 2
11136 3
11137 1
11143 1
11144 1
11148 1
11151 2
11153 1
11154 2
11160 5
11163 1
11165 1
11166 1
11167 1
11169 1
11172 3
11173 1
11174 1
11178 2
11180 1
11184 1
11186 1
11187 1
11200 5
11201 1
11206 1
11208 1
11209 1
11210 1
11218 1
11220 3
11221 2
11222 1
11223 1
11232 4
11234 1
11244 1
11248 2
11250 2
11252 2
11253 1
11254 1
11256 1
11258 1
11259 3
11261 1
11264 1
11269 1
11270 1
11271 1
11274 1
11275 1
11277 1
11280 2
11284 1
11285 1
11286 5
11287 1
11288 1
11289 2
11291 1
11295 2
11296 1
11298 1
11300 1
11303 1
11305 1
11308 1
11310 2
11312 2
11315 1
11316 2
11319 1
11322 2
11324 1
11328 1
11330 1
11336 1
11339 2
11340 4
11342 1
11343 2
11346 1
11347 1
11348 1
11352 1
11354 1
11356 2
11358 1
11360 1
11361 1
11362 1
11364 1
11373 1
11375 1
11387 1
11396 1
11398 1
11402 1
11403 2
11408 2
11413 1
11414 1
11421 1
11424 4
11430 1
11432 1
11440 3
11441 1
11442 2
11443 1
11445 1
11450 1
11453 1
11459 1
11460 2
11463 1
11465 1
11466 1
11469 1
11470 1
11472 2
11475 1
11480 2
11484 4
11500 2
11501 1
11502 1
11503 1
11505 4
11507 1
11510 1
11517 1
11520 3
11522 1
11523 1
11529 1
11532 1
11533 2
11534 1
11536 3
11544 2
11550 4
11556 1
11562 1
11567 1
11570 1
11571 1
11572 1
11577 1
11580 3
11582 1
11583 4
11584 3
11585 2
11590 1
11592 2
11594 1
11598 1
11600 2
11605 1
11623 1
11628 2
11634 1
11640 3
11645 2
11648 3
11655 3
11658 3
11660 1
11664 1
11666 1
11670 1
11673 1
11676 1
11679 1
11683 1
11687 1
11700 7
11707 2
11711 1
11712 1
11715 2
11720 2
11725 1
11730 1
11735 1
11736 2
11739 2
11744 1
11745 3
11747 1
11748 1
11749 1
11750 2
11760 3
11761 1
11764 1
11765 1
11768 1
11770 1
11773 1
11774 1
11775 3
11776 3
11778 1
11780 1
11781 3
11784 2
11790 2
11792 3
11795 1
11799 1
11800 1
11802 1
11808 4
11813 1
11814 2
11816 1
11818 1
11820 1
11825 1
11826 1
11831 1
11832 4
11834 1
11836 2
11840 1
11847 2
11850 1
11856 4
11865 2
11868 1
11870 1
11872 1
11873 1
11875 1
11880 4
11882 1
11890 1
11894 1
11895 1
11896 1
11900 1
11904 3
11907 2
11908 1
11910 1
11912 1
11914 1
11915 1
11916 1
11919 1
11920 3
11921 1
11923 1
11924 1
11925 2
11928 1
11931 2
11934 1
11935 2
11937 1
11946 2
11952 3
11955 1
11956 1
11968 2
11970 3
11972 2
11973 1
11976 1
11977 1
11978 1
11979 1
11983 1
11984 1
11985 1
11986 1
11988 2
11990 2
11997 1
12000 3
12006 1
12010 1
12012 5
12024 1
12038 1
12040 1
12045 2
12050 1
12054 1
12056 2
12058 1
12059 2
12060 1
12064 2
12065 1
12068 1
12070 2
12075 1
12077 1
12079 1
12080 1
12084 1
12087 2
12090 1
12096 3
12100 1
12104 2
12116 1
12118 1
12120 4
12121 2
12125 1
12127 1
12128 1
12136 1
12137 1
12138 2
12142 1
12144 1
12150 1
12152 2
12155 1
12162 1
12166 1
12168 2
12169 1
12173 1
12176 1
12180 5
12186 1
12195 1
12198 1
12201 2
12204 4
12208 1
12210 2
12212 2
12220 1
12222 2
12224 1
12225 1
12226 1
12231 1
12232 2
12234 1
12238 1
12239 1
12240 2
12243 1
12245 2
12250 1
12253 1
12254 1
12255 1
12257 1
12258 1
12262 1
12263 1
12264 3
12270 1
12276 3
12278 1
12284 2
12285 1
12292 2
12298 1
12299 1
12300 1
12304 1
12305 1
12306 1
12309 1
12312 3
12320 3
12321 1
12322 1
12323 1
12324 2
12330 1
12336 1
12337 1
12340 1
12348 4
12365 1
12366 1
12370 1
12376 3
12383 1
12384 1
12390 1
12393 1
12397 1
12402 1
12408 1
12420 1
12423 1
12424 1
12426 1
12432 3
12435 1
12438 1
12440 1
12443 1
12444 1
12447 1
12449 1
12456 1
12461 1
12464 2
12466 1
12467 2
12470 2
12480 3
12482 2
12488 1
12492 1
12493 1
12496 3
12501 1
12502 1
12505 1
12508 1
12513 1
12516 1
12519 1
12525 2
12532 1
12537 2
12539 1
12540 3
12541 1
12544 1
12551 1
12552 1
12555 1
12560 2
12561 3
12565 2
12567 1
12568 1
12575 1
12579 1
12581 1
12584 2
12593 1
12596 1
12600 3
12606 2
12607 1
12619 1
12620 1
12624 1
12627 1
12628 4
12630 1
12636 1
12638 1
12639 1
12642 1
12645 1
12648 1
12650 1
12654 1
12657 1
12660 3
12661 1
12663 1
12672 5
12675 1
12676 1
12685 2
12688 1
12692 2
12695 1
12696 1
12699 1
12700 1
12710 1
12712 1
12714 1
12717 1
12720 2
12728 1
12730 1
12735 2
12738 1
12740 2
12747 1
12754 1
12756 1
12760 2
12768 1
12772 1
12777 1
12780 2
12782 1
12800 2
12801 1
12804 1
12810 2
12816 1
12818 1
12831 4
12832 1
12833 1
12837 1
12838 1
12840 1
12851 1
12852 2
12859 1
12869 1
12870 3
12875 1
12879 1
12880 3
12882 1
12886 1
12895 1
12900 2
12904 1
12908 2
12909 2
12915 2
12920 1
12922 2
12932 2
12936 2
12942 1
12948 1
12949 2
12950 2
12954 1
12960 6
12961 1
12963 2
12966 1
12969 2
12970 1
12972 3
12975 1
12980 1
12987 1
12990 1
12992 2
12996 1
12998 1
13000 1
13005 1
13010 1
13011 1
13012 1
13013 1
13015 1
13020 1
13022 2
13024 1
13026 1
13038 2
13040 1
13041 2
13042 1
13043 1
13048 1
13052 1
13054 1
13056 1
13060 1
13062 1
13065 1
13066 1
13068 5
13076 1
13078 1
13081 1
13083 1
13085 1
13090 3
13091 2
13098 1
13104 3
13108 1
13110 1
13113 1
13122 1
13133 1
13136 1
13138 1
13145 2
13148 1
13156 1
13160 1
13167 1
13169 1
13172 1
13176 3
13178 1
13181 1
13182 1
13184 2
13186 1
13200 2
13202 1
13203 1
13206 1
13208 1
13209 1
13215 1
13221 1
13222 1
13226 1
13227 1
13229 1
13230 3
13240 1
13243 1
13244 1
13248 5
13250 1
13253 1
13257 1
13260 1
13262 1
13268 1
13271 1
13272 2
13275 1
13280 1
13286 1
13296 2
13299 2
13300 2
13305 1
13309 2
13310 1
13311 1
13312 1
13317 1
13320 1
13325 2
13332 1
13335 2
13338 4
13349 1
13350 2
13352 1
13356 2
13357 2
13362 1
13363 2
13372 1
13377 2
13380 2
13384 1
13391 1
13395 1
13396 1
13398 2
13404 1
13407 1
13410 1
13412 1
13413 1
13414 1
13416 2
13419 1
13424 1
13426 1
13429 1
13431 2
13438 1
13440 4
13442 1
13452 1
13459 1
13468 3
13470 1
13475 1
13478 1
13482 2
13485 2
13488 2
13490 1
13494 1
13496 1
13497 1
13500 3
13503 1
13505 1
13509 2
13515 1
13516 1
13520 3
13524 1
13525 1
13536 2
13539 1
13540 1
13544 1
13545 1
13547 1
13550 1
13559 1
13566 1
13568 1
13570 1
13574 2
13577 1
13578 1
13580 1
13583 1
13588 1
13590 1
13593 1
13596 1
13602 1
13608 1
13616 1
13617 1
13625 1
13632 1
13633 1
13634 1
13636 1
13640 1
13643 1
13644 1
13651 1
13652 1
13656 1
13664 1
13668 1
13676 1
13678 1
13682 1
13684 1
13686 1
13688 1
13690 1
13692 1
13695 1
13700 1
13702 1
13718 1
13719 1
13720 2
13725 1
13727 1
13734 1
13740 1
13746 2
13750 2
13752 1
13763 1
13764 1
13765 1
13767 1
13769 1
13770 1
13776 2
13785 1
13790 1
13794 3
13797 3
13800 1
13816 2
13818 1
13820 1
13824 1
13846 1
13850 1
13851 2
13856 1
13857 1
13860 4
13867 1
13869 1
13872 1
13874 1
13882 1
13884 1
13886 1
13888 2
13892 1
13899 1
13900 1
13905 1
13906 2
13913 1
13914 2
13919 1
13920 3
13926 1
13930 1
13932 4
13940 2
13943 1
13944 1
13952 1
13960 1
13965 1
13968 2
13974 2
13978 1
13980 1
13984 4
13986 2
13988 1
14000 1
14004 1
14005 1
14008 1
14016 1
14025 1
14030 1
14040 3
14056 1
14062 1
14063 1
14070 1
14075 2
14076 1
14078 1
14091 1
14094 1
14097 1
14098 1
14100 2
14110 1
14112 1
14120 1
14121 1
14122 1
14125 1
14130 1
14137 1
14140 1
14142 1
14144 2
14145 2
14147 1
14148 2
14150 1
14160 1
14162 1
14168 4
14170 2
14172 1
14175 2
14184 1
14185 1
14190 1
14195 1
14196 3
14198 1
14202 1
14210 2
14214 1
14217 1
14220 1
14231 1
14232 3
14233 1
14247 1
14248 1
14250 1
14252 1
14257 1
14260 1
14268 2
14271 1
14274 1
14278 1
14280 1
14287 1
14292 1
14297 1
14305 1
14306 1
14315 1
14322 2
14326 1
14336 1
14340 1
14343 1
14349 1
14350 2
14353 2
14355 3
14357 1
14364 2
14370 1
14376 1
14382 3
14384 1
14390 1
14391 1
14392 1
14394 1
14400 2
14405 1
14406 1
14415 2
14428 1
14430 1
14431 1
14436 1
14445 1
14448 1
14454 1
14456 3
14464 1
14476 1
14490 4
14492 1
14496 1
14500 1
14504 1
14508 2
14520 2
14529 1
14531 1
14534 1
14535 3
14536 1
14539 1
14542 1
14544 2
14547 1
14551 1
14552 1
14555 1
14558 1
14560 1
14570 2
14577 1
14578 1
14580 1
14585 1
14586 2
14592 3
14600 1
14602 1
14604 1
14608 1
14616 2
14620 1
14634 1
14640 2
14650 1
14652 1
14656 1
14664 4
14670 1
14671 1
14672 1
14673 1
14679 1
14680 1
14683 1
14685 1
14686 1
14688 3
14691 1
14694 1
14700 3
14701 1
14703 1
14711 1
14718 3
14719 1
14720 2
14722 1
14734 1
14735 1
14736 3
14739 1
14740 1
14749 1
14750 2
14751 1
14755 1
14756 1
14760 3
14761 1
14768 2
14769 1
14773 2
14774 1
14775 1
14781 1
14784 4
14787 1
14790 2
14793 1
14794 1
14796 2
14805 2
14806 1
14820 1
14828 1
14832 1
14840 2
14842 1
14850 1
14852 1
14854 1
14858 2
14860 1
14862 1
14868 5
14877 1
14880 1
14884 1
14885 1
14896 2
14900 3
14904 1
14906 1
14911 1
14916 1
14923 1
14924 1
14934 1
14935 1
14937 1
14943 1
14945 1
14948 2
14950 2
14952 1
14960 1
14965 1
14970 1
14979 1
14980 1
14985 1
14986 1
14988 1
14991 1
14994 1
15000 1
15004 1
15006 1
15008 1
15011 1
15015 2
15022 1
15028 1
15035 1
15041 1
15043 2
15048 4
15050 1
15054 1
15056 1
15057 1
15058 1
15062 1
15067 1
15069 1
15070 1
15075 1
15084 1
15085 1
15086 1
15088 2
15100 2
15101 1
15104 1
15113 1
15115 1
15119 1
15120 5
15130 1
15132 2
15136 1
15140 1
15148 1
15150 1
15154 1
15162 3
15169 1
15174 1
15175 1
15180 3
15190 2
15198 1
15200 1
15204 1
15207 1
15213 1
15221 1
15222 1
15223 1
15226 1
15228 1
15246 1
15250 1
15251 1
15252 2
15254 1
15255 1
15260 1
15262 1
15265 2
15270 2
15276 2
15288 1
15300 6
15302 1
15309 1
15312 1
15318 1
15324 1
15327 1
15332 1
15334 1
15335 1
15351 1
15352 1
15355 1
15360 1
15363 1
15372 2
15375 2
15378 1
15390 1
15394 1
15399 2
15400 5
15405 1
15420 1
15425 1
15426 2
15436 1
15440 1
15444 1
15456 1
15460 1
15466 2
15480 2
15488 2
15498 4
15500 1
15502 1
15504 1
15508 1
15509 1
15512 2
15516 1
15520 1
15521 1
15525 1
15526 1
15528 2
15534 1
15540 2
15542 1
15546 1
15548 1
15556 1
15557 1
15566 1
15568 2
15571 1
15588 1
15593 1
15606 2
15609 2
15616 1
15617 1
15618 1
15621 1
15624 1
15631 2
15635 1
15640 1
15650 1
15652 2
15660 2
15664 1
15667 1
15675 2
15678 1
15680 1
15688 2
15694 1
15704 1
15708 1
15720 1
15721 1
15725 1
15726 1
15729 1
15731 1
15736 2
15739 2
15748 1
15752 1
15756 1
15764 1
15771 1
15780 1
15792 2
15795 1
15800 2
15801 1
15804 1
15808 1
15816 1
15819 1
15823 1
15830 1
15834 1
15839 1
15841 1
15843 1
15860 1
15861 1
15867 2
15872 2
15873 1
15875 1
15876 2
15878 1
15879 1
15884 1
15886 1
15888 2
15903 1
15904 1
15906 1
15912 2
15925 2
15929 1
15930 2
15936 2
15938 1
15939 1
15949 1
15950 1
15958 1
15959 1
15960 2
15977 1
15978 1
15982 1
15985 1
15988 1
15996 1
16000 1
16016 1
16020 1
16021 2
16022 1
16030 2
16031 1
16038 2
16042 1
16044 2
16048 1
16055 1
16058 1
16059 1
16062 1
16064 1
16065 1
16066 1
16071 1
16072 1
16080 1
16082 1
16093 2
16096 1
16100 1
16104 1
16107 1
16110 1
16111 1
16112 2
16116 1
16117 1
16120 2
16124 1
16126 1
16128 3
16140 2
16153 1
16156 1
16160 1
16170 2
16182 1
16188 1
16198 1
16200 4
16206 2
16208 1
16211 1
16212 1
16224 1
16236 1
16240 3
16243 1
16245 1
16248 1
16252 1
16255 1
16258 1
16260 1
16264 1
16269 1
16276 2
16281 1
16284 1
16286 2
16296 1
16297 1
16302 1
16308 3
16309 1
16310 1
16317 1
16320 1
16328 1
16348 2
16352 2
16356 1
16360 1
16371 1
16415 2
16416 2
16425 1
16430 2
16434 1
16436 1
16440 2
16443 1
16446 1
16454 1
16461 2
16464 1
16469 1
16470 2
16475 1
16480 1
16482 1
16490 1
16492 1
16500 2
16510 1
16511 1
16514 1
16520 1
16522 1
16524 3
16527 1
16531 1
16541 1
16544 1
16548 1
16554 1
16555 1
16558 1
16560 1
16568 1
16569 1
16571 1
16572 1
16574 1
16576 1
16588 1
16599 1
16605 1
16608 1
16621 1
16626 3
16630 2
16632 1
16640 1
16643 1
16644 1
16646 1
16660 1
16665 1
16668 2
16672 1
16675 2
16677 1
16680 1
16684 3
16688 1
16704 1
16713 1
16718 2
16719 1
16720 2
16725 1
16731 1
16737 1
16738 1
16740 2
16758 1
16768 1
16770 2
16772 1
16776 1
16786 2
16796 1
16800 2
16809 1
16812 1
16816 1
16820 1
16821 1
16829 1
16835 2
16856 2
16859 1
16872 2
16874 1
16875 1
16878 1
16882 1
16884 2
16890 1
16892 1
16899 1
16900 1
16902 1
16905 1
16912 1
16920 1
16924 1
16926 1
16940 1
16941 1
16944 1
16946 1
16952 1
16954 1
16960 2
16968 1
16974 1
16985 2
16994 1
17000 2
17006 1
17007 1
17009 1
17024 2
17028 1
17030 1
17031 1
17037 1
17046 1
17055 1
17070 1
17071 1
17078 1
17080 1
17082 2
17098 1
17108 1
17112 1
17115 1
17133 1
17136 1
17138 1
17140 1
17147 1
17150 1
17157 1
17160 3
17170 1
17190 1
17192 1
17200 3
17205 1
17220 1
17222 1
17241 2
17248 1
17250 3
17260 1
17280 1
17282 1
17286 3
17290 1
17294 1
17298 1
17302 1
17304 1
17307 1
17310 1
17311 1
17312 1
17325 1
17334 1
17335 1
17336 1
17361 1
17376 2
17380 1
17384 2
17390 1
17394 2
17395 1
17400 1
17404 1
17415 2
17416 1
17424 2
17440 1
17461 1
17472 2
17475 2
17485 1
17490 1
17503 1
17507 1
17510 1
17520 1
17536 1
17542 1
17549 1
17550 3
17554 1
17563 1
17565 2
17568 1
17578 1
17579 1
17582 2
17595 1
17604 1
17613 1
17615 1
17623 1
17630 1
17640 2
17644 1
17649 1
17651 1
17666 1
17668 1
17672 1
17673 1
17676 1
17680 3
17696 1
17697 1
17700 1
17704 1
17712 3
17721 1
17724 1
17727 1
17728 1
17733 1
17739 1
17746 1
17754 1
17760 3
17762 1
17765 2
17777 1
17778 1
17780 1
17782 1
17784 1
17787 2
17790 1
17794 1
17800 1
17808 1
17820 1
17822 1
17828 1
17830 1
17832 1
17838 1
17841 1
17851 1
17859 1
17860 1
17874 1
17879 1
17880 1
17887 2
17888 1
17892 1
17910 1
17914 2
17924 1
17931 1
17936 1
17941 1
17949 2
17951 1
17952 2
17955 1
17970 1
17980 1
17984 1
17985 1
17996 1
18001 1
18005 1
18009 1
18012 1
18024 1
18032 2
18036 1
18038 1
18042 2
18048 1
18051 1
18054 1
18057 1
18060 2
18072 1
18080 1
18088 1
18091 1
18096 3
18102 1
18113 2
18116 1
18122 1
18128 1
18141 1
18144 3
18150 1
18163 1
18164 1
18168 1
18174 1
18177 1
18179 1
18186 1
18188 1
18189 1
18191 1
18194 1
18200 1
18202 1
18204 1
18216 1
18217 1
18225 1
18228 1
18231 1
18232 1
18233 1
18240 2
18241 1
18249 1
18258 1
18260 1
18261 1
18262 1
18269 1
18270 1
18271 1
18275 1
18282 1
18292 1
18300 1
18305 1
18306 1
18309 1
18312 1
18320 1
18324 2
18325 1
18326 1
18330 1
18332 1
18333 1
18335 1
18342 2
18344 1
18346 1
18352 1
18354 2
18357 1
18358 1
18360 1
18361 1
18363 1
18375 2
18381 1
18386 1
18392 2
18395 1
18408 1
18422 1
18432 1
18438 1
18446 1
18452 1
18460 1
18462 1
18480 2
18487 1
18492 1
18496 1
18503 1
18506 1
18516 1
18521 1
18524 1
18529 1
18531 1
18538 1
18540 1
18546 1
18550 1
18560 2
18564 2
18570 1
18583 1
18584 1
18585 2
18595 1
18598 1
18599 1
18601 1
18606 1
18608 1
18615 1
18616 3
18648 1
18666 1
18669 1
18680 1
18683 2
18684 1
18696 1
18700 1
18706 1
18709 1
18720 2
18722 1
18723 1
18730 1
18731 1
18755 1
18765 1
18772 1
18774 1
18778 1
18780 1
18784 1
18785 2
18788 1
18792 1
18793 1
18799 1
18800 2
18816 1
18824 1
18830 1
18833 1
18846 1
18848 1
18850 1
18854 1
18860 1
18865 1
18868 1
18870 3
18873 1
18876 3
18882 1
18890 1
18897 1
18900 2
18906 1
18914 1
18918 2
18928 1
18941 1
18961 1
18981 1
18984 1
18986 1
18991 1
18993 1
19000 1
19005 1
19008 2
19017 1
19024 1
19028 1
19030 1
19044 1
19045 1
19063 1
19065 1
19067 1
19072 1
19073 1
19074 1
19096 1
19100 1
19103 1
19104 1
19110 2
19111 1
19125 1
19128 1
19129 1
19137 1
19140 1
19158 2
19175 1
19176 2
19180 1
19195 1
19196 1
19200 1
19208 1
19209 1
19215 1
19219 1
19221 1
19225 1
19228 1
19229 1
19233 1
19239 1
19246 1
19247 1
19250 1
19276 1
19278 1
19279 1
19282 1
19285 1
19286 1
19292 1
19304 1
19305 3
19312 1
19317 1
19335 2
19341 1
19344 1
19350 1
19360 2
19366 1
19375 1
19398 1
19400 1
19410 1
19414 1
19428 1
19430 1
19436 2
19437 1
19438 1
19440 4
19444 1
19446 1
19448 1
19452 1
19455 1
19459 1
19460 1
19463 1
19465 1
19467 1
19470 1
19473 1
19476 1
19479 1
19488 1
19494 2
19497 1
19500 2
19512 1
19515 1
19516 1
19521 1
19530 2
19535 1
19545 1
19547 1
19548 1
19549 1
19550 1
19572 1
19584 2
19591 2
19592 1
19599 1
19600 1
19601 1
19604 1
19614 1
19620 3
19624 1
19632 1
19635 1
19644 1
19645 1
19648 2
19650 2
19653 1
19662 1
19678 1
19682 1
19686 1
19688 1
19689 1
19698 1
19701 1
19710 1
19712 1
19715 1
19720 1
19740 5
19746 1
19750 1
19757 1
19758 1
19775 1
19778 1
19780 1
19788 2
19800 1
19801 1
19809 1
19810 2
19821 1
19839 1
19844 2
19851 1
19853 1
19859 1
19873 1
19875 1
19876 1
19883 1
19894 2
19905 1
19920 1
19922 1
19935 1
19936 1
19944 1
19947 1
19950 1
19967 1
19968 1
19969 1
19989 1
19992 1
19999 1
20000 1
20002 1
20007 1
20008 1
20010 1
20020 1
20025 1
20034 2
20040 1
20064 1
20068 1
20075 1
20076 1
20085 1
20094 1
20096 1
20097 1
20098 2
20115 1
20116 1
20128 1
20130 1
20140 1
20141 1
20150 2
20151 1
20160 2
20167 1
20170 1
20171 1
20175 1
20178 1
20184 1
20193 1
20196 1
20203 1
20215 1
20216 2
20220 1
20221 1
20224 1
20230 1
20231 1
20232 1
20240 1
20246 1
20250 1
20256 1
20260 1
20262 1
20288 1
20298 1
20302 1
20304 2
20306 1
20325 1
20330 1
20332 1
20349 1
20363 1
20375 1
20382 1
20384 1
20387 1
20398 1
20404 1
20405 1
20406 1
20416 1
20418 1
20424 1
20429 1
20430 1
20442 1
20445 1
20460 2
20478 1
20484 1
20485 1
20490 1
20493 1
20504 2
20511 1
20513 1
20515 1
20520 2
20521 1
20526 1
20531 1
20532 1
20544 1
20552 2
20553 1
20561 1
20574 2
20577 3
20582 2
20592 1
20595 1
20606 1
20608 1
20613 1
20624 1
20625 1
20628 1
20629 1
20632 1
20640 1
20644 1
20646 2
20663 1
20683 1
20692 1
20696 1
20703 1
20706 1
20708 1
20710 1
20720 1
20727 2
20732 1
20736 4
20740 1
20741 1
20746 2
20747 1
20764 1
20772 1
20783 1
20790 1
20796 1
20807 1
20815 1
20818 1
20820 1
20825 1
20847 1
20856 1
20868 1
20880 1
20896 1
20916 1
20917 1
20918 1
20922 1
20925 1
20928 1
20937 1
20938 1
20952 1
20955 1
20960 1
20976 1
20984 1
20985 1
20987 1
20988 1
20992 1
21007 1
21008 1
21009 1
21010 1
21016 1
21018 1
21024 1
21042 1
21045 1
21048 1
21049 1
21053 1
21055 1
21068 1
21080 1
21087 1
21106 1
21112 3
21114 1
21120 1
21140 1
21141 1
21143 1
21145 2
21148 1
21160 1
21162 1
21180 1
21183 1
21216 1
21222 1
21224 1
21233 1
21252 1
21253 1
21255 1
21260 1
21261 1
21281 1
21286 1
21287 1
21293 1
21296 1
21312 1
21313 1
21328 1
21334 1
21342 1
21362 1
21364 2
21367 1
21376 1
21381 1
21385 1
21386 1
21405 1
21408 1
21417 1
21423 1
21430 1
21437 1
21448 1
21450 1
21463 1
21485 1
21492 2
21498 1
21500 1
21510 1
21525 1
21531 1
21536 1
21543 1
21544 1
21546 2
21547 1
21560 2
21568 1
21580 1
21600 1
21615 1
21624 1
21636 1
21637 1
21647 1
21650 1
21655 1
21658 1
21661 1
21690 1
21692 1
21705 1
21719 1
21756 1
21760 1
21762 1
21780 1
21801 1
21816 1
21826 1
21828 1
21837 1
21840 2
21866 2
21870 1
21873 1
21876 1
21879 1
21882 1
21887 1
21900 1
21930 1
21938 1
21940 1
21950 1
21952 1
21960 1
21973 1
21977 1
21978 1
21980 1
21985 1
22000 1
22018 1
22024 1
22040 2
22050 1
22055 1
22066 1
22071 1
22074 1
22076 1
22080 2
22081 1
22093 1
22098 1
22102 1
22104 1
22109 1
22127 1
22134 1
22137 1
22160 1
22168 1
22176 3
22186 1
22227 1
22246 1
22248 1
22258 1
22260 1
22265 1
22273 1
22280 1
22287 1
22289 1
22290 1
22308 1
22311 1
22327 1
22336 1
22342 1
22344 1
22345 1
22348 1
22359 1
22363 1
22380 1
22383 1
22384 1
22385 2
22389 1
22400 1
22418 1
22428 1
22440 1
22452 1
22461 1
22464 1
22468 1
22494 1
22495 1
22504 1
22512 1
22527 1
22557 1
22560 1
22562 1
22563 1
22572 1
22575 1
22592 1
22608 1
22610 1
22617 1
22635 1
22638 1
22644 1
22652 1
22653 1
22667 1
22671 1
22682 1
22685 1
22689 1
22704 1
22708 1
22729 1
22734 1
22749 1
22750 1
22754 1
22756 1
22781 1
22789 1
22794 2
22796 1
22800 2
22804 1
22805 1
22816 1
22839 1
22848 1
22855 1
22875 1
22880 2
22883 1
22890 1
22893 1
22902 1
22908 1
22916 1
22917 1
22925 1
22926 1
22944 1
22946 1
22952 1
22962 1
22964 1
22971 1
22995 1
23003 1
23008 1
23012 2
23015 1
23028 1
23030 1
23036 1
23045 1
23052 1
23054 1
23055 1
23056 1
23059 1
23064 1
23070 1
23081 1
23125 1
23139 1
23142 2
23145 1
23153 1
23155 1
23157 1
23168 1
23192 1
23193 1
23199 1
23209 1
23218 1
23232 1
23240 1
23247 1
23248 1
23251 1
23254 1
23256 1
23268 1
23278 1
23291 1
23294 1
23310 1
23320 1
23324 1
23340 1
23348 1
23353 1
23355 1
23392 1
23400 1
23421 1
23424 1
23425 1
23430 2
23436 1
23452 1
23460 1
23463 1
23465 1
23467 1
23477 1
23478 1
23485 1
23490 1
23502 1
23506 1
23522 1
23532 1
23544 1
23550 1
23557 1
23558 1
23585 1
23591 1
23601 1
23622 1
23625 1
23673 3
23697 1
23701 1
23719 1
23725 1
23735 1
23760 3
23790 1
23803 1
23808 1
23809 1
23813 1
23818 1
23820 2
23826 1
23837 1
23848 1
23856 2
23865 1
23874 1
23880 2
23883 1
23887 1
23932 1
23936 1
23940 1
23941 1
23950 1
23952 1
23954 2
23958 1
23976 2
24000 1
24021 1
24031 1
24035 1
24066 1
24069 1
24096 1
24121 1
24147 1
24154 1
24156 1
24190 1
24192 1
24222 1
24242 1
24255 1
24258 2
24270 1
24288 1
24314 1
24318 1
24332 1
24336 1
24344 1
24368 1
24384 1
24395 1
24424 1
24426 1
24435 1
24453 1
24458 1
24469 1
24499 1
24516 1
24530 1
24544 1
24551 1
24563 1
24566 1
24567 1
24570 1
24575 1
24584 1
24596 1
24608 1
24613 1
24617 1
24635 1
24648 1
24654 1
24660 1
24662 1
24666 1
24677 1
24688 1
24691 1
24696 1
24705 1
24724 1
24735 1
24738 1
24739 1
24750 1
24752 1
24759 1
24772 1
24777 2
24780 2
24800 1
24815 1
24820 1
24825 1
24831 1
24840 1
24894 1
24909 1
24925 1
24932 1
24933 1
24940 1
24961 1
24967 1
24980 1
24989 1
25004 2
25025 1
25041 1
25047 1
25048 1
25061 1
25073 1
25074 1
25077 1
25078 1
25088 1
25090 1
25094 1
25098 1
25100 1
25115 1
25116 1
25147 1
25156 1
25160 1
25163 1
25169 1
25170 1
25171 1
25192 1
25198 1
25199 1
25200 2
25205 1
25208 1
25212 1
25217 2
25221 1
25223 1
25228 1
25254 1
25256 1
25262 1
25272 1
25297 1
25299 1
25311 2
25319 1
25334 1
25338 1
25344 2
25345 1
25364 1
25389 1
25393 1
25400 1
25404 1
25415 1
25420 1
25428 1
25440 1
25451 1
25461 1
25462 1
25470 1
25472 1
25474 1
25500 1
25503 1
25506 2
25513 2
25524 1
25527 1
25536 1
25575 1
25576 1
25591 1
25596 1
25612 1
25614 1
25615 1
25618 1
25621 1
25623 1
25648 1
25649 1
25664 1
25677 1
25680 1
25700 1
25714 2
25725 2
25728 1
25730 1
25737 1
25740 1
25750 1
25752 1
25756 1
25764 1
25781 1
25796 1
25805 1
25813 1
25818 1
25823 1
25830 1
25840 2
25844 1
25857 1
25868 1
25874 1
25876 1
25883 1
25888 1
25892 1
25902 1
25914 1
25916 2
25919 1
25927 1
25935 1
25936 1
25945 1
25973 1
25974 1
25982 2
25984 1
25985 1
26010 1
26040 1
26060 1
26061 1
26070 1
26071 1
26072 1
26078 1
26080 1
26110 1
26112 1
26115 1
26131 2
26134 1
26137 1
26142 1
26148 1
26166 1
26169 1
26172 1
26197 1
26201 1
26217 1
26221 1
26224 1
26233 1
26235 1
26250 1
26298 1
26312 1
26315 1
26316 1
26325 1
26339 1
26347 1
26350 1
26352 1
26358 1
26364 1
26371 1
26384 1
26391 1
26404 1
26412 1
26425 1
26434 1
26447 1
26460 1
26471 1
26502 1
26505 1
26506 1
26520 2
26564 1
26568 1
26569 1
26572 2
26589 1
26600 1
26603 1
26609 1
26611 1
26618 1
26664 1
26686 1
26692 1
26721 1
26730 2
26732 1
26761 1
26775 1
26825 1
26826 1
26838 1
26859 1
26865 1
26868 1
26869 1
26873 1
26880 1
26883 1
26884 1
26891 1
26895 1
26925 1
26928 2
26959 1
26979 1
26992 1
27016 1
27021 2
27038 1
27040 1
27048 1
27054 1
27056 1
27062 1
27077 1
27084 1
27088 1
27119 1
27127 1
27132 1
27139 1
27160 1
27170 1
27176 1
27180 1
27190 1
27200 1
27208 1
27210 1
27214 1
27215 1
27220 1
27234 1
27235 1
27239 1
27240 1
27242 1
27254 1
27263 1
27266 1
27275 1
27279 1
27288 1
27300 1
27307 1
27308 1
27324 1
27328 1
27331 1
27336 1
27338 1
27344 1
27345 1
27360 2
27373 1
27374 1
27383 1
27390 1
27405 1
27412 1
27413 1
27415 1
27416 1
27422 1
27448 2
27456 1
27474 1
27480 1
27486 1
27492 1
27493 1
27495 1
27496 1
27498 1
27500 1
27503 1
27504 1
27513 1
27520 1
27521 1
27531 1
27542 1
27545 1
27554 1
27561 1
27582 1
27587 1
27598 2
27600 1
27601 1
27608 1
27623 1
27636 1
27655 1
27669 1
27670 1
27673 1
27677 1
27678 1
27692 1
27700 1
27703 1
27714 1
27720 1
27753 1
27773 1
27782 1
27810 1
27825 1
27826 1
27827 1
27837 1
27848 1
27850 1
27864 1
27873 1
27888 1
27891 1
27903 1
27968 1
27976 1
27996 1
28008 2
28014 1
28017 1
28028 1
28032 1
28034 1
28035 1
28050 1
28055 1
28063 1
28070 1
28080 1
28082 1
28084 1
28091 1
28098 1
28116 1
28126 1
28157 1
28160 4
28161 1
28175 1
28203 1
28210 1
28220 1
28229 1
28237 1
28244 1
28249 1
28268 1
28278 1
28296 1
28322 1
28335 1
28382 1
28390 1
28393 2
28400 1
28414 1
28424 2
28443 1
28457 1
28461 1
28486 1
28489 1
28492 1
28496 1
28518 1
28545 1
28579 1
28584 1
28589 1
28594 1
28603 1
28620 1
28630 1
28640 1
28644 1
28646 1
28648 1
28655 1
28656 1
28671 2
28672 1
28693 1
28696 1
28701 1
28720 1
28743 1
28744 1
28752 1
28758 1
28764 2
28766 1
28830 2
28864 1
28905 1
28927 1
28934 1
28938 1
28973 1
28981 1
28990 1
28998 1
29008 2
29013 1
29024 1
29026 1
29050 1
29082 1
29145 1
29148 1
29160 1
29178 1
29180 1
29224 1
29232 2
29239 1
29248 1
29295 1
29300 1
29305 1
29310 1
29312 1
29326 1
29350 1
29362 1
29378 1
29380 1
29386 1
29400 3
29403 1
29412 1
29421 1
29427 1
29437 1
29452 1
29453 1
29465 1
29480 1
29484 1
29497 2
29509 1
29536 1
29550 1
29563 1
29573 1
29589 2
29600 1
29610 1
29624 2
29629 1
29647 1
29652 2
29660 1
29663 1
29684 1
29694 1
29696 1
29733 1
29746 1
29749 1
29751 1
29756 1
29802 1
29803 1
29805 1
29837 1
29840 1
29855 1
29876 1
29891 1
29899 1
29907 1
29910 1
29914 1
29940 1
29965 2
29971 1
29975 1
29992 1
30006 1
30037 2
30048 1
30051 1
30057 1
30117 1
30150 1
30164 1
30179 1
30189 1
30191 1
30210 1
30220 1
30226 1
30228 1
30235 1
30248 1
30256 1
30263 1
30277 1
30287 1
30310 1
30358 1
30360 1
30372 1
30388 1
30400 1
30413 1
30415 1
30428 1
30430 1
30437 1
30451 1
30474 1
30476 1
30479 1
30492 1
30516 1
30517 1
30520 1
30525 1
30528 1
30532 1
30536 1
30537 1
30552 2
30561 1
30565 1
30581 1
30583 1
30589 1
30600 2
30611 1
30616 1
30659 1
30660 1
30690 1
30728 1
30738 1
30740 1
30744 1
30749 1
30776 1
30784 2
30800 1
30804 2
30810 1
30816 1
30824 1
30852 1
30875 1
30876 1
30900 1
30938 1
30990 1
30994 1
31008 1
31030 1
31075 2
31080 2
31089 1
31103 1
31104 1
31118 1
31119 1
31126 1
31155 1
31161 1
31163 1
31164 1
31166 1
31171 1
31193 1
31202 1
31204 1
31206 1
31219 1
31273 1
31278 1
31284 1
31301 1
31320 1
31332 1
31336 1
31378 1
31380 1
31395 1
31409 1
31451 1
31460 1
31464 1
31471 1
31473 1
31488 2
31500 1
31530 1
31539 1
31556 1
31561 1
31562 1
31588 1
31591 1
31594 1
31616 1
31635 1
31646 1
31654 1
31658 1
31671 1
31678 1
31696 1
31703 1
31775 1
31787 1
31810 1
31850 1
31856 1
31905 1
31920 1
31924 1
31930 1
31968 1
32004 1
32028 1
32040 1
32043 1
32048 1
32075 1
32076 1
32080 1
32082 1
32085 1
32096 1
32112 1
32118 1
32120 1
32147 1
32154 1
32160 1
32240 1
32246 1
32262 1
32325 1
32356 1
32364 1
32373 1
32384 2
32392 1
32393 1
32397 1
32410 2
32449 1
32455 1
32499 1
32503 1
32537 1
32546 1
32587 1
32594 1
32596 1
32601 1
32613 1
32627 1
32637 2
32639 1
32640 1
32656 1
32659 1
32664 1
32675 1
32706 1
32710 1
32718 2
32720 1
32762 1
32775 1
32785 1
32803 1
32809 1
32813 1
32827 2
32859 2
32864 1
32865 1
32895 1
32901 1
32968 1
33016 1
33030 1
33055 1
33057 1
33071 1
33133 1
33159 3
33177 1
33195 1
33207 1
33232 1
33258 1
33264 3
33271 1
33278 1
33280 1
33281 1
33293 1
33300 1
33330 1
33349 1
33360 1
33363 1
33376 1
33390 1
33409 1
33439 1
33456 1
33462 1
33512 2
33551 1
33562 1
33572 1
33573 1
33592 1
33596 1
33663 1
33677 1
33678 1
33680 2
33696 1
33703 1
33721 1
33731 1
33755 1
33756 1
33763 1
33788 1
33796 1
33813 1
33815 1
33835 1
33843 1
33856 1
33858 1
33867 2
33874 1
33884 1
33892 1
33901 1
33902 1
33912 1
33924 1
33929 1
33930 1
33953 1
33984 1
33992 1
34000 1
34001 1
34009 1
34020 2
34042 1
34062 1
34072 1
34083 1
34086 1
34092 1
34102 1
34116 1
34127 1
34155 1
34185 1
34197 2
34200 1
34225 1
34239 1
34262 1
34268 1
34271 1
34287 1
34290 1
34313 1
34319 1
34321 1
34328 1
34364 1
34399 1
34401 1
34404 1
34422 1
34447 1
34510 1
34515 1
34542 1
34572 1
34574 1
34595 1
34623 1
34627 1
34632 1
34645 1
34664 1
34680 1
34695 1
34705 1
34711 1
34724 1
34738 1
34751 1
34755 1
34768 1
34806 1
34818 1
34821 1
34824 1
34829 1
34860 1
34880 1
34913 1
34920 1
34928 1
34937 1
34945 1
34946 1
34950 1
34959 1
34977 1
34983 1
34984 1
34997 1
35001 1
35002 1
35010 1
35011 1
35086 1
35100 1
35145 1
35149 1
35150 2
35168 1
35173 1
35196 2
35217 1
35244 1
35252 1
35264 1
35276 1
35283 1
35325 1
35352 1
35365 1
35367 1
35368 1
35388 1
35404 1
35432 1
35433 1
35459 1
35460 1
35493 1
35496 1
35532 1
35535 1
35544 1
35551 1
35600 1
35625 1
35681 1
35712 1
35742 1
35744 1
35750 1
35752 1
35776 1
35815 1
35828 1
35839 1
35866 1
35878 1
35880 1
35919 1
35938 1
35956 1
35968 1
35980 1
35988 1
36020 1
36034 1
36040 1
36045 1
36048 1
36067 1
36074 1
36076 1
36077 1
36095 1
36162 1
36192 1
36195 1
36210 1
36215 1
36240 1
36295 1
36315 1
36319 1
36340 1
36359 1
36365 1
36374 1
36381 1
36400 1
36402 1
36411 1
36419 1
36424 1
36436 1
36456 1
36482 1
36497 1
36501 1
36504 1
36516 1
36522 1
36580 1
36584 1
36602 1
36643 1
36644 1
36696 1
36716 1
36734 1
36787 1
36792 1
36816 1
36832 1
36852 1
36863 1
36868 1
36884 1
36957 1
36960 1
36964 1
36994 1
37005 1
37012 1
37038 1
37055 1
37104 1
37162 1
37168 1
37169 1
37212 1
37236 1
37285 1
37295 1
37296 1
37321 1
37329 1
37412 1
37438 1
37447 1
37449 1
37466 1
37469 1
37476 1
37506 1
37518 1
37542 1
37567 1
37620 1
37628 1
37640 1
37668 1
37718 1
37729 1
37754 1
37772 1
37785 1
37800 1
37815 1
37858 1
37894 1
37935 1
37954 1
37965 1
37986 1
38007 1
38013 1
38037 1
38115 1
38160 1
38169 1
38181 1
38182 1
38190 1
38192 1
38230 1
38262 1
38268 1
38269 1
38348 1
38385 1
38391 1
38400 1
38410 1
38419 1
38426 1
38429 1
38434 1
38448 1
38456 2
38468 1
38472 1
38475 1
38479 1
38493 1
38503 1
38516 1
38540 1
38554 1
38587 1
38588 1
38591 1
38597 1
38603 1
38634 1
38638 1
38656 1
38674 1
38689 1
38690 1
38742 1
38784 2
38788 1
38811 1
38870 1
38872 1
38886 1
38892 1
38920 1
38980 1
38989 1
38994 1
39000 1
39042 1
39045 1
39062 1
39108 1
39122 1
39136 1
39167 1
39182 1
39193 1
39206 1
39213 1
39228 1
39264 1
39269 1
39304 1
39312 2
39326 1
39328 1
39344 1
39347 1
39373 1
39376 1
39402 1
39420 1
39427 1
39471 1
39498 1
39526 1
39546 1
39593 1
39623 1
39644 1
39647 1
39648 1
39668 1
39704 1
39721 1
39762 1
39823 1
39827 1
39890 1
39928 1
39935 1
39951 1
39959 1
39965 1
39975 1
39979 1
40002 1
40064 1
40099 1
40102 1
40112 1
40129 1
40157 1
40180 1
40206 2
40210 1
40211 1
40216 1
40281 1
40288 1
40326 1
40378 1
40429 1
40447 1
40500 1
40533 1
40545 1
40547 1
40549 1
40575 1
40579 1
40602 1
40607 1
40608 1
40623 1
40672 1
40681 1
40689 1
40698 1
40754 1
40768 1
40770 1
40788 1
40792 1
40884 1
40894 1
40896 1
40942 1
40956 1
40969 1
40987 1
41008 1
41022 1
41042 1
41057 1
41062 1
41075 1
41078 1
41085 1
41088 1
41095 1
41117 1
41160 1
41184 1
41217 1
41218 1
41241 1
41249 1
41274 1
41302 1
41401 1
41496 1
41526 1
41600 1
41610 1
41616 1
41640 1
41655 1
41659 1
41666 1
41681 1
41686 1
41713 1
41734 1
41757 1
41775 1
41795 1
41813 1
41840 1
41863 1
41868 1
41880 1
41886 1
41890 1
41934 1
41951 1
41968 1
41974 1
41976 1
41985 1
41995 2
41997 1
42020 1
42024 1
42054 1
42064 1
42071 1
42101 1
42107 1
42154 1
42188 1
42228 1
42252 1
42259 1
42273 1
42302 1
42365 1
42400 1
42408 1
42435 1
42459 1
42482 1
42505 1
42544 1
42546 1
42552 1
42555 1
42602 1
42633 2
42696 1
42713 1
42720 1
42735 2
42768 1
42791 1
42812 1
42821 1
42827 1
42898 1
42954 1
42958 1
42973 1
43091 1
43097 1
43145 1
43153 1
43204 1
43225 1
43260 1
43263 1
43286 1
43308 1
43328 1
43345 1
43431 1
43434 1
43453 1
43459 1
43472 1
43489 1
43492 1
43495 1
43500 1
43511 1
43516 1
43573 1
43576 1
43706 1
43721 1
43728 1
43754 1
43797 1
43827 1
43850 1
43858 1
43884 1
43885 1
43898 1
43916 1
43938 1
43941 1
43958 1
43983 1
44004 1
44046 1
44080 1
44134 1
44173 1
44178 1
44188 2
44197 1
44239 1
44272 1
44292 1
44307 1
44322 1
44340 1
44373 1
44416 1
44445 1
44454 1
44460 1
44484 1
44511 1
44541 1
44550 1
44556 1
44601 1
44604 2
44612 1
44626 1
44690 1
44749 1
44798 1
44816 1
44819 1
44875 1
44880 1
44883 1
44937 1
44953 1
44968 1
44979 1
44983 1
44998 1
45074 1
45078 1
45089 1
45104 1
45130 1
45157 1
45187 1
45197 1
45219 1
45248 1
45293 1
45313 1
45321 1
45322 1
45345 1
45355 1
45402 2
45422 1
45463 1
45476 1
45493 1
45519 1
45541 1
45544 1
45570 1
45573 1
45621 1
45625 2
45724 1
45732 1
45775 1
45782 1
45816 1
45928 1
45954 1
45999 1
46013 1
46023 1
46040 1
46055 1
46083 1
46102 1
46106 1
46116 1
46181 1
46290 1
46291 1
46315 1
46341 1
46376 1
46383 1
46391 1
46408 1
46417 1
46424 2
46436 1
46447 1
46524 1
46541 1
46560 1
46578 1
46582 1
46592 1
46637 1
46639 1
46650 1
46664 1
46675 1
46684 1
46695 1
46700 1
46715 1
46732 1
46755 1
46801 1
46806 1
46847 1
46853 1
46858 1
46867 1
46895 1
46902 1
46903 1
46917 1
46926 1
46928 1
46930 1
46931 1
46944 1
46999 1
47040 1
47100 1
47142 1
47158 1
47193 1
47235 1
47247 1
47288 1
47336 1
47342 1
47352 1
47383 1
47397 1
47452 2
47472 1
47492 1
47522 1
47529 1
47564 1
47573 1
47576 1
47646 1
47671 1
47723 1
47732 1
47741 1
47804 1
47900 1
47961 1
47986 1
47994 1
48019 1
48028 1
48077 1
48093 1
48096 1
48137 1
48214 1
48257 1
48262 1
48314 1
48326 1
48338 1
48471 1
48505 1
48544 1
48548 1
48559 1
48570 1
48579 1
48631 1
48654 1
48798 1
48840 1
48855 1
48888 1
48896 1
48917 1
48925 1
48933 1
48948 1
48958 1
48974 1
48987 1
48998 1
49053 1
49058 1
49081 1
49098 1
49117 1
49163 1
49181 1
49204 1
49205 1
49223 1
49237 1
49241 1
49270 1
49290 1
49321 1
49322 1
49377 1
49489 1
49496 2
49554 1
49560 1
49614 1
49737 1
49752 1
49858 1
49871 1
49896 2
49970 1
49977 1
49983 1
50075 1
50085 1
50088 1
50127 1
50152 1
50160 1
50180 1
50207 1
50215 1
50220 1
50228 1
50230 1
50237 1
50323 1
50361 1
50371 1
50411 1
50439 1
50469 1
50504 1
50532 1
50572 1
50639 1
50650 1
50654 1
50657 1
50665 1
50732 1
50787 1
50802 1
50830 1
50850 1
50935 1
50942 1
50960 1
50973 1
51036 1
51045 1
51051 1
51078 1
51086 1
51107 1
51137 1
51150 1
51159 1
51160 1
51207 1
51231 1
51232 1
51272 1
51322 1
51353 1
51378 1
51400 1
51417 1
51468 1
51498 1
51501 1
51507 1
51512 1
51534 1
51632 1
51641 1
51717 1
51789 1
51840 1
51918 1
51925 1
51956 1
51977 1
51992 1
52003 1
52007 1
52016 1
52080 1
52088 1
52105 1
52113 1
52134 1
52163 1
52167 1
52220 1
52238 1
52249 1
52281 1
52328 1
52338 2
52400 1
52414 1
52483 1
52498 1
52539 1
52541 1
52552 1
52589 1
52731 1
52750 1
52869 1
52892 1
52902 1
52905 1
52914 2
52949 1
52974 1
52992 1
53004 1
53020 1
53021 1
53040 1
53101 1
53189 1
53234 1
53271 1
53283 1
53352 1
53355 1
53386 1
53446 1
53460 1
53474 1
53496 1
53538 1
53567 1
53570 1
53617 1
53689 1
53700 1
53757 1
53841 1
53870 1
53937 1
53969 1
54008 1
54020 1
54074 1
54121 1
54161 1
54223 1
54252 1
54256 1
54263 1
54287 1
54415 1
54421 1
54443 1
54503 1
54524 1
54529 1
54539 1
54604 1
54609 1
54683 1
54693 1
54746 1
54794 1
54854 1
54897 1
54950 1
54995 1
55018 1
55025 1
55060 1
55076 1
55080 1
55138 1
55161 1
55242 1
55265 1
55277 1
55297 1
55487 1
55548 1
55592 1
55626 1
55689 1
55758 1
55770 1
55943 1
55986 1
56022 1
56102 1
56111 1
56190 1
56289 1
56290 1
56295 1
56327 1
56330 1
56356 1
56364 1
56366 1
56368 1
56379 1
56391 1
56403 1
56415 1
56421 1
56507 1
56510 1
56627 1
56656 1
56717 1
56761 1
56803 1
56832 1
56854 1
56895 1
56910 1
56965 1
56981 1
57066 1
57106 1
57145 1
57200 1
57225 1
57299 1
57321 1
57331 1
57375 1
57411 1
57440 1
57442 1
57466 1
57475 1
57498 1
57545 1
57579 1
57627 1
57668 1
57690 1
57718 1
57852 1
57895 1
57926 1
57927 1
57964 1
57975 1
58080 1
58113 1
58136 1
58159 1
58178 1
58197 1
58218 1
58237 1
58272 1
58355 1
58366 1
58431 1
58469 1
58485 1
58544 1
58617 1
58635 1
58661 1
58670 1
58672 1
58676 1
58686 1
58724 1
58768 1
58853 1
58995 1
59007 1
59031 1
59034 1
59061 1
59092 1
59097 1
59104 1
59116 1
59235 1
59240 1
59464 1
59543 1
59606 1
59618 1
59718 1
59724 1
59775 1
59780 1
59781 1
59784 1
59851 1
59932 1
59934 1
59939 1
59980 1
60085 1
60158 1
60178 1
60292 1
60293 1
60316 1
60380 1
60406 1
60436 1
60446 1
60500 1
60533 1
60558 1
60571 1
60602 1
60613 1
60710 1
60747 1
60779 1
60830 1
60883 1
60907 1
60923 1
60944 1
61144 1
61200 1
61221 1
61227 1
61255 1
61305 1
61310 1
61313 1
61332 1
61352 1
61369 1
61374 1
61399 1
61457 1
61468 1
61498 1
61517 1
61639 1
61640 1
61646 1
61665 1
61677 1
61681 1
61700 1
61731 1
61747 1
61784 1
61850 1
61880 1
61885 1
61952 1
61954 1
61969 1
61997 1
62034 1
62068 1
62106 1
62226 1
62275 1
62331 1
62422 1
62470 1
62511 1
62524 1
62587 1
62679 1
62683 1
62719 1
62787 1
62936 1
62981 1
63010 1
63071 1
63131 1
63156 1
63189 1
63244 1
63252 1
63371 1
63495 1
63518 1
63522 1
63528 1
63540 1
63575 1
63699 1
63748 1
63788 1
63796 1
63810 1
63845 1
63919 1
63949 1
63962 1
64088 1
64192 1
64438 1
64446 1
64461 1
64469 1
64477 1
64550 1
64586 1
64664 1
64865 1
64872 1
64881 1
64888 1
64908 1
64971 1
65055 1
65146 1
65185 1
65259 1
65299 1
65373 1
65469 1
65506 1
65523 1
65550 1
65624 1
65641 1
65665 1
65674 1
65710 1
65801 1
65852 1
65880 1
65998 1
66014 1
66046 1
66053 1
66076 1
66077 1
66088 1
66162 1
66187 1
66194 1
66218 1
66226 1
66272 1
66281 1
66282 1
66343 1
66422 1
66424 1
66431 1
66553 1
66617 1
66648 1
66676 1
66729 1
66807 1
66849 1
66919 1
67036 1
67114 1
67323 1
67324 1
67341 1
67385 1
67392 1
67600 1
67654 1
67671 1
67701 1
67770 1
67806 1
67853 1
67884 1
67915 1
67961 1
67962 1
68068 1
68122 1
68206 1
68272 1
68302 1
68331 1
68375 1
68396 1
68432 1
68498 1
68562 1
68808 1
68849 1
68975 1
69061 1
69114 1
69346 1
69354 1
69371 2
69426 1
69431 1
69433 1
69476 1
69528 1
69536 1
69563 1
69592 1
69624 1
69633 1
69661 1
69676 1
69825 1
69826 1
70121 1
70340 1
70355 1
70437 1
70441 1
70615 1
70622 1
70729 1
70828 1
70867 1
70924 1
70945 1
70976 1
71061 1
71064 1
71095 1
71186 1
71206 1
71234 1
71330 1
71382 1
71548 1
71567 1
71618 1
71726 1
71728 1
71766 1
71813 1
71857 1
71876 1
71889 1
71903 1
71907 1
71979 1
72016 1
72053 1
72113 1
72146 1
72151 1
72185 1
72296 1
72300 1
72308 1
72317 1
72466 1
72577 1
72712 1
72765 1
72797 1
72830 1
72883 1
73017 1
73020 1
73033 1
73118 1
73153 1
73185 1
73230 1
73300 1
73350 1
73423 1
73454 1
73536 1
73595 1
73610 1
73644 1
73674 1
73821 1
73835 1
73912 1
73979 1
74130 1
74167 1
74266 1
74328 1
74344 1
74377 1
74404 1
74446 1
74462 1
74498 1
74530 1
74620 1
74634 1
74668 1
74809 1
74821 1
74827 1
74933 1
74968 1
74973 1
74981 1
75028 1
75052 1
75070 1
75086 1
75161 1
75347 1
75430 1
75446 1
75491 1
75498 1
75513 1
75523 1
75526 1
75777 1
75789 1
75897 1
76143 1
76154 1
76176 1
76209 1
76268 1
76291 1
76527 1
76549 1
76566 1
76605 1
76703 2
76839 1
76935 1
76949 1
77017 1
77031 1
77105 1
77306 1
77431 1
77489 1
77499 1
77520 1
77545 1
77759 1
77952 1
78053 1
78096 1
78107 1
78378 1
78465 1
78489 1
78537 1
78552 1
78596 1
78610 1
78618 1
78705 1
78727 1
78735 1
78810 1
78833 1
78959 1
79098 1
79144 1
79230 1
79418 1
79449 1
79457 1
79503 1
79511 1
79516 1
79546 1
79563 1
79588 1
79592 1
79718 1
79774 1
79918 1
80014 1
80096 1
80301 1
80316 1
80334 1
80410 1
80600 1
80862 1
80904 1
80978 1
81087 1
81186 1
81338 1
81420 1
81481 1
81508 1
81574 1
81583 1
81593 1
81605 1
81627 1
81652 1
81694 1
81699 1
81890 1
81920 1
82107 1
82156 1
82252 1
82324 1
82339 1
82379 1
82383 1
82462 1
82528 1
82535 1
82564 1
82578 1
82678 1
82721 1
83002 1
83023 1
83172 1
83427 1
83495 1
83519 1
83520 1
83550 1
83553 1
83593 1
83598 1
83618 1
83620 1
83738 1
83768 1
83831 1
84050 1
84052 1
84165 1
84203 1
84312 1
84382 1
84403 1
84473 1
84495 2
84582 1
84797 1
84801 1
84829 1
84907 1
85038 1
85048 1
85234 1
85314 1
85390 1
85676 1
85797 1
85821 1
85971 1
85998 1
86009 1
86096 1
86175 1
86234 1
86483 1
86560 1
86801 1
86874 1
86906 1
86968 1
87116 1
87228 1
87469 1
87481 1
87530 1
87617 1
87691 1
87701 1
87798 1
87974 1
88147 1
88390 1
88526 1
88673 1
88785 1
88916 1
88959 1
89000 1
89030 1
89057 1
89205 1
89232 1
89260 1
89393 1
89422 1
89607 1
89672 1
89674 1
89694 1
90007 1
90039 1
90092 1
90119 1
90217 1
90250 1
90334 1
90349 1
90505 1
90600 1
90754 1
90767 1
90770 1
90875 1
90886 1
90972 1
91007 1
91183 1
91298 1
91315 1
91478 1
91798 1
91854 1
91863 1
92042 1
92110 1
92115 1
92161 1
92293 1
92310 1
92341 1
92458 1
92526 1
92552 1
92650 1
92733 1
92744 1
92776 1
92840 1
92874 1
92896 1
92982 1
93035 1
93060 1
93173 1
93195 1
93406 1
93421 1
93494 1
93518 1
93524 1
94322 1
94344 1
94466 1
94518 1
94690 1
94768 1
94879 1
95084 1
95154 1
95369 1
95380 1
95540 1
95702 1
95741 1
95878 1
95885 1
96153 1
96188 1
96227 1
96251 1
96304 1
96336 1
96632 1
96687 1
96963 1
97000 1
97037 1
97194 1
97309 1
97338 1
97375 1
97610 1
97626 1
97638 1
97679 1
97709 1
97819 1
97840 1
97884 1
97980 1
98012 1
98140 1
98217 1
98224 1
98359 1
98539 1
98676 1
98714 1
98889 1
99024 1
99054 1
99261 1
99276 1
99429 1
99484 1
99549 1
99596 1
99681 1
99836 1
99857 1
100186 1
100232 1
100339 1
100365 1
100876 1
101011 1
101051 1
101087 1
101193 1
101221 1
101293 1
101418 1
101509 1
101551 1
101588 1
101613 1
101664 1
101790 1
101806 1
101933 1
102171 1
102308 1
102622 1
102694 1
102711 1
102814 1
103056 1
103153 1
103273 1
103313 1
103324 1
103584 1
103679 1
103756 1
104072 1
104129 1
104265 1
104403 1
104433 1
104442 1
104469 1
104719 1
104802 1
104987 1
105026 1
105272 1
105318 1
105479 1
105818 1
105836 1
105879 1
105886 1
105931 1
106001 1
106159 1
106235 1
106281 1
106533 1
106579 1
106604 1
106783 1
106905 1
107021 1
107125 1
107153 1
107217 1
107495 1
107541 1
107618 1
107859 1
107872 1
107903 1
107960 1
107968 1
107986 1
108121 1
108181 1
108211 1
108707 1
108945 1
108972 1
108975 1
109035 1
109062 1
109133 1
109315 1
109372 1
109383 1
109462 1
109552 1
109599 1
109785 1
110217 1
110284 1
110433 1
110733 1
110781 1
111109 1
111139 1
111144 1
111227 1
111236 1
111237 1
111290 1
111366 1
111520 1
111586 1
111718 1
111725 1
112026 1
112462 1
112542 1
112703 1
112890 1
112899 1
112958 1
113171 1
113261 1
113312 1
113330 1
113949 1
114049 1
114314 1
114536 1
114748 1
114755 1
114756 1
114906 1
115019 1
115063 1
115274 1
115372 1
115414 1
115806 1
115827 1
116248 1
116303 1
116371 1
116580 1
116641 1
116720 1
116730 1
116805 1
116812 1
116988 1
117078 1
117143 1
117168 1
117219 1
117293 1
117432 1
117464 1
117769 1
118171 1
118236 1
118356 1
118747 1
118787 1
119331 1
119497 1
119832 1
120264 1
120460 1
120521 1
120888 1
120936 1
121159 1
121424 1
121530 1
121603 1
121630 1
121639 1
121751 1
121847 1
121859 1
122002 1
122128 1
122375 1
122599 1
122776 1
123078 1
123152 1
123354 1
123473 1
123486 1
123492 1
123535 1
123931 1
124027 1
124079 1
124107 1
124410 1
124712 1
124870 1
124980 1
125438 1
125698 1
125723 1
125765 1
125904 1
126012 1
126192 1
126194 1
126358 1
126364 1
126677 1
126681 1
126703 1
126768 1
127037 1
127118 1
127400 1
127683 1
127944 1
128213 1
128233 1
128566 1
129002 1
129045 1
129123 1
129173 1
129468 1
129491 1
129634 1
129839 1
129863 1
130171 1
130209 1
130222 1
130228 1
130239 1
130365 1
130424 1
130491 1
130571 1
130616 1
130617 1
130737 1
130777 1
130879 1
131051 1
131256 1
131311 1
132503 1
132907 1
132970 1
133191 1
133204 1
133456 1
133578 1
133793 1
133845 1
133903 1
134290 1
135047 1
135348 1
135393 1
135422 1
135774 1
135815 1
135864 1
136021 1
136245 1
136481 1
136496 1
137271 1
137284 1
137403 1
137916 1
138183 1
138322 1
138403 1
138504 1
138603 1
138656 1
138666 1
138717 1
138774 1
138795 1
138850 1
139114 1
139306 1
139611 1
140012 1
140412 1
140497 1
140886 1
140924 1
141068 1
141135 1
141376 1
141696 1
141862 1
141872 1
141987 1
142094 1
142212 1
142257 1
142994 1
143067 1
143098 1
143298 1
143334 1
143473 1
143483 1
143559 1
144418 1
144427 1
144490 1
144543 1
144640 1
145393 1
145536 1
145702 1
145785 1
145938 1
145952 1
146094 1
146345 1
146580 1
146685 1
146691 1
146884 1
147156 1
147334 1
147359 1
147433 1
147471 1
147488 1
147560 1
147641 1
147654 1
147752 1
148150 1
148488 1
148786 1
149088 1
149201 1
149749 1
149998 1
150048 1
150207 1
150369 1
150463 1
151048 1
151609 1
151780 1
151883 1
151893 1
152668 1
153361 1
153827 1
153991 1
154016 1
154066 1
154122 1
154163 1
154221 1
154289 1
154310 1
154461 1
154518 1
154926 1
154952 1
155094 1
155254 1
155277 1
155702 1
156157 1
156297 1
156668 1
156864 1
156994 1
157344 1
158094 1
158166 1
158325 1
158624 1
158737 1
158834 1
158880 1
159052 1
159152 1
159972 1
160018 1
160896 1
161047 1
161105 1
161202 1
161388 1
161516 1
161543 1
161571 1
161587 1
161794 1
162991 1
163402 1
163751 1
163772 1
163969 1
164037 1
164426 1
164672 1
164948 1
165410 1
166066 1
166409 1
166707 1
166918 1
166943 1
167001 1
167352 1
167621 1
167705 1
167877 1
168451 1
168517 1
168575 1
168815 1
168849 1
169336 1
170274 1
172081 1
172109 1
172191 1
172289 1
173282 1
173497 1
174165 1
174732 1
174866 1
174961 1
175370 1
175425 1
175497 1
175708 1
175940 1
176161 1
176573 1
176979 1
177968 1
178747 1
178879 1
179860 1
179896 1
179959 1
181203 1
181460 1
182008 1
182046 1
182075 1
182686 1
182732 1
183008 1
183167 1
184026 1
184870 1
185813 1
185958 1
186451 1
186620 1
186900 1
187111 1
187539 1
187632 1
187961 1
188253 1
188712 1
189325 1
189611 1
190445 1
190695 1
191433 1
191646 1
191713 1
191911 1
191923 1
192095 1
193579 1
194119 1
194222 1
194296 1
195604 1
195702 1
195968 1
197124 1
197326 1
197696 1
197781 1
198299 1
198614 1
198761 1
199252 1
200000 1
200111 1
200206 1
200495 1
201099 1
201691 1
201814 1
201858 1
202284 1
202903 1
203024 1
203654 1
203664 1
203889 1
204739 1
206042 1
207697 1
208212 1
208639 1
208893 1
209003 1
209181 1
209774 1
209797 1
210206 1
210357 1
210613 1
210619 1
210877 1
211675 1
212491 1
212501 1
213156 1
213393 1
213461 1
215108 1
215646 1
216062 1
216236 1
217441 1
219233 1
219485 1
220232 1
220667 1
220852 1
220907 1
221097 1
221124 1
221282 1
221474 1
221533 1
221668 1
222080 1
222856 1
223741 1
224104 1
224649 1
224804 1
226789 1
227024 1
228135 1
228393 1
229920 1
230466 1
230483 1
230575 1
231118 1
231853 1
232058 1
232285 1
232470 1
233046 1
235207 1
235386 1
235411 1
235747 1
235813 1
235820 1
236485 1
237466 1
237557 1
239463 1
239805 1
240181 1
240434 1
243230 1
243808 1
243821 1
243837 1
244082 1
244233 1
244614 1
244781 1
245548 1
246529 1
247162 1
248575 1
250022 1
250180 1
251340 1
251969 1
252423 1
254388 1
254447 1
255043 1
255254 1
256382 1
256661 1
258089 1
258263 1
259178 1
259574 1
260377 1
261212 1
261220 1
261660 1
262132 1
263103 1
264712 1
265455 1
265896 1
266182 1
266652 1
267957 1
268949 1
271073 1
271898 1
272239 1
273903 1
275442 1
275588 1
275600 1
275733 1
275754 1
275915 1
277087 1
277195 1
279058 1
281202 1
281291 1
282547 1
282673 1
283002 1
283522 1
283925 1
284124 1
284212 1
284619 1
285289 1
285686 1
286669 1
287233 1
287979 1
288459 1
288902 1
289100 1
289745 1
290573 1
290834 1
291071 1
291127 1
291132 1
291648 1
291690 1
291809 1
291977 1
292486 1
293767 1
294468 1
295307 1
297814 1
298099 1
302068 1
302530 1
305593 1
306207 1
307717 1
308854 1
309512 1
312081 1
312417 1
312471 1
312914 1
313524 1
315490 1
315631 1
316940 1
319161 1
319696 1
320706 1
322624 1
322719 1
322858 1
324187 1
326344 1
326774 1
327761 1
327850 1
327954 1
329853 1
330719 1
330778 1
332426 1
333916 1
340312 1
341940 1
343735 1
344206 1
344894 1
348166 1
348173 1
348522 1
349707 1
351715 1
352691 1
353721 1
354090 1
358121 1
358255 1
359694 1
360458 1
361387 1
361728 1
362473 1
364124 1
369183 1
369444 1
369517 1
369667 1
371760 1
372731 1
375221 1
376630 1
379005 1
379535 1
380072 1
382205 1
382224 1
382745 1
385380 1
387302 1
389870 1
390362 1
391301 1
391998 1
393009 1
393323 1
397184 1
398608 1
404392 1
404732 1
404958 1
406579 1
407558 1
409072 1
410255 1
410325 1
411219 1
411431 1
412444 1
413037 1
414635 1
415197 1
417852 1
419356 1
420910 1
421125 1
421146 1
426656 1
427566 1
428067 1
430175 1
430950 1
431605 1
431790 1
433031 1
433518 1
434083 1
434567 1
435198 1
439775 1
440430 1
440571 1
442677 1
443588 1
445196 1
445724 1
446667 1
448251 1
450893 1
452315 1
453429 1
465600 1
467917 1
468036 1
468122 1
470186 1
473448 1
485572 1
493084 1
495326 1
495349 1
496216 1
498487 1
502563 1
503206 1
508407 1
511828 1
512783 1
513672 1
513953 1
514871 1
517487 1
519499 1
522139 1
528018 1
532100 1
549120 1
549600 1
551699 1
551845 1
555395 1
556454 1
557169 1
559161 1
559926 1
560161 1
563670 1
565875 1
568795 1
569404 1
573891 1
576545 1
579684 1
584077 1
587697 1
592306 1
604428 1
604492 1
605626 1
606038 1
607289 1
611412 1
615524 1
615806 1
616700 1
618883 1
621094 1
626915 1
627176 1
631512 1
634258 1
634787 1
637464 1
643724 1
650368 1
650397 1
660456 1
660786 1
666157 1
670664 1
672197 1
678301 1
681878 1
683460 1
684287 1
687390 1
694352 1
700835 1
706870 1
707429 1
711920 1
712770 1
712781 1
719208 1
735373 1
736212 1
742894 1
754732 1
760057 1
766786 1
769885 1
776406 1
781402 1
787416 1
815546 1
816677 1
821057 1
825990 1
827706 1
829558 1
832837 1
833815 1
850318 1
853277 1
856816 1
856999 1
881058 1
894741 1
897026 1
900851 1
902462 1
907769 1
909666 1
918114 1
927996 1
937123 1
966905 1
988302 1
992257 1
995189 1
998163 1
1022667 1
1024412 1
1033809 1
1034206 1
1035005 1
1036276 1
1045941 1
1054879 1
1062883 1
1081240 1
1082902 1
1096867 1
1103516 1
1106031 1
1117577 1
1118227 1
1123539 1
1126664 1
1133262 1
1134529 1
1150706 1
1199988 1
1210363 1
1228553 1
1231687 1
1237114 1
1241028 1
1246056 1
1246875 1
1293054 1
1303174 1
1309853 1
1316127 1
1334902 1
1334965 1
1377755 1
1377794 1
1394299 1
1397611 1
1439039 1
1448061 1
1457142 1
1482455 1
1490457 1
1491390 1
1520814 1
1522311 1
1555582 1
1559081 1
1568727 1
1579642 1
1593523 1
1596191 1
1601200 1
1606928 1
1620245 1
1627305 1
1637269 1
1638246 1
1662708 1
1698002 1
1735007 1
1738455 1
1744790 1
1750911 1
1752400 1
1790172 1
1825253 1
1845049 1
1848546 1
1871716 1
1901696 1
1954953 1
1961047 1
1973125 1
1984087 1
1984156 1
1992352 1
1995704 1
2020579 1
2029114 1
2079298 1
2090987 1
2100958 1
2117823 1
2168383 1
2191780 1
2214144 1
2218204 1
2271830 1
2283693 1
2326106 1
2444727 1
2552355 1
2555881 1
2604428 1
2623987 1
2679624 1
2680531 1
2720904 1
2723099 1
2744053 1
2752492 1
2829350 1
2845583 1
3020282 1
3113658 1
3117819 1
3295849 1
3326885 1
3439106 1
3481922 1
3541784 1
3556793 1
3689866 1
3815441 1
3884608 1
4028931 1
4064778 1
4079101 1
4110656 1
4329297 1
4612399 1
4731225 1
4979055 1
5077725 1
5207278 1
5301739 1
5356950 1
5455380 1
5523070 1
6108809 1
6119845 1
6219280 1
6469684 1
6755946 1
9947430 1
10252280 1
10544250 1
10582775 1
10885523 1
22247730 1
22557720 1
29002540 1
33629440 1
33855610 1
35280494 1
59463486 1
68032720 1
69910190 1
70778200 1
1447338310 1
