1 2 5312850000.0
1 3 1525720000.0
1 4 735376000.0
1 5 438147000.0
1 6 293212000.0
1 7 211181000.0
1 8 160011000.0
1 9 125825000.0
1 10 101787000.0
1 11 84203000.0
1 12 70928500.0
1 13 60645900.0
1 14 52508500.0
1 15 45951200.0
1 16 40584800.0
1 17 36133600.0
1 18 32398100.0
1 19 29230500.0
1 20 26519800.0
1 21 24181000.0
1 22 22147900.0
1 23 20368900.0
1 24 18802600.0
1 25 17416000.0
1 26 16182100.0
1 27 15079100.0
1 28 14088800.0
1 29 13196000.0
1 30 12388300.0
1 31 11654900.0
1 32 10986900.0
1 33 10376700.0
1 34 9817530.0
1 35 9303910.0
1 36 8830900.0
1 37 8394270.0
1 38 7990320.0
1 39 7615820.0
1 40 7267940.0
1 41 6944160.0
1 42 6642270.0
1 43 6360320.0
1 44 6096550.0
1 45 5849420.0
1 46 5617520.0
1 47 5399620.0
1 48 5194590.0
1 49 5001420.0
1 50 4819190.0
1 51 4647090.0
1 52 4484370.0
1 53 4330330.0
1 54 4184380.0
1 55 4045930.0
1 56 3914480.0
1 57 3789560.0
1 58 3670730.0
1 59 3557600.0
1 60 3449800.0
1 61 3347000.0
1 62 3248880.0
1 63 3155170.0
1 64 3065590.0
1 65 2979910.0
1 66 2897900.0
1 67 2819350.0
1 68 2744050.0
1 69 2671850.0
1 70 2602550.0
1 71 2536010.0
1 72 2472080.0
1 73 2410620.0
1 74 2351510.0
1 75 2294620.0
1 76 2239840.0
1 77 2187070.0
1 78 2136210.0
1 79 2087170.0
1 80 2039850.0
1 81 1994180.0
1 82 1950090.0
1 83 1907490.0
1 84 1866320.0
1 85 1826520.0
1 86 1788020.0
1 87 1750770.0
1 88 1714720.0
1 89 1679800.0
1 90 1645980.0
1 91 1613210.0
1 92 1581440.0
1 93 1550630.0
1 94 1520750.0
1 95 1491750.0
1 96 1463610.0
1 97 1436280.0
1 98 1409740.0
1 99 1383950.0
1 100 1358890.0
1 101 1334530.0
1 102 1310840.0
1 103 1287800.0
1 104 1265380.0
1 105 1243560.0
1 106 1222320.0
1 107 1201650.0
1 108 1181510.0
1 109 1161890.0
1 110 1142770.0
1 111 1124140.0
1 112 1105980.0
1 113 1088270.0
1 114 1070990.0
1 115 1054140.0
1 116 1037700.0
1 117 1021650.0
1 118 1005990.0
1 119 990695.0
1 120 975760.0
1 121 961172.0
1 122 946921.0
1 123 932996.0
1 124 919387.0
1 125 906084.0
1 126 893078.0
1 127 880360.0
1 128 867922.0
1 129 855755.0
1 130 843851.0
1 131 832203.0
1 132 820803.0
1 133 809644.0
1 134 798720.0
1 135 788023.0
1 136 777547.0
1 137 767286.0
1 138 757235.0
1 139 747386.0
1 140 737736.0
1 141 728278.0
1 142 719007.0
1 143 709918.0
1 144 701007.0
1 145 692269.0
1 146 683699.0
1 147 675293.0
1 148 667047.0
1 149 658956.0
1 150 651017.0
1 151 643225.0
1 152 635578.0
1 153 628071.0
1 154 620702.0
1 155 613465.0
1 156 606360.0
1 157 599381.0
1 158 592527.0
1 159 585794.0
1 160 579179.0
1 161 572679.0
1 162 566293.0
1 163 560016.0
1 164 553847.0
1 165 547783.0
1 166 541822.0
1 167 535961.0
1 168 530198.0
1 169 524530.0
1 170 518957.0
1 171 513475.0
1 172 508083.0
1 173 502778.0
1 174 497559.0
1 175 492423.0
1 176 487370.0
1 177 482397.0
1 178 477502.0
1 179 472685.0
1 180 467942.0
1 181 463273.0
1 182 458676.0
1 183 454150.0
1 184 449692.0
1 185 445303.0
1 186 440979.0
1 187 436721.0
1 188 432526.0
1 189 428394.0
1 190 424323.0
1 191 420311.0
1 192 416358.0
1 193 412463.0
1 194 408624.0
1 195 404841.0
1 196 401112.0
1 197 397435.0
1 198 393811.0
1 199 390238.0
1 200 386716.0
1 201 383242.0
1 202 379817.0
1 203 376439.0
1 204 373108.0
2 1 369822.0
2 11 366581.0
2 205 363385.0
2 206 360231.0
2 207 357119.0
2 208 354050.0
2 209 351021.0
2 210 348032.0
2 211 345082.0
2 212 342172.0
2 213 339299.0
2 97 336464.0
2 214 333665.0
2 215 330902.0
2 216 328175.0
2 217 325483.0
2 218 322825.0
2 219 320200.0
2 220 317608.0
3 1 315049.0
3 221 312522.0
3 222 310027.0
3 223 307562.0
4 1 305127.0
4 224 302722.0
4 225 300347.0
4 226 298001.0
4 227 295683.0
4 228 293393.0
4 137 291130.0
4 229 288894.0
4 230 286685.0
231 7 284502.0
231 232 282345.0
231 233 280213.0
231 13 278107.0
231 14 276024.0
231 234 273966.0
231 235 271932.0
231 236 269921.0
231 237 267933.0
231 238 265967.0
231 239 264024.0
231 240 262104.0
231 241 260204.0
231 242 258326.0
231 243 256469.0
231 244 254633.0
231 245 252817.0
246 247 251021.0
246 248 249245.0
246 249 247489.0
246 250 245751.0
246 251 244033.0
246 252 242333.0
246 253 240651.0
246 254 238988.0
246 255 237342.0
246 256 235714.0
246 257 234103.0
246 258 232509.0
246 259 230932.0
246 260 229372.0
246 261 227828.0
246 262 226300.0
246 263 224788.0
246 264 223292.0
246 265 221811.0
246 266 220345.0
246 267 218894.0
246 268 217459.0
246 269 216037.0
246 270 214630.0
246 271 213238.0
246 272 211859.0
246 273 210494.0
246 274 209143.0
246 275 207805.0
246 276 206480.0
246 277 205169.0
246 278 203871.0
246 279 202585.0
246 280 201311.0
246 281 200051.0
246 282 198802.0
246 283 197566.0
246 284 196341.0
246 285 195128.0
246 286 193927.0
246 287 192737.0
246 288 191559.0
246 289 190392.0
246 290 189235.0
246 291 188090.0
246 292 186955.0
246 293 185831.0
246 294 184718.0
246 295 183615.0
246 296 182522.0
246 297 181439.0
246 298 180366.0
246 299 179303.0
246 300 178250.0
246 301 177206.0
246 302 176172.0
246 303 175147.0
246 304 174131.0
246 305 173125.0
246 306 172127.0
246 307 171138.0
246 308 170159.0
246 309 169188.0
246 310 168225.0
246 311 167271.0
246 312 166325.0
246 313 165388.0
246 314 164459.0
246 315 163538.0
246 316 162625.0
246 317 161720.0
246 318 160822.0
246 319 159933.0
246 320 159051.0
246 321 158176.0
246 322 157309.0
246 323 156450.0
246 324 155597.0
246 325 154752.0
246 326 153914.0
246 327 153083.0
246 328 152259.0
5 1 151442.0
5 329 150632.0
5 330 149828.0
5 331 149031.0
5 332 148241.0
5 333 147457.0
5 334 146680.0
5 335 145908.0
5 18 145144.0
5 336 144385.0
5 337 143633.0
5 28 142886.0
5 338 142146.0
5 339 141412.0
5 36 140683.0
5 340 139960.0
5 341 139243.0
5 342 138532.0
5 54 137827.0
5 343 137127.0
5 86 136432.0
5 90 135743.0
5 344 135059.0
5 106 134381.0
5 345 133708.0
5 346 133040.0
5 347 132378.0
5 348 131720.0
5 349 131068.0
5 350 130420.0
5 351 129778.0
5 352 129140.0
224 4 128508.0
224 353 127880.0
224 354 127256.0
224 355 126638.0
224 356 126024.0
224 357 125415.0
224 358 124811.0
224 359 124211.0
224 360 123615.0
224 361 123024.0
224 362 122437.0
224 363 121855.0
224 364 121277.0
224 365 120703.0
224 366 120133.0
224 367 119568.0
224 368 119006.0
369 370 118449.0
369 371 117896.0
369 372 117347.0
369 373 116801.0
369 374 116260.0
369 375 115723.0
369 376 115189.0
369 377 114659.0
369 378 114133.0
369 379 113611.0
369 380 113093.0
369 381 112578.0
369 382 112067.0
369 383 111559.0
369 384 111055.0
369 385 110554.0
369 386 110057.0
369 387 109564.0
369 388 109074.0
369 389 108587.0
369 390 108104.0
369 391 107624.0
369 392 107147.0
369 393 106674.0
369 394 106204.0
369 395 105737.0
369 396 105273.0
369 397 104812.0
369 398 104355.0
369 399 103900.0
369 400 103449.0
369 401 103001.0
369 402 102556.0
369 403 102113.0
369 404 101674.0
369 405 101238.0
369 406 100804.0
369 407 100374.0
369 408 99945.9
369 409 99521.0
369 410 99098.9
369 411 98679.6
369 412 98263.0
369 413 97849.2
369 414 97438.1
369 415 97029.6
369 416 96623.8
369 417 96220.7
369 418 95820.1
369 419 95422.2
369 420 95026.8
369 421 94633.9
369 422 94243.6
369 423 93855.7
369 424 93470.4
369 425 93087.5
369 426 92707.0
369 427 92329.0
369 428 91953.3
369 429 91580.0
369 430 91209.1
369 431 90840.5
369 432 90474.2
369 433 90110.2
369 434 89748.5
369 435 89389.0
369 436 89031.7
369 437 88676.7
369 438 88323.9
369 439 87973.3
369 440 87624.8
369 441 87278.4
369 442 86934.2
369 443 86592.1
369 444 86252.1
369 445 85914.1
369 446 85578.2
369 447 85244.4
369 448 84912.5
369 449 84582.7
369 450 84254.9
369 451 83929.0
369 452 83605.1
369 453 83283.1
369 454 82963.1
369 455 82644.9
369 456 82328.7
369 457 82014.3
369 458 81701.8
369 459 81391.2
369 460 81082.4
369 461 80775.4
369 462 80470.2
369 463 80166.8
369 464 79865.1
369 465 79565.3
369 466 79267.1
369 467 78970.8
369 468 78676.1
369 469 78383.1
369 470 78091.9
369 471 77802.3
369 472 77514.4
369 473 77228.1
369 474 76943.5
369 475 76660.5
369 476 76379.1
369 477 76099.3
369 478 75821.1
369 479 75544.5
369 480 75269.5
369 481 74996.0
369 482 74724.0
369 483 74453.6
369 484 74184.7
369 485 73917.4
369 486 73651.5
369 487 73387.1
369 488 73124.1
369 489 72862.7
369 490 72602.6
369 491 72344.1
369 492 72086.9
369 493 71831.2
369 494 71576.9
369 495 71324.0
369 496 71072.4
370 369 70822.3
370 371 70573.5
370 372 70326.0
370 373 70080.0
370 497 69835.2
370 498 69591.8
370 499 69349.7
370 500 69108.9
370 501 68869.4
370 382 68631.2
370 502 68394.2
370 385 68158.6
370 386 67924.2
370 503 67691.0
370 388 67459.1
370 504 67228.4
370 505 66999.0
370 390 66770.8
370 391 66543.7
370 506 66317.9
370 507 66093.3
370 393 65869.8
370 508 65647.5
370 394 65426.4
370 395 65206.5
370 509 64987.6
370 510 64770.0
370 398 64553.4
370 399 64338.0
370 511 64123.7
370 512 63910.5
370 513 63698.4
370 514 63487.4
370 515 63277.5
370 516 63068.7
370 517 62860.9
370 518 62654.2
370 519 62448.6
370 520 62244.0
370 521 62040.4
370 414 61837.9
370 522 61636.4
370 523 61435.9
370 524 61236.4
370 525 61038.0
370 526 60840.5
370 421 60644.0
370 527 60448.5
370 528 60254.0
370 423 60060.5
370 529 59867.9
370 530 59676.3
370 531 59485.7
370 427 59295.9
370 428 59107.2
370 532 58919.3
370 533 58732.4
370 534 58546.4
370 433 58361.4
370 535 58177.2
370 434 57993.9
370 536 57811.5
370 537 57630.1
370 538 57449.5
370 539 57269.8
370 540 57090.9
370 541 56912.9
370 542 56735.8
370 543 56559.6
370 441 56384.1
370 544 56209.6
370 545 56035.9
370 546 55863.0
370 547 55690.9
370 445 55519.7
370 446 55349.2
370 548 55179.6
370 549 55010.8
370 550 54842.8
370 451 54675.6
370 551 54509.2
370 552 54343.6
370 458 54178.7
370 461 54014.7
370 553 53851.4
370 554 53688.9
370 555 53527.1
370 556 53366.1
370 557 53205.8
370 558 53046.3
370 559 52887.5
370 560 52729.5
370 561 52572.2
370 562 52415.6
370 563 52259.8
370 470 52104.7
370 471 51950.3
370 564 51796.6
370 565 51643.6
370 566 51491.3
370 476 51339.7
370 479 51188.8
370 567 51038.6
370 568 50889.1
370 569 50740.2
370 570 50592.0
370 571 50444.5
370 572 50297.7
370 573 50151.5
370 574 50006.0
370 488 49861.2
370 490 49717.0
370 575 49573.4
370 492 49430.5
370 576 49288.2
370 577 49146.6
370 578 49005.6
371 369 48865.2
371 370 48725.5
371 579 48586.4
371 580 48447.9
371 581 48310.0
371 582 48172.7
371 583 48036.0
371 584 47899.9
371 378 47764.4
371 380 47629.5
371 381 47495.3
371 585 47361.5
371 586 47228.4
371 587 47095.9
371 382 46963.9
371 588 46832.5
371 589 46701.7
371 590 46571.5
371 591 46441.8
371 502 46312.7
371 592 46184.1
371 593 46056.1
371 384 45928.6
371 594 45801.7
371 595 45675.3
371 386 45549.5
371 387 45424.2
371 596 45299.5
371 597 45175.2
371 598 45051.6
371 599 44928.4
371 600 44805.7
371 601 44683.6
371 602 44562.0
371 603 44440.9
371 604 44320.3
371 389 44200.3
371 605 44080.7
371 392 43961.6
371 606 43843.1
371 607 43725.0
371 608 43607.4
371 609 43490.3
371 395 43373.7
371 610 43257.6
371 611 43142.0
371 612 43026.9
371 613 42912.2
371 614 42798.0
371 397 42684.3
371 615 42571.0
371 510 42458.2
371 616 42345.9
371 617 42234.0
371 398 42122.6
371 618 42011.7
371 619 41901.2
371 620 41791.2
371 621 41681.6
371 622 41572.4
371 623 41463.7
371 624 41355.5
371 625 41247.6
371 626 41140.3
371 627 41033.3
371 628 40926.8
371 629 40820.7
371 630 40715.0
371 631 40609.8
371 632 40505.0
371 633 40400.6
371 634 40296.6
371 635 40193.0
371 636 40089.9
371 637 39987.2
371 638 39884.8
371 639 39782.9
371 640 39681.4
371 641 39580.3
371 642 39479.6
371 643 39379.3
371 644 39279.3
371 645 39179.8
371 646 39080.7
371 647 38981.9
371 407 38883.6
371 648 38785.6
371 409 38688.0
371 649 38590.8
371 650 38494.0
371 651 38397.5
371 652 38301.5
371 413 38205.8
371 653 38110.4
371 654 38015.5
371 655 37920.9
371 656 37826.7
371 657 37732.8
371 658 37639.3
371 659 37546.2
371 660 37453.4
371 661 37360.9
371 662 37268.9
371 663 37177.2
371 664 37085.8
371 665 36994.8
371 666 36904.1
371 667 36813.8
371 668 36723.8
371 669 36634.1
371 670 36544.8
371 671 36455.9
371 672 36367.2
371 673 36278.9
371 674 36191.0
371 530 36103.4
371 675 36016.1
371 676 35929.1
371 428 35842.4
371 431 35756.1
371 677 35670.1
371 678 35584.4
371 679 35499.1
371 680 35414.0
371 535 35329.3
371 681 35244.9
371 682 35160.8
371 683 35077.0
371 684 34993.6
371 438 34910.4
371 439 34827.5
371 685 34745.0
371 686 34662.7
371 687 34580.8
371 688 34499.2
371 689 34417.8
371 447 34336.8
371 690 34256.0
371 691 34175.6
371 692 34095.4
371 449 34015.5
371 693 33935.9
371 694 33856.7
371 695 33777.7
371 696 33698.9
371 697 33620.5
371 455 33542.4
371 698 33464.5
371 462 33386.9
371 699 33309.6
371 700 33232.6
371 701 33155.8
371 702 33079.4
371 703 33003.2
371 704 32927.2
371 705 32851.6
371 706 32776.2
371 465 32701.1
371 707 32626.2
371 708 32551.6
371 709 32477.3
371 710 32403.3
371 711 32329.5
371 712 32255.9
371 713 32182.7
371 714 32109.7
371 715 32036.9
371 716 31964.4
371 717 31892.2
371 718 31820.2
371 719 31748.4
371 720 31676.9
371 721 31605.7
371 722 31534.7
371 723 31464.0
371 490 31393.5
371 724 31323.2
371 725 31253.2
371 726 31183.5
371 727 31113.9
371 728 31044.7
371 729 30975.6
371 730 30906.8
371 731 30838.3
371 732 30769.9
371 733 30701.8
371 734 30634.0
579 371 30566.4
579 735 30499.0
579 736 30431.8
579 737 30364.9
579 738 30298.2
579 739 30231.7
579 740 30165.4
579 741 30099.4
579 385 30033.6
579 742 29968.0
579 743 29902.7
579 744 29837.6
579 745 29772.7
579 746 29708.0
579 747 29643.5
579 748 29579.2
579 749 29515.2
579 750 29451.4
579 610 29387.8
579 751 29324.4
579 752 29261.2
579 753 29198.2
579 754 29135.4
579 755 29072.9
579 756 29010.5
579 757 28948.4
579 758 28886.5
579 759 28824.8
579 760 28763.2
579 761 28701.9
579 762 28640.8
579 763 28579.9
579 764 28519.2
579 765 28458.7
579 766 28398.4
579 767 28338.3
579 768 28278.4
579 769 28218.6
579 770 28159.1
579 771 28099.8
579 772 28040.7
579 773 27981.7
579 774 27923.0
579 775 27864.4
579 663 27806.1
579 671 27747.9
579 776 27689.9
579 777 27632.1
579 778 27574.5
579 779 27517.1
579 780 27459.9
579 781 27402.8
579 782 27346.0
579 783 27289.3
579 784 27232.8
579 785 27176.5
579 786 27120.3
579 787 27064.4
579 788 27008.6
579 789 26953.0
579 790 26897.6
579 791 26842.3
579 792 26787.3
579 793 26732.4
579 794 26677.6
579 795 26623.1
579 796 26568.7
579 797 26514.5
579 798 26460.5
579 799 26406.7
579 800 26353.0
579 801 26299.5
579 802 26246.1
579 803 26192.9
579 804 26139.9
579 805 26087.1
579 806 26034.4
579 807 25981.9
579 808 25929.5
579 809 25877.4
579 810 25825.3
579 811 25773.5
579 812 25721.8
579 813 25670.2
579 814 25618.9
579 815 25567.7
579 816 25516.6
579 817 25465.7
579 818 25415.0
579 819 25364.4
579 820 25314.0
579 821 25263.7
579 822 25213.6
579 823 25163.6
579 824 25113.8
579 825 25064.1
579 826 25014.6
579 827 24965.3
579 828 24916.1
579 829 24867.0
579 830 24818.2
579 831 24769.4
579 832 24720.8
579 833 24672.4
579 834 24624.1
579 835 24575.9
579 836 24527.9
579 837 24480.0
579 838 24432.3
579 839 24384.7
579 730 24337.3
579 840 24290.0
579 841 24242.9
579 842 24195.9
579 843 24149.0
579 844 24102.3
579 845 24055.7
579 846 24009.3
579 847 23963.0
579 848 23916.8
579 849 23870.8
372 369 23824.9
372 370 23779.1
372 850 23733.5
372 373 23688.1
372 374 23642.7
372 376 23597.5
372 499 23552.4
372 378 23507.5
372 379 23462.7
372 851 23418.0
372 382 23373.5
372 589 23329.1
372 852 23284.8
372 853 23240.6
372 854 23196.6
372 386 23152.7
372 387 23109.0
372 855 23065.4
372 856 23021.9
372 388 22978.5
372 505 22935.2
372 390 22892.1
372 391 22849.1
372 857 22806.3
372 393 22763.5
372 858 22720.9
372 394 22678.4
372 395 22636.0
372 859 22593.8
372 860 22551.6
372 861 22509.6
372 862 22467.8
372 398 22426.0
372 863 22384.4
372 864 22342.8
372 865 22301.4
372 866 22260.2
372 405 22219.0
372 867 22177.9
372 868 22137.0
372 869 22096.2
372 409 22055.5
372 870 22014.9
372 871 21974.5
372 413 21934.1
372 872 21893.9
372 773 21853.8
372 523 21813.8
372 525 21773.9
372 419 21734.1
372 421 21694.5
372 873 21654.9
372 874 21615.5
372 875 21576.2
372 423 21536.9
372 876 21497.8
372 877 21458.8
372 428 21420.0
372 532 21381.2
372 878 21342.5
372 879 21304.0
372 880 21265.5
372 881 21227.2
372 882 21189.0
372 441 21150.8
372 446 21112.8
372 448 21074.9
372 883 21037.1
372 449 20999.4
372 884 20961.8
372 451 20924.3
372 885 20886.9
372 886 20849.6
372 887 20812.5
372 888 20775.4
372 889 20738.4
372 457 20701.5
372 461 20664.8
372 558 20628.1
372 890 20591.5
372 891 20555.1
372 892 20518.7
372 466 20482.4
372 893 20446.3
372 894 20410.2
372 468 20374.2
372 895 20338.4
372 471 20302.6
372 896 20266.9
372 566 20231.3
372 897 20195.9
372 476 20160.5
372 477 20125.2
372 898 20090.0
372 570 20054.9
372 899 20019.9
372 573 19985.0
372 484 19950.2
372 900 19915.5
372 901 19880.8
372 902 19846.3
372 488 19811.9
372 903 19777.5
372 904 19743.3
372 905 19709.1
372 493 19675.1
372 906 19641.1
372 907 19607.2
6 1 19573.4
6 908 19539.7
6 909 19506.1
6 910 19472.6
6 911 19439.1
6 912 19405.8
6 913 19372.5
6 914 19339.4
6 915 19306.3
6 916 19273.3
6 917 19240.4
6 918 19207.6
6 919 19174.9
6 920 19142.2
6 921 19109.7
6 922 19077.2
6 923 19044.8
6 924 19012.5
6 925 18980.3
6 926 18948.2
6 927 18916.1
353 224 18884.2
928 9 18852.3
928 332 18820.5
928 25 18788.8
928 70 18757.2
928 929 18725.6
928 930 18694.2
928 931 18662.8
928 932 18631.5
928 933 18600.3
928 934 18569.2
928 935 18538.1
928 936 18507.1
928 937 18476.2
928 938 18445.4
928 939 18414.7
928 940 18384.0
928 106 18353.5
928 941 18323.0
928 942 18292.6
928 943 18262.2
928 944 18232.0
928 945 18201.8
928 946 18171.7
928 947 18141.7
928 948 18111.7
928 949 18081.9
928 950 18052.1
928 951 18022.3
928 952 17992.7
928 953 17963.1
928 954 17933.6
928 955 17904.2
928 956 17874.9
928 957 17845.6
928 958 17816.4
928 959 17787.3
928 960 17758.3
928 961 17729.3
928 962 17700.4
928 963 17671.6
928 964 17642.8
928 965 17614.2
928 966 17585.5
928 967 17557.0
928 968 17528.6
928 969 17500.2
928 970 17471.8
928 971 17443.6
928 972 17415.4
928 973 17387.3
928 974 17359.3
928 975 17331.3
928 976 17303.4
928 977 17275.6
928 978 17247.9
928 979 17220.2
928 980 17192.5
928 981 17165.0
928 982 17137.5
928 983 17110.1
928 984 17082.8
928 985 17055.5
928 986 17028.3
928 987 17001.2
928 988 16974.1
928 989 16947.1
928 990 16920.1
928 991 16893.3
928 992 16866.5
928 993 16839.7
928 994 16813.0
928 995 16786.4
928 996 16759.9
928 997 16733.4
928 998 16707.0
928 999 16680.7
928 1000 16654.4
928 1001 16628.2
928 1002 16602.0
928 1003 16575.9
928 1004 16549.9
928 1005 16523.9
928 1006 16498.0
928 1007 16472.2
928 1008 16446.4
928 1009 16420.7
928 1010 16395.1
928 1011 16369.5
928 1012 16343.9
928 1013 16318.5
928 1014 16293.1
928 1015 16267.7
928 1016 16242.5
928 1017 16217.3
928 1018 16192.1
928 1019 16167.0
928 1020 16142.0
928 1021 16117.0
928 1022 16092.1
928 1023 16067.2
928 1024 16042.4
928 1025 16017.7
928 1026 15993.0
928 1027 15968.4
928 1028 15943.8
928 1029 15919.3
928 1030 15894.9
928 1031 15870.5
928 1032 15846.2
928 1033 15821.9
928 1034 15797.7
928 1035 15773.6
928 1036 15749.5
928 1037 15725.4
928 1038 15701.5
928 1039 15677.5
928 1040 15653.7
928 1041 15629.9
928 1042 15606.1
928 1043 15582.4
928 1044 15558.8
928 1045 15535.2
928 1046 15511.6
928 1047 15488.2
928 1048 15464.7
928 1049 15441.4
928 1050 15418.1
928 1051 15394.8
928 1052 15371.6
928 1053 15348.5
928 1054 15325.4
928 1055 15302.3
928 1056 15279.4
928 1057 15256.4
928 1058 15233.6
928 1059 15210.7
928 1060 15188.0
928 1061 15165.2
928 1062 15142.6
928 1063 15120.0
928 1064 15097.4
928 1065 15074.9
928 1066 15052.4
928 1067 15030.0
928 1068 15007.7
928 1069 14985.4
928 1070 14963.1
928 1071 14940.9
928 1072 14918.8
928 1073 14896.7
928 1074 14874.7
928 1075 14852.7
928 1076 14830.7
928 1077 14808.8
928 1078 14787.0
928 1079 14765.2
928 1080 14743.5
928 1081 14721.8
928 1082 14700.1
7 1 14678.5
7 231 14657.0
7 8 14635.5
7 1083 14614.0
7 1084 14592.6
7 1085 14571.3
7 13 14550.0
7 14 14528.7
7 1086 14507.5
7 20 14486.4
7 47 14465.3
7 48 14444.2
7 1087 14423.2
7 1088 14402.2
7 1089 14381.3
7 1090 14360.5
7 1091 14339.6
7 1092 14318.9
1093 19 14298.1
1093 498 14277.5
1093 1094 14256.8
1093 238 14236.2
1093 1095 14215.7
1093 1096 14195.2
1093 1097 14174.7
1093 1098 14154.3
8 1 14134.0
8 7 14113.7
8 1099 14093.4
8 1083 14073.2
8 1084 14053.0
8 1100 14032.9
8 1085 14012.8
8 13 13992.7
8 14 13972.7
8 1101 13952.8
8 1102 13932.9
8 1103 13913.0
8 1086 13893.2
8 20 13873.4
8 43 13853.7
8 47 13834.0
8 48 13814.3
8 238 13794.7
8 1090 13775.2
354 224 13755.6
1099 8 13736.2
1099 1104 13716.7
1099 1105 13697.3
1099 1106 13678.0
1099 1107 13658.7
1099 1108 13639.4
1099 1109 13620.2
1083 7 13601.0
1083 8 13581.9
1083 233 13562.8
1083 13 13543.8
1083 14 13524.7
1083 43 13505.8
1083 47 13486.8
1083 48 13468.0
1083 1110 13449.1
1083 236 13430.3
1083 237 13411.5
1083 1111 13392.8
1083 1112 13374.1
1083 239 13355.5
1083 1113 13336.9
1083 1114 13318.3
1083 242 13299.8
1083 1115 13281.3
1083 1116 13262.9
1083 1117 13244.5
1083 1118 13226.1
1083 1119 13207.8
1083 1120 13189.5
9 1 13171.3
9 928 13153.1
9 25 13134.9
9 1121 13116.8
9 1122 13098.7
9 1123 13080.7
9 1124 13062.7
9 1125 13044.7
9 1126 13026.7
9 1127 13008.9
9 1128 12991.0
9 1129 12973.2
9 1130 12955.4
9 1131 12937.7
9 1132 12920.0
9 1133 12902.3
9 1134 12884.7
9 1135 12867.1
9 1136 12849.5
9 1137 12832.0
9 971 12814.5
9 1138 12797.1
9 1139 12779.7
9 1140 12762.3
9 1141 12745.0
9 1142 12727.7
9 1143 12710.4
9 1144 12693.2
9 1145 12676.0
9 1146 12658.9
9 1147 12641.7
9 1148 12624.7
9 1149 12607.6
9 1005 12590.6
9 1150 12573.6
9 1151 12556.7
9 1152 12539.8
9 1009 12522.9
9 1153 12506.1
9 1154 12489.3
9 1155 12472.6
9 1156 12455.8
9 1157 12439.1
9 1158 12422.5
9 1159 12405.9
9 1160 12389.3
9 1161 12372.7
9 1162 12356.2
9 1163 12339.7
9 1164 12323.3
9 1165 12306.9
9 1166 12290.5
9 1167 12274.1
9 1168 12257.8
9 1169 12241.6
9 1170 12225.3
9 1171 12209.1
9 1172 12192.9
9 1173 12176.8
9 1174 12160.7
9 1175 12144.6
9 1176 12128.5
9 1177 12112.5
9 1178 12096.6
9 1052 12080.6
9 1179 12064.7
9 1180 12048.8
9 1181 12033.0
9 1182 12017.1
9 1183 12001.4
9 1184 11985.6
9 1185 11969.9
9 1186 11954.2
9 1187 11938.5
9 1188 11922.9
9 1189 11907.3
9 1190 11891.8
9 1191 11876.2
10 1 11860.7
10 29 11845.3
10 1192 11829.8
10 36 11814.4
10 1193 11799.1
10 1194 11783.7
10 51 11768.4
10 54 11753.1
10 1195 11737.9
10 1196 11722.7
10 1197 11707.5
10 69 11692.3
10 1198 11677.2
10 77 11662.1
10 1199 11647.0
10 1200 11632.0
10 87 11617.0
10 89 11602.0
10 91 11587.1
10 1201 11572.2
10 101 11557.3
10 106 11542.4
10 1202 11527.6
10 1203 11512.8
10 1204 11498.0
10 1205 11483.3
10 1206 11468.6
10 1207 11453.9
10 1208 11439.3
10 120 11424.6
10 1209 11410.1
10 1210 11395.5
10 1211 11381.0
10 1212 11366.5
10 1213 11352.0
10 1214 11337.5
10 1215 11323.1
10 1216 11308.7
10 1217 11294.4
10 1218 11280.0
10 1219 11265.7
10 1220 11251.4
10 1221 11237.2
10 1222 11223.0
10 1223 11208.8
10 1224 11194.6
10 197 11180.5
10 1225 11166.4
10 1226 11152.3
10 1227 11138.2
10 199 11124.2
10 1228 11110.2
10 1229 11096.2
10 1230 11082.3
10 1231 11068.4
10 1232 11054.5
10 1233 11040.6
11 1 11026.8
11 2 11013.0
11 1234 10999.2
11 1235 10985.5
12 1 10971.7
12 1236 10958.0
12 1237 10944.3
12 1238 10930.7
12 1239 10917.1
12 1240 10903.5
12 1241 10889.9
12 1242 10876.4
12 1243 10862.9
12 1244 10849.4
12 1245 10835.9
12 1246 10822.5
12 1247 10809.0
232 231 10795.7
232 233 10782.3
232 1248 10769.0
232 243 10755.7
232 1249 10742.4
232 1250 10729.1
233 231 10715.9
233 1083 10702.7
233 232 10689.5
233 1251 10676.3
233 235 10663.2
233 1252 10650.1
233 1253 10637.0
233 1254 10624.0
233 1255 10610.9
1084 7 10597.9
1084 8 10584.9
1084 1256 10572.0
1084 1257 10559.0
1084 1258 10546.1
1084 1259 10533.3
1084 236 10520.4
1084 1260 10507.6
1084 1261 10494.7
1084 1262 10482.0
1256 1084 10469.2
1256 1263 10456.5
1257 1084 10443.7
1257 1264 10431.1
1265 20 10418.4
1265 35 10405.7
1265 1266 10393.1
1265 38 10380.5
1265 41 10368.0
1265 1267 10355.4
1265 1268 10342.9
1265 1269 10330.4
1265 1270 10317.9
1265 70 10305.5
1265 1271 10293.0
1265 77 10280.6
1265 1272 10268.2
1265 106 10255.9
1265 1273 10243.6
1265 1274 10231.2
1265 1275 10218.9
1265 1276 10206.7
1265 1277 10194.4
1265 1278 10182.2
1265 1279 10170.0
1265 1280 10157.8
1265 1281 10145.7
1265 1282 10133.6
1265 1283 10121.4
1265 1284 10109.4
1265 1285 10097.3
1265 1286 10085.3
1265 1287 10073.2
1265 1288 10061.2
1265 1289 10049.3
1265 1290 10037.3
1265 1291 10025.4
1265 1292 10013.5
1265 1293 10001.6
1265 1294 9989.72
1265 1295 9977.88
1265 1296 9966.06
1265 1297 9954.26
1251 233 9942.48
1251 1298 9930.73
1251 1299 9918.99
1251 1300 9907.28
1251 1301 9895.59
1251 1302 9883.92
1251 1303 9872.27
1251 1304 9860.65
1251 1305 9849.04
1251 1306 9837.46
1251 1307 9825.89
1251 1308 9814.35
1251 1309 9802.83
1251 1310 9791.33
1251 1311 9779.85
1312 1313 9768.4
1312 1314 9756.96
1312 1315 9745.54
1312 1316 9734.15
1312 1317 9722.77
1312 1318 9711.42
1312 1274 9700.09
1312 1319 9688.77
1312 1320 9677.48
1312 1321 9666.21
1312 1322 9654.96
1312 1323 9643.73
1312 1324 9632.52
1312 1325 9621.32
1312 1326 9610.15
1312 1327 9599.0
1312 1328 9587.87
1312 1329 9576.76
1312 1330 9565.67
1312 1331 9554.6
1312 1332 9543.55
1312 1333 9532.52
1312 1334 9521.51
1312 1335 9510.52
1312 1336 9499.55
1312 1337 9488.6
1312 1338 9477.67
1312 1339 9466.76
1312 1340 9455.87
1312 1291 9444.99
1312 1341 9434.14
1312 1342 9423.3
1100 8 9412.49
1100 1343 9401.69
1100 1344 9390.92
1100 1345 9380.16
1100 1346 9369.42
1100 1347 9358.7
1100 1348 9348.0
1100 1349 9337.32
1100 1350 9326.66
1100 1351 9316.02
1100 1352 9305.4
1100 1353 9294.79
1085 7 9284.2
1085 8 9273.64
1085 13 9263.09
1085 14 9252.56
1085 47 9242.05
1085 48 9231.55
1085 236 9221.08
1085 237 9210.62
1085 1354 9200.18
1085 1113 9189.76
1085 1114 9179.36
1085 242 9168.98
13 1 9158.62
13 231 9148.27
13 7 9137.94
13 8 9127.63
13 1083 9117.34
13 1085 9107.07
13 14 9096.81
13 1355 9086.57
13 1356 9076.35
13 1357 9066.15
13 1101 9055.97
13 1358 9045.8
13 1359 9035.65
13 1360 9025.52
13 1361 9015.41
13 20 9005.31
13 1362 8995.24
13 1363 8985.17
14 1 8975.13
14 231 8965.11
14 7 8955.1
14 8 8945.11
14 1083 8935.13
14 1085 8925.18
14 13 8915.24
14 1355 8905.32
14 1356 8895.41
14 1357 8885.52
14 1101 8875.65
14 1358 8865.8
14 1359 8855.96
14 1360 8846.15
14 1361 8836.34
14 908 8826.56
14 1364 8816.79
14 20 8807.04
14 1365 8797.3
14 1366 8787.58
14 1367 8777.88
14 911 8768.2
14 1368 8758.53
14 1354 8748.88
14 1369 8739.24
14 1363 8729.62
14 1370 8720.02
1355 13 8710.43
1355 14 8700.86
1355 1356 8691.31
1355 1101 8681.77
1355 1371 8672.25
1355 1372 8662.75
1355 1373 8653.26
1355 1358 8643.79
1355 1359 8634.33
1355 1374 8624.89
1355 1360 8615.47
1355 1375 8606.06
1355 1376 8596.67
1355 1377 8587.29
1355 1378 8577.93
1356 13 8568.59
1356 14 8559.26
1356 1355 8549.95
1356 1101 8540.65
1356 1379 8531.37
1356 1359 8522.11
1356 1380 8512.86
1356 1381 8503.62
1356 1382 8494.4
1356 1383 8485.2
1356 1384 8476.01
1356 1385 8466.84
1357 13 8457.68
1357 14 8448.54
1101 8 8439.42
1101 13 8430.31
1101 14 8421.21
1101 1355 8412.13
1101 1356 8403.07
1101 1371 8394.02
1101 1372 8384.98
1101 1102 8375.96
1101 1373 8366.96
1101 1358 8357.97
1101 1359 8348.99
1101 1374 8340.04
1101 1386 8331.09
1101 1360 8322.16
1101 1375 8313.25
1101 1376 8304.35
1101 1103 8295.46
1101 1387 8286.59
1101 1388 8277.74
1101 1389 8268.9
1101 1390 8260.07
1101 1391 8251.26
1101 1377 8242.46
1101 1392 8233.68
1101 1393 8224.91
1101 1394 8216.16
1101 1395 8207.42
1101 1396 8198.7
1101 1397 8189.99
1101 1398 8181.29
1101 1399 8172.61
1101 1400 8163.95
1101 1401 8155.29
1101 1402 8146.66
1101 1403 8138.03
1101 1404 8129.42
1101 1405 8120.83
1101 1406 8112.24
1371 1355 8103.68
1371 1101 8095.12
1371 1372 8086.59
1371 1375 8078.06
1371 1407 8069.55
1371 1408 8061.05
1371 1409 8052.57
1371 1410 8044.1
1371 1411 8035.64
1371 1412 8027.2
1371 1413 8018.77
1371 1414 8010.36
1371 1415 8001.96
1371 1416 7993.57
1371 1417 7985.2
1371 1418 7976.84
1371 1419 7968.49
1371 1420 7960.16
1371 1421 7951.84
1371 1422 7943.54
1371 1423 7935.25
1371 1424 7926.97
1371 1425 7918.7
1371 1426 7910.45
1371 1427 7902.21
1371 1428 7893.99
1371 1429 7885.78
1371 1430 7877.58
1371 1431 7869.39
1372 1355 7861.22
1372 1101 7853.06
1372 1371 7844.92
1372 1102 7836.78
1372 1373 7828.67
1372 1374 7820.56
1372 1386 7812.47
1372 1375 7804.39
1372 1376 7796.32
1372 1377 7788.27
1372 1393 7780.22
1102 8 7772.2
1102 1101 7764.18
1102 1372 7756.18
1102 1374 7748.19
1102 1376 7740.21
1102 1103 7732.25
1102 1387 7724.3
1102 1388 7716.36
1102 1391 7708.43
1102 1377 7700.52
1102 1393 7692.62
1102 1398 7684.73
1102 1399 7676.85
1102 1402 7668.99
1102 1432 7661.14
1102 1433 7653.3
1102 1434 7645.48
1102 1435 7637.66
1102 1436 7629.86
1102 1437 7622.08
1102 1438 7614.3
1102 1439 7606.54
1102 1440 7598.79
1102 1441 7591.05
1102 1404 7583.32
1102 1442 7575.6
1102 1443 7567.9
1102 1405 7560.21
1102 1444 7552.53
1379 1356 7544.87
1373 1355 7537.22
1373 1101 7529.57
1373 1372 7521.94
1373 1359 7514.33
1358 13 7506.72
1358 14 7499.13
1358 1355 7491.55
1358 1101 7483.98
1358 1360 7476.42
1359 13 7468.87
1359 14 7461.34
1359 1355 7453.82
1359 1356 7446.3
1359 1101 7438.81
1359 1373 7431.32
1359 1360 7423.84
1374 1355 7416.38
1374 1101 7408.93
1374 1372 7401.49
1374 1102 7394.06
1374 1103 7386.64
1374 1388 7379.24
1374 1389 7371.84
1374 1445 7364.46
234 231 7357.09
234 1446 7349.73
1386 1101 7342.38
1386 1372 7335.04
1386 1447 7327.72
1360 13 7320.41
1360 14 7313.1
1360 1355 7305.81
1360 1101 7298.53
1360 1358 7291.26
1360 1359 7284.01
1361 13 7276.76
1361 14 7269.52
1361 1448 7262.3
1361 1449 7255.09
1361 1450 7247.89
1361 1451 7240.7
1361 1452 7233.52
1361 1453 7226.35
1361 1454 7219.19
1361 1455 7212.05
1361 1456 7204.91
1361 1457 7197.79
1361 1458 7190.67
1361 1459 7183.57
1361 1460 7176.48
1361 1461 7169.4
1448 1361 7162.33
1449 1361 7155.27
1450 1361 7148.22
1450 1462 7141.18
1450 1463 7134.16
1450 1464 7127.14
1450 1465 7120.14
1375 1355 7113.14
1375 1101 7106.16
1375 1371 7099.19
1375 1372 7092.22
1375 1466 7085.27
1375 1467 7078.33
1375 1468 7071.4
1375 1469 7064.48
1375 1470 7057.57
1375 1376 7050.67
1375 1471 7043.78
1375 1472 7036.91
1375 1473 7030.04
1375 1474 7023.18
1375 1475 7016.34
1375 1476 7009.5
1375 1477 7002.67
1375 1478 6995.86
1375 1479 6989.05
1375 1480 6982.26
1375 1481 6975.47
1375 1482 6968.7
1375 1483 6961.93
1375 1484 6955.18
1375 1485 6948.44
1375 1486 6941.7
1375 1487 6934.98
1375 1488 6928.27
1375 1489 6921.56
1375 1490 6914.87
1375 1491 6908.19
1375 1492 6901.51
1375 1493 6894.85
1375 1494 6888.2
1375 1495 6881.55
1375 1496 6874.92
1375 1497 6868.3
1375 1498 6861.68
1375 1499 6855.08
1375 1500 6848.49
1375 1501 6841.9
1375 1502 6835.33
1375 1503 6828.76
1375 1504 6822.21
1375 1505 6815.67
1375 1506 6809.13
1375 1507 6802.61
1375 1508 6796.09
1375 1509 6789.59
1375 1510 6783.09
1375 1511 6776.6
1375 1512 6770.13
1375 1513 6763.66
1375 1514 6757.2
1375 1515 6750.76
1451 1361 6744.32
1452 1361 6737.89
15 1 6731.47
15 1516 6725.06
15 1517 6718.66
15 1518 6712.27
15 1519 6705.89
15 1520 6699.52
15 1521 6693.15
15 1522 6686.8
15 1523 6680.46
15 1524 6674.12
15 1525 6667.8
15 1526 6661.48
908 6 6655.18
908 14 6648.88
908 1527 6642.59
908 1528 6636.31
908 332 6630.04
908 1086 6623.78
908 20 6617.53
908 1529 6611.29
908 1530 6605.06
908 1531 6598.84
908 1532 6592.62
908 1533 6586.42
908 1534 6580.22
908 1535 6574.03
908 1536 6567.86
908 1537 6561.69
908 1538 6555.53
908 911 6549.38
908 1539 6543.23
908 1540 6537.1
908 912 6530.98
908 1541 6524.86
908 1542 6518.76
908 1543 6512.66
908 1544 6506.57
908 1545 6500.49
908 1546 6494.42
908 1547 6488.36
908 1548 6482.3
908 1549 6476.26
908 1550 6470.22
908 1551 6464.2
908 1552 6458.18
908 1553 6452.17
908 1554 6446.17
908 1555 6440.18
908 1556 6434.19
1453 1361 6428.22
1453 1557 6422.25
1453 1460 6416.29
1466 1375 6410.35
1466 1558 6404.41
1466 1559 6398.47
1466 1560 6392.55
1466 1561 6386.64
1466 1562 6380.73
1466 1563 6374.83
1466 1564 6368.94
1467 1375 6363.06
1468 1375 6357.19
1468 1565 6351.32
1468 1566 6345.47
1468 1567 6339.62
1468 1568 6333.78
1468 1569 6327.95
1468 1570 6322.13
1468 1571 6316.32
1468 1572 6310.51
1468 1573 6304.71
1468 1574 6298.93
1468 1575 6293.15
1468 1576 6287.37
1468 1577 6281.61
1468 1578 6275.85
1468 1579 6270.11
1469 1375 6264.37
1470 1375 6258.63
1376 1355 6252.91
1376 1101 6247.2
1376 1372 6241.49
1376 1102 6235.79
1376 1375 6230.1
1376 1387 6224.42
1376 1388 6218.74
1376 1389 6213.08
1376 1377 6207.42
1376 1580 6201.77
1376 1581 6196.12
1376 1582 6190.49
1376 1395 6184.86
1376 1396 6179.24
1376 1583 6173.63
1376 1445 6168.03
1376 1584 6162.44
1376 1397 6156.85
1376 1399 6151.27
1376 1400 6145.7
1376 1585 6140.14
1376 1586 6134.58
1376 1432 6129.03
1376 1439 6123.49
1376 1587 6117.96
1376 1588 6112.44
1376 1589 6106.92
1471 1375 6101.41
1471 1490 6095.91
1471 1496 6090.42
1590 1591 6084.93
1590 1592 6079.45
1590 1593 6073.98
1590 1594 6068.52
1590 1595 6063.06
1590 1596 6057.62
1590 1597 6052.18
1590 1598 6046.74
1590 1599 6041.32
1590 1600 6035.9
1590 1601 6030.49
1590 1602 6025.09
1590 1603 6019.7
1590 1604 6014.31
1590 1605 6008.93
1590 1606 6003.56
1590 1607 5998.19
1590 1608 5992.84
1590 1609 5987.49
1590 1610 5982.14
1590 1611 5976.81
1590 1612 5971.48
1590 1613 5966.16
1590 1614 5960.85
1590 1615 5955.54
1590 1616 5950.24
1590 1617 5944.95
1590 1618 5939.67
1590 1619 5934.39
1590 1620 5929.13
1590 1621 5923.86
1590 1622 5918.61
1590 1623 5913.36
1590 1624 5908.12
1590 1625 5902.89
1590 1626 5897.67
1590 1627 5892.45
1590 1628 5887.24
1590 1629 5882.03
1590 1630 5876.84
1590 1631 5871.65
1590 1632 5866.46
1590 1633 5861.29
1590 1634 5856.12
1590 1635 5850.96
1590 1636 5845.81
1590 1637 5840.66
1590 1638 5835.52
1590 1639 5830.39
1590 1640 5825.26
1590 1641 5820.14
1590 1642 5815.03
1527 908 5809.92
1527 1528 5804.83
1527 1643 5799.74
1527 20 5794.65
1527 1529 5789.57
1527 1535 5784.5
1527 911 5779.44
1527 1555 5774.38
1472 1375 5769.33
1472 1473 5764.29
1472 1644 5759.26
1472 1645 5754.23
1472 1646 5749.21
1472 1476 5744.19
1472 1486 5739.18
1472 1647 5734.18
1472 1491 5729.19
1472 1648 5724.2
1472 1501 5719.22
1472 1649 5714.24
1472 1650 5709.27
1473 1375 5704.31
1473 1472 5699.36
1473 1476 5694.41
1473 1477 5689.47
1473 1651 5684.53
1473 1486 5679.61
1473 1652 5674.68
1473 1653 5669.77
1473 1654 5664.86
1644 1472 5659.96
1655 1656 5655.07
1655 1657 5650.18
1655 1658 5645.3
1655 1659 5640.42
1655 1660 5635.55
1655 1661 5630.69
1655 1662 5625.84
1655 1663 5620.99
1655 1664 5616.14
1655 1665 5611.31
1655 1666 5606.48
1655 1667 5601.66
1655 1668 5596.84
1655 1669 5592.03
1655 1670 5587.23
1655 1671 5582.43
1655 1513 5577.64
1655 1672 5572.85
1655 1673 5568.07
1655 1674 5563.3
1655 1675 5558.54
1655 1676 5553.78
1655 1677 5549.03
1655 1678 5544.28
1655 1679 5539.54
1655 1680 5534.81
1655 1681 5530.08
1655 1682 5525.36
1655 1683 5520.64
1655 1684 5515.93
1655 1685 5511.23
1655 1686 5506.53
1655 1687 5501.84
1655 1688 5497.16
1655 1689 5492.48
1655 1690 5487.81
1655 1691 5483.15
1655 1692 5478.49
1655 1693 5473.83
1655 1694 5469.19
1655 1695 5464.55
1655 1696 5459.91
1655 1697 5455.28
1655 1698 5450.66
1655 1699 5446.05
1655 1700 5441.44
1655 1701 5436.83
1655 1702 5432.23
1655 1703 5427.64
1655 1704 5423.06
1655 1705 5418.48
1655 1706 5413.9
1655 1707 5409.33
1655 1708 5404.77
1655 1709 5400.22
1655 1710 5395.67
1655 1711 5391.12
1655 1712 5386.59
1655 1713 5382.05
1655 1714 5377.53
1655 1715 5373.01
1407 1371 5368.49
1407 1716 5363.98
1407 1408 5359.48
1407 1717 5354.99
1407 1411 5350.49
1407 1718 5346.01
1407 1719 5341.53
1407 1720 5337.06
1407 1721 5332.59
1407 1722 5328.13
1407 1723 5323.67
1407 1724 5319.22
1407 1725 5314.78
1407 1726 5310.34
1407 1727 5305.91
1407 1728 5301.48
1407 1729 5297.06
1407 1730 5292.64
1407 1731 5288.23
1407 1732 5283.83
1407 1733 5279.43
1407 1734 5275.04
1407 1735 5270.65
1407 1736 5266.27
1407 1737 5261.9
1407 1738 5257.53
1407 1739 5253.16
1407 1740 5248.8
1407 1741 5244.45
1407 1742 5240.1
1407 1743 5235.76
1407 1744 5231.42
1407 1745 5227.09
1407 1746 5222.77
1407 1747 5218.45
1407 1748 5214.13
1407 1749 5209.83
1407 1750 5205.52
1407 1751 5201.23
1407 1752 5196.93
1407 1753 5192.65
1407 1754 5188.37
1407 1755 5184.09
1407 1756 5179.82
1407 1757 5175.56
1407 1758 5171.3
1407 1759 5167.05
1407 1760 5162.8
1407 1761 5158.55
1407 1762 5154.32
1407 1763 5150.09
1407 1764 5145.86
1407 1765 5141.64
1407 1766 5137.42
1407 1767 5133.21
1407 1417 5129.01
1407 1768 5124.81
1407 1769 5120.61
1407 1770 5116.42
1407 1771 5112.24
1407 1772 5108.06
1407 1773 5103.89
1407 1774 5099.72
1407 1775 5095.56
1407 1776 5091.4
1407 1777 5087.25
1407 1778 5083.11
1407 1779 5078.96
1407 1780 5074.83
1407 1781 5070.7
1407 1782 5066.57
1407 1783 5062.45
1407 1784 5058.34
1407 1785 5054.23
1407 1786 5050.12
1407 1787 5046.02
1407 1788 5041.93
1407 1789 5037.84
1407 1790 5033.75
1407 1791 5029.68
1407 1792 5025.6
1407 1793 5021.53
1407 1794 5017.47
1407 1795 5013.41
1407 1796 5009.36
1407 1797 5005.31
1407 1798 5001.27
1407 1799 4997.23
1407 1800 4993.2
1407 1801 4989.17
1407 1802 4985.15
1407 1803 4981.13
1407 1804 4977.12
1407 1805 4973.11
1407 1806 4969.11
1407 1807 4965.11
1407 1808 4961.11
1407 1809 4957.13
1407 1810 4953.14
1407 1811 4949.17
1407 1812 4945.19
1528 908 4941.23
1528 1527 4937.26
1528 1643 4933.31
1528 1529 4929.35
1528 1534 4925.4
1591 1590 4921.46
1591 1592 4917.52
1591 1813 4913.59
1591 1593 4909.66
1591 1814 4905.74
1591 1594 4901.82
1591 1815 4897.91
1591 1596 4894.0
1591 1597 4890.09
1591 1599 4886.19
1591 1600 4882.3
1591 1601 4878.41
1591 1603 4874.52
1591 1816 4870.64
1591 1605 4866.77
1591 1817 4862.9
1591 1611 4859.03
1591 1614 4855.17
1591 1818 4851.32
1591 1819 4847.46
1591 1820 4843.62
1591 1821 4839.78
1591 1618 4835.94
1591 1822 4832.11
1591 1823 4828.28
1591 1824 4824.46
1591 1825 4820.64
1591 1826 4816.83
1591 1622 4813.02
1591 1623 4809.21
1591 1625 4805.41
1591 1626 4801.62
1591 1827 4797.83
1591 1828 4794.04
1591 1829 4790.26
1591 1630 4786.49
1591 1830 4782.71
1591 1831 4778.95
1591 1632 4775.19
1591 1633 4771.43
1591 1634 4767.67
1591 1832 4763.93
1591 1636 4760.18
1591 1833 4756.44
1591 1637 4752.71
1591 1639 4748.98
1591 1834 4745.25
1591 1640 4741.53
1591 1835 4737.81
1645 1472 4734.1
1364 14 4730.39
1643 1527 4726.69
1643 1528 4722.99
1643 20 4719.3
1643 1529 4715.61
1643 1836 4711.92
1643 1837 4708.24
1643 1838 4704.57
1643 1839 4700.9
1643 911 4697.23
1643 1840 4693.57
1643 1841 4689.91
1103 8 4686.25
1103 1101 4682.6
1103 1102 4678.96
1103 1374 4675.32
1103 1387 4671.68
1103 1391 4668.05
1103 1377 4664.42
1103 1842 4660.8
1103 1843 4657.18
1103 1844 4653.57
1103 1845 4649.96
1103 1846 4646.35
1387 1101 4642.75
1387 1102 4639.15
1387 1376 4635.56
1387 1103 4631.97
1387 1391 4628.39
1387 1393 4624.81
1847 1848 4621.24
1847 1849 4617.66
1847 1850 4614.1
1847 1851 4610.54
1847 1852 4606.98
1847 1853 4603.42
1847 1854 4599.87
1847 1855 4596.33
1847 117 4592.79
1847 1856 4589.25
1847 1857 4585.72
1847 1858 4582.19
1847 1859 4578.67
1847 1860 4575.15
1847 1861 4571.63
1847 1862 4568.12
1847 1863 4564.61
1847 1864 4561.11
1847 1865 4557.61
1847 1866 4554.11
1847 1867 4550.62
1847 1868 4547.14
1847 1869 4543.65
1847 1870 4540.18
1847 1871 4536.7
1847 1872 4533.23
1847 1873 4529.77
1847 1874 4526.3
1847 1875 4522.85
1847 1876 4519.39
1847 145 4515.94
1847 1877 4512.5
1847 1878 4509.06
1847 1879 4505.62
1847 1880 4502.19
1847 1881 4498.76
1847 1882 4495.33
1847 1883 4491.91
1847 1884 4488.5
1847 1885 4485.08
1847 1886 4481.68
1847 1887 4478.27
1847 1888 4474.87
1847 1889 4471.47
1847 1890 4468.08
1847 1891 4464.69
1847 1892 4461.31
1847 1893 4457.93
1847 1894 4454.55
1895 1851 4451.18
1895 1896 4447.81
1895 1897 4444.44
1895 1898 4441.08
1895 1855 4437.73
1895 117 4434.37
1895 1861 4431.02
1895 1899 4427.68
1895 1900 4424.34
1895 1901 4421.0
1895 1902 4417.67
1895 1865 4414.34
1895 1903 4411.01
1895 1904 4407.69
1895 1905 4404.37
1895 1871 4401.06
1895 1873 4397.75
1895 1874 4394.44
1895 1906 4391.14
1895 1907 4387.84
1895 1908 4384.55
1895 1909 4381.26
1895 1910 4377.97
1895 1911 4374.69
1895 1912 4371.41
1895 1913 4368.13
1895 1887 4364.86
1895 1914 4361.6
1895 1915 4358.33
1895 1916 4355.07
1895 1917 4351.82
1895 1918 4348.56
1895 1919 4345.31
1895 1920 4342.07
1895 1921 4338.83
1895 1922 4335.59
1388 1101 4332.36
1388 1102 4329.13
1388 1374 4325.9
1388 1376 4322.68
1388 1390 4319.46
1388 1923 4316.24
1388 1377 4313.03
1388 1393 4309.83
1388 1399 4306.62
1388 1924 4303.42
1389 1101 4300.23
1389 1374 4297.03
1389 1376 4293.84
1389 1925 4290.66
1389 1926 4287.48
1389 1927 4284.3
1389 1928 4281.12
1389 1929 4277.95
16 1 4274.79
1656 1655 4271.62
1656 1930 4268.46
1656 1931 4265.31
1656 1932 4262.16
1656 1933 4259.01
1656 1934 4255.86
1656 1935 4252.72
1656 1936 4249.58
1656 1937 4246.45
1656 1938 4243.32
1656 1939 4240.19
1656 1940 4237.07
1656 1941 4233.95
1390 1101 4230.83
1390 1388 4227.72
1390 1923 4224.61
1390 1942 4221.5
1390 1943 4218.4
1390 1924 4215.3
1923 1388 4212.2
1923 1390 4209.11
1923 1944 4206.02
1923 1945 4202.94
1942 1390 4199.86
1943 1390 4196.78
1925 1389 4193.71
1925 1926 4190.64
1925 1929 4187.57
1926 1389 4184.51
1926 1925 4181.45
1926 1946 4178.39
1946 1926 4175.34
329 5 4172.29
329 1121 4169.24
329 36 4166.2
329 1848 4163.16
329 1947 4160.12
329 1948 4157.09
329 106 4154.06
329 1949 4151.04
329 1950 4148.01
329 1951 4144.99
329 1952 4141.98
329 1953 4138.97
329 1954 4135.96
329 1955 4132.95
329 1956 4129.95
329 1957 4126.95
329 1958 4123.96
329 1959 4120.97
329 1960 4117.98
329 1961 4115.0
329 1962 4112.01
329 1963 4109.04
329 1964 4106.06
330 5 4103.09
330 1965 4100.12
330 332 4097.16
330 333 4094.2
330 1966 4091.24
330 28 4088.28
330 1967 4085.33
330 86 4082.38
330 90 4079.44
330 1968 4076.5
330 1969 4073.56
330 1112 4070.62
330 1970 4067.69
330 1971 4064.76
330 1972 4061.84
330 1973 4058.92
330 1974 4056.0
330 1975 4053.08
330 1550 4050.17
330 1976 4047.26
330 1977 4044.36
330 1978 4041.46
330 1979 4038.56
330 1980 4035.66
331 5 4032.77
331 333 4029.88
331 86 4026.99
331 1981 4024.11
331 1982 4021.23
331 1983 4018.35
1965 330 4015.48
1965 1984 4012.61
1965 1985 4009.74
1965 1986 4006.88
1965 1987 4004.02
332 5 4001.16
332 928 3998.31
332 908 3995.46
332 330 3992.61
332 333 3989.77
332 70 3986.92
332 90 3984.09
332 1988 3981.25
332 1971 3978.42
332 1975 3975.59
332 1549 3972.76
332 1550 3969.94
332 1989 3967.12
332 1990 3964.31
332 1991 3961.49
333 5 3958.68
333 330 3955.87
333 331 3953.07
333 332 3950.27
333 1966 3947.47
333 1992 3944.68
333 1993 3941.89
333 1192 3939.1
333 36 3936.31
333 54 3933.53
333 1848 3930.75
333 1196 3927.97
333 69 3925.2
333 70 3922.43
333 1994 3919.66
333 1995 3916.9
333 1996 3914.14
333 86 3911.38
333 1997 3908.62
333 90 3905.87
333 344 3903.12
333 1998 3900.38
333 1999 3897.63
333 2000 3894.89
333 2001 3892.16
333 2002 3889.42
333 2003 3886.69
333 2004 3883.96
333 2005 3881.24
333 2006 3878.51
333 2007 3875.8
333 2008 3873.08
333 2009 3870.37
333 2010 3867.66
333 962 3864.95
333 2011 3862.24
333 2012 3859.54
333 136 3856.84
333 2013 3854.15
333 2014 3851.46
333 141 3848.77
333 2015 3846.08
333 2016 3843.39
333 2017 3840.71
333 173 3838.04
333 2018 3835.36
333 1978 3832.69
333 2019 3830.02
333 1979 3827.35
333 2020 3824.69
333 2021 3822.03
333 2022 3819.37
333 2023 3816.71
333 2024 3814.06
333 2025 3811.41
333 2026 3808.77
333 2027 3806.12
334 5 3803.48
334 2028 3800.85
335 5 3798.21
335 2029 3795.58
335 2030 3792.95
335 2031 3790.32
1966 330 3787.7
1966 333 3785.08
1966 2032 3782.46
1966 90 3779.84
1966 2033 3777.23
1966 2034 3774.62
1966 2035 3772.02
1966 2036 3769.41
1966 2037 3766.81
1966 1155 3764.21
1966 2038 3761.62
1966 2039 3759.02
1966 2040 3756.43
1966 2041 3753.85
1966 2042 3751.26
1966 2043 3748.68
1966 2044 3746.1
1966 2045 3743.52
17 1 3740.95
17 2046 3738.38
17 2047 3735.81
17 2048 3733.25
17 1992 3730.68
17 26 3728.13
17 2049 3725.57
17 2050 3723.01
17 2051 3720.46
17 2052 3717.91
17 2053 3715.37
17 2054 3712.82
17 2055 3710.28
17 2056 3707.75
17 2057 3705.21
17 2058 3702.68
18 1 3700.15
18 5 3697.62
18 2059 3695.1
18 2060 3692.57
18 2061 3690.05
18 2062 3687.54
18 2063 3685.02
18 2064 3682.51
18 86 3680.0
18 2065 3677.5
18 2066 3675.0
18 2067 3672.49
18 2068 3670.0
18 2069 3667.5
18 2070 3665.01
2059 18 3662.52
2059 2062 3660.03
2059 2071 3657.55
2059 2066 3655.06
2059 2072 3652.59
2059 2073 3650.11
2059 2067 3647.63
2059 2074 3645.16
2059 2075 3642.69
2059 2076 3640.23
2059 2077 3637.76
2046 17 3635.3
2046 1992 3632.84
2046 2050 3630.39
2046 2053 3627.93
2046 2057 3625.48
1391 1101 3623.03
1391 1102 3620.59
1391 1103 3618.15
1391 1387 3615.7
1391 1842 3613.27
1391 2078 3610.83
1391 2079 3608.4
1391 2080 3605.97
1391 2081 3603.54
1391 2082 3601.11
1391 2083 3598.69
1391 2084 3596.27
1391 2085 3593.85
336 5 3591.44
336 337 3589.03
336 2086 3586.62
336 2087 3584.21
336 2088 3581.8
336 2089 3579.4
336 2090 3577.0
336 2091 3574.6
336 2092 3572.21
336 2093 3569.81
336 2094 3567.42
336 2095 3565.04
336 2096 3562.65
336 2097 3560.27
336 2098 3557.89
336 2099 3555.51
336 2100 3553.14
336 2101 3550.76
336 2102 3548.39
336 2103 3546.02
336 2104 3543.66
336 2105 3541.3
336 2106 3538.94
336 2107 3536.58
336 2108 3534.22
336 2109 3531.87
336 2110 3529.52
336 2111 3527.17
336 2112 3524.82
337 5 3522.48
337 336 3520.14
337 2113 3517.8
337 2114 3515.46
337 2115 3513.13
337 2116 3510.8
337 2117 3508.47
337 2118 3506.14
337 2119 3503.82
337 2120 3501.5
19 1 3499.18
19 1093 3496.86
19 30 3494.55
19 35 3492.23
19 67 3489.92
19 77 3487.62
19 1998 3485.31
19 1999 3483.01
19 2121 3480.71
19 2122 3478.41
19 2123 3476.12
19 106 3473.82
19 2124 3471.53
19 2125 3469.24
19 2126 3466.96
19 2127 3464.67
19 2128 3462.39
19 2129 3460.11
19 2130 3457.83
19 120 3455.56
19 2131 3453.29
19 2132 3451.02
19 2133 3448.75
19 2134 3446.49
19 2135 3444.22
19 2136 3441.96
19 2137 3439.7
19 2138 3437.45
19 2139 3435.19
19 2140 3432.94
19 2141 3430.69
19 2142 3428.45
19 2143 3426.2
19 2144 3423.96
19 2145 3421.72
19 2146 3419.48
19 2147 3417.25
19 2148 3415.01
19 2149 3412.78
19 2150 3410.55
19 2151 3408.33
19 2152 3406.1
19 2153 3403.88
19 2154 3401.66
19 2155 3399.44
19 2156 3397.23
19 2157 3395.02
19 2158 3392.81
19 2159 3390.6
19 2160 3388.39
19 2161 3386.19
1086 7 3383.99
1086 8 3381.79
1086 908 3379.59
1086 20 3377.39
1086 1842 3375.2
1086 1844 3373.01
1086 47 3370.82
1086 236 3368.64
1086 2162 3366.45
1086 239 3364.27
1086 911 3362.09
1086 1354 3359.91
1086 1114 3357.74
1086 2163 3355.56
1086 2164 3353.39
1086 2165 3351.23
1377 1355 3349.06
1377 1101 3346.89
1377 1372 3344.73
1377 1102 3342.57
1377 1376 3340.42
1377 1103 3338.26
1377 1388 3336.11
1377 2166 3333.95
1377 2167 3331.81
1377 1392 3329.66
1377 2168 3327.51
1377 2169 3325.37
1377 1393 3323.23
1377 1398 3321.09
1377 2170 3318.96
2166 1377 3316.82
2166 2171 3314.69
2166 2172 3312.56
2166 2173 3310.43
2166 2174 3308.31
2166 2175 3306.18
2166 2176 3304.06
2166 2177 3301.94
2166 2178 3299.83
2166 2179 3297.71
2166 2180 3295.6
2166 2181 3293.49
2166 2182 3291.38
2166 2183 3289.27
2166 2184 3287.17
2166 2185 3285.07
2166 2186 3282.97
2166 2187 3280.87
2166 2188 3278.77
2166 2189 3276.68
2166 2190 3274.59
2166 2191 3272.5
2166 2192 3270.41
2166 2193 3268.32
2167 1377 3266.24
2047 17 3264.16
2047 2194 3262.08
1392 1101 3260.0
1392 1377 3257.92
2048 17 3255.85
2048 1992 3253.78
2048 2195 3251.71
1992 333 3249.64
1992 17 3247.58
1992 2046 3245.51
1992 2048 3243.45
1992 2196 3241.39
1992 2011 3239.34
1992 2012 3237.28
1992 2197 3235.23
1992 2024 3233.18
1992 2198 3231.13
20 1 3229.08
20 7 3227.04
20 8 3225.0
20 1265 3222.95
20 13 3220.92
20 14 3218.88
20 908 3216.84
20 1527 3214.81
20 1643 3212.78
20 1086 3210.75
20 2199 3208.72
20 2200 3206.7
20 2201 3204.68
20 1196 3202.66
20 2202 3200.64
20 2203 3198.62
20 2204 3196.61
20 2205 3194.59
20 2206 3192.58
20 2207 3190.57
20 2208 3188.56
20 2209 3186.56
20 1534 3184.56
20 2210 3182.56
20 2211 3180.56
20 2212 3178.56
20 911 3176.56
20 2213 3174.57
20 2214 3172.58
20 2215 3170.59
20 1541 3168.6
20 1542 3166.62
20 2216 3164.63
20 2217 3162.65
20 2218 3160.67
2199 20 3158.69
2199 2203 3156.72
2199 2219 3154.74
2199 2205 3152.77
2199 2220 3150.8
2199 2221 3148.83
2199 2222 3146.87
2199 2223 3144.9
2199 2224 3142.94
2199 2225 3140.98
2199 2226 3139.02
2199 2227 3137.06
2199 2228 3135.11
2199 2229 3133.15
2199 2230 3131.2
2199 2231 3129.25
2199 2232 3127.31
2199 2233 3125.36
2199 2234 3123.42
2199 2235 3121.48
2199 2236 3119.54
2199 2212 3117.6
2199 2237 3115.66
2199 2238 3113.73
2199 2239 3111.8
2199 2240 3109.86
2199 2213 3107.94
2199 2215 3106.01
2199 2241 3104.08
2199 2242 3102.16
2199 2243 3100.24
2199 2244 3098.32
2199 2245 3096.4
2199 2246 3094.49
2199 2247 3092.57
2199 2248 3090.66
2199 2249 3088.75
2199 2250 3086.84
2199 2251 3084.94
2199 2252 3083.03
2199 2253 3081.13
21 1 3079.23
2200 20 3077.33
2200 2254 3075.43
2200 2255 3073.54
2200 2256 3071.64
22 1 3069.75
22 2257 3067.86
22 1112 3065.97
22 2258 3064.09
22 2259 3062.2
22 2260 3060.32
22 2261 3058.44
22 2262 3056.56
22 2263 3054.68
22 2264 3052.8
22 2265 3050.93
22 2266 3049.06
22 2267 3047.19
22 2268 3045.32
22 2269 3043.45
22 2270 3041.59
22 2271 3039.72
22 2272 3037.86
22 2273 3036.0
22 2274 3034.15
22 2275 3032.29
22 2276 3030.43
22 2277 3028.58
22 2278 3026.73
22 2279 3024.88
22 2280 3023.03
22 2281 3021.19
22 2282 3019.35
22 2283 3017.5
22 2284 3015.66
22 2285 3013.82
22 2286 3011.99
22 2287 3010.15
22 2288 3008.32
22 2289 3006.49
22 2290 3004.66
23 1 3002.83
2113 337 3001.0
2114 337 2999.18
2114 2291 2997.36
2114 2292 2995.53
2114 2293 2993.71
2114 2294 2991.9
2114 2295 2990.08
2114 2296 2988.27
24 1 2986.45
24 2297 2984.64
24 2298 2982.83
24 2299 2981.03
2115 337 2979.22
2116 337 2977.42
1842 1103 2975.61
1842 1391 2973.81
1842 1086 2972.01
1842 1844 2970.22
1842 2300 2968.42
1842 1583 2966.63
1842 2301 2964.83
1842 2302 2963.04
1842 2303 2961.26
1842 1432 2959.47
1842 2304 2957.68
1842 2305 2955.9
1842 2306 2954.12
1842 2307 2952.34
1842 2308 2950.56
1842 2309 2948.78
1842 2310 2947.0
1842 2311 2945.23
1842 2312 2943.46
1842 2313 2941.69
1842 2314 2939.92
1842 2315 2938.15
1842 2316 2936.39
1842 2317 2934.62
1842 2318 2932.86
1842 2319 2931.1
1842 2320 2929.34
1842 2321 2927.58
1842 2322 2925.83
1842 2323 2924.07
1842 2324 2922.32
1842 2325 2920.57
1842 2326 2918.82
1842 2327 2917.07
1842 2328 2915.33
1842 2329 2913.58
1842 2330 2911.84
1842 2331 2910.1
1842 2332 2908.36
1842 2333 2906.62
1842 2334 2904.89
1842 2335 2903.15
1842 2336 2901.42
1842 2337 2899.69
1842 2338 2897.96
1842 2339 2896.23
1842 1439 2894.5
1842 2340 2892.78
1842 2341 2891.05
1842 2342 2889.33
1842 2343 2887.61
1842 2344 2885.89
1842 2345 2884.18
1842 2346 2882.46
1842 2347 2880.75
1842 2348 2879.03
1842 2349 2877.32
1842 2350 2875.61
1842 2351 2873.91
1842 2352 2872.2
1842 2353 2870.5
1842 2354 2868.79
1842 2355 2867.09
1842 2356 2865.39
25 1 2863.7
25 928 2862.0
25 9 2860.3
25 34 2858.61
25 1393 2856.92
25 2357 2855.23
25 2358 2853.54
25 2359 2851.85
25 2360 2850.17
25 2361 2848.48
25 2362 2846.8
25 2363 2845.12
25 1126 2843.44
25 2364 2841.76
25 2365 2840.09
25 2366 2838.41
25 2367 2836.74
25 2368 2835.07
25 120 2833.4
25 1130 2831.73
25 2369 2830.06
25 2370 2828.39
25 2371 2826.73
25 2372 2825.07
25 2373 2823.41
25 1136 2821.75
25 1137 2820.09
25 2374 2818.43
25 2375 2816.78
25 2376 2815.12
25 1140 2813.47
25 2377 2811.82
25 2378 2810.17
25 2379 2808.53
25 1145 2806.88
25 2380 2805.23
25 2381 2803.59
25 1146 2801.95
25 2382 2800.31
25 2383 2798.67
25 2384 2797.04
25 1151 2795.4
25 2385 2793.77
25 2386 2792.13
25 2387 2790.5
25 2388 2788.87
25 2389 2787.24
25 2390 2785.62
25 2391 2783.99
25 2392 2782.37
25 1162 2780.75
25 2393 2779.13
25 1163 2777.51
25 2394 2775.89
25 1115 2774.27
25 2395 2772.66
25 1172 2771.04
25 2396 2769.43
25 2397 2767.82
25 2398 2766.21
25 2399 2764.61
25 2400 2763.0
25 2401 2761.4
25 2402 2759.79
25 2403 2758.19
25 2404 2756.59
25 2405 2754.99
25 2406 2753.39
25 2407 2751.8
25 2408 2750.2
25 2409 2748.61
25 2410 2747.02
25 2411 2745.43
25 2412 2743.84
25 2413 2742.25
25 2414 2740.67
25 2415 2739.08
25 2416 2737.5
25 2417 2735.92
25 2418 2734.34
25 2419 2732.76
25 2420 2731.18
25 2421 2729.6
25 2422 2728.03
25 2423 2726.46
25 2424 2724.89
25 2425 2723.31
25 2426 2721.75
25 2427 2720.18
25 2428 2718.61
25 2429 2717.05
25 2430 2715.48
25 2431 2713.92
25 2432 2712.36
25 2433 2710.8
26 1 2709.24
26 17 2707.69
26 29 2706.13
26 1192 2704.58
26 86 2703.03
26 2434 2701.48
2117 337 2699.93
2049 17 2698.38
27 1 2696.83
2050 17 2695.29
2050 2046 2693.74
1121 9 2692.2
1121 329 2690.66
1121 70 2689.12
1121 86 2687.58
1121 2435 2686.04
1121 2436 2684.51
1121 2437 2682.98
1121 2438 2681.44
1121 1126 2679.91
1121 2439 2678.38
1121 2440 2676.85
1121 2441 2675.32
1121 2442 2673.8
1121 2443 2672.27
1121 2444 2670.75
1121 2445 2669.23
1121 2446 2667.71
1121 2447 2666.19
1121 2448 2664.67
1121 2449 2663.15
1121 1009 2661.64
1121 2450 2660.12
1121 2451 2658.61
1121 2452 2657.1
1121 2453 2655.59
1121 2454 2654.08
1121 2455 2652.57
1121 2456 2651.07
1121 2457 2649.56
1121 2458 2648.06
1121 2459 2646.56
1121 2460 2645.06
1121 2461 2643.56
1121 2462 2642.06
1121 2463 2640.56
1121 2464 2639.07
1121 2465 2637.57
28 1 2636.08
28 5 2634.59
28 330 2633.1
28 2466 2631.61
28 2467 2630.12
28 86 2628.64
28 2123 2627.15
28 2468 2625.67
29 1 2624.19
29 10 2622.7
29 26 2621.22
29 1192 2619.75
29 1196 2618.27
29 1994 2616.79
29 2469 2615.32
29 86 2613.85
29 2470 2612.37
29 106 2610.9
29 2471 2609.43
29 111 2607.97
29 2472 2606.5
29 2473 2605.03
29 2474 2603.57
29 2475 2602.11
29 2476 2600.64
29 2477 2599.18
29 2478 2597.72
29 2479 2596.27
29 2480 2594.81
29 2481 2593.35
29 2482 2591.9
29 2483 2590.45
29 2484 2589.0
29 176 2587.55
29 2485 2586.1
29 2486 2584.65
29 2487 2583.2
29 1233 2581.76
1927 1389 2580.31
2060 18 2578.87
2060 1196 2577.43
2060 86 2575.99
2060 2488 2574.55
2060 2489 2573.11
2060 2490 2571.68
2060 2069 2570.24
2060 2491 2568.81
2060 2492 2567.37
2060 2493 2565.94
2060 2494 2564.51
2466 28 2563.08
1928 1389 2561.66
2195 2048 2560.23
2051 17 2558.8
2051 2495 2557.38
30 1 2555.96
30 19 2554.54
30 2496 2553.12
30 2497 2551.7
30 2498 2550.28
30 2147 2548.86
338 5 2547.45
225 4 2546.03
225 227 2544.62
226 4 2543.21
1380 1356 2541.8
1380 1362 2540.39
1380 2499 2538.98
2201 20 2537.57
2201 2500 2536.17
2201 2501 2534.76
2201 2502 2533.36
2201 2503 2531.96
1381 1356 2530.56
2467 28 2529.16
2504 2505 2527.76
2504 2506 2526.36
2504 2507 2524.97
2504 2508 2523.57
2504 2509 2522.18
2504 2510 2520.78
2504 2511 2519.39
2504 2512 2518.0
2504 2513 2516.61
2504 2514 2515.23
2504 2515 2513.84
2504 2516 2512.46
2504 2517 2511.07
2504 2518 2509.69
2504 2519 2508.31
2504 2520 2506.93
2504 2521 2505.55
2504 2522 2504.17
2504 2523 2502.79
2504 2524 2501.42
2504 2525 2500.04
1657 1655 2498.67
1658 1655 2497.29
1658 1690 2495.92
2526 2527 2494.55
2526 2528 2493.18
2526 2529 2491.82
2526 2530 2490.45
2526 2531 2489.09
2526 2532 2487.72
2526 2533 2486.36
2526 2534 2485.0
2526 2535 2483.64
2526 2536 2482.28
2526 2537 2480.92
2526 2538 2479.56
2526 2539 2478.21
2526 2540 2476.85
2526 2541 2475.5
2526 2542 2474.14
2526 2543 2472.79
2526 2544 2471.44
2526 2545 2470.09
2526 2546 2468.75
2526 2547 2467.4
2526 2548 2466.05
2526 2549 2464.71
2526 2550 2463.36
2526 2551 2462.02
2526 2552 2460.68
2526 2553 2459.34
2526 2554 2458.0
2526 2555 2456.66
2500 2201 2455.33
2500 1850 2453.99
2500 1241 2452.66
2500 2488 2451.32
2500 2556 2449.99
2500 1242 2448.66
2500 1243 2447.33
2500 2557 2446.0
2500 2558 2444.68
2500 2559 2443.35
2500 2560 2442.02
2501 2201 2440.7
1446 234 2439.38
1843 1103 2438.05
1474 1375 2436.73
2527 2526 2435.41
2527 2561 2434.1
2527 2529 2432.78
2527 2562 2431.46
2527 2563 2430.15
2527 2564 2428.83
2527 2565 2427.52
2527 2532 2426.21
2527 2566 2424.9
2527 2567 2423.59
2527 2568 2422.28
2527 2569 2420.97
2527 2570 2419.66
2527 2571 2418.36
2527 2572 2417.05
2527 2573 2415.75
2527 2491 2414.45
2527 2574 2413.15
2527 2575 2411.85
2576 2577 2410.55
2576 2578 2409.25
2576 2579 2407.95
2576 2580 2406.66
2576 2581 2405.36
2576 2582 2404.07
2583 2584 2402.78
2583 2585 2401.49
2583 2586 2400.2
2061 18 2398.91
2061 2587 2397.62
2061 2588 2396.33
2061 2589 2395.05
2061 2590 2393.76
1993 333 2392.48
2062 18 2391.2
2062 2059 2389.91
2062 2591 2388.63
2062 2592 2387.35
2062 2593 2386.08
2591 2062 2384.8
2591 2594 2383.52
2591 2595 2382.25
31 1 2380.97
31 2596 2379.7
31 2597 2378.43
31 2598 2377.16
1192 10 2375.89
1192 333 2374.62
1192 26 2373.35
1192 29 2372.08
1192 35 2370.82
1192 36 2369.55
1192 2469 2368.29
1192 2599 2367.03
1192 1849 2365.76
1192 2600 2364.5
1192 86 2363.24
1192 2601 2361.99
1192 2602 2360.73
1192 106 2359.47
1192 2362 2358.22
1192 2603 2356.96
1192 2604 2355.71
1192 2605 2354.46
1192 1209 2353.21
1192 2606 2351.96
1192 2607 2350.71
1192 2608 2349.46
1192 2609 2348.21
1192 2610 2346.97
1192 135 2345.72
1192 2611 2344.48
1192 2612 2343.23
1192 2613 2341.99
1192 1285 2340.75
1192 2614 2339.51
1192 2615 2338.27
1192 2616 2337.04
1192 2617 2335.8
1192 176 2334.56
1192 2618 2333.33
1192 2619 2332.09
32 1 2330.86
33 1 2329.63
33 2620 2328.4
33 2621 2327.17
33 2622 2325.94
33 2623 2324.71
34 1 2323.49
34 25 2322.26
34 2624 2321.04
34 2625 2319.81
34 2265 2318.59
34 1129 2317.37
34 2626 2316.15
34 2627 2314.93
34 966 2313.71
34 2628 2312.49
34 2629 2311.28
34 2630 2310.06
34 2631 2308.85
34 2632 2307.63
34 2633 2306.42
34 2634 2305.21
34 2133 2304.0
34 2635 2302.79
34 2636 2301.58
34 2637 2300.37
34 2638 2299.16
34 2639 2297.96
34 2640 2296.75
34 2641 2295.55
34 2642 2294.35
2052 17 2293.15
2052 2643 2291.95
1844 1103 2290.75
1844 1086 2289.55
1844 1842 2288.35
1844 2644 2287.15
1844 2645 2285.96
2300 1842 2284.76
2300 2646 2283.57
2300 2303 2282.37
2300 2647 2281.18
2300 2648 2279.99
2300 2312 2278.8
2300 2649 2277.61
2300 2650 2276.42
2300 2651 2275.24
2300 2652 2274.05
2300 2653 2272.86
2300 2654 2271.68
2300 2655 2270.5
2300 2656 2269.31
2300 2657 2268.13
2300 2658 2266.95
2300 2659 2265.77
2300 2660 2264.59
2300 2327 2263.42
2300 2661 2262.24
2300 2662 2261.06
2300 2663 2259.89
2300 2664 2258.72
2300 2665 2257.54
2300 2666 2256.37
2300 2667 2255.2
2300 2668 2254.03
2300 2669 2252.86
2670 54 2251.69
2670 913 2250.53
35 1 2249.36
35 1265 2248.19
35 19 2247.03
35 1192 2245.87
35 2358 2244.7
35 1196 2243.54
35 77 2242.38
35 2362 2241.22
35 2671 2240.06
35 2672 2238.9
35 2673 2237.75
35 2674 2236.59
35 120 2235.44
35 2675 2234.28
35 2676 2233.13
35 2607 2231.98
35 2677 2230.83
35 2678 2229.68
35 2679 2228.53
35 2680 2227.38
35 2681 2226.23
35 2682 2225.08
35 2683 2223.94
35 2684 2222.79
35 2685 2221.65
35 2686 2220.51
35 2687 2219.36
35 2688 2218.22
35 2689 2217.08
35 2690 2215.94
35 2691 2214.8
35 2692 2213.67
35 2693 2212.53
339 5 2211.39
339 36 2210.26
339 342 2209.12
339 86 2207.99
339 2694 2206.86
339 2695 2205.73
1266 1265 2204.6
1266 2696 2203.47
1266 2697 2202.34
1266 2698 2201.21
1266 2699 2200.08
1266 2700 2198.96
1266 2701 2197.83
1266 2702 2196.71
1266 2703 2195.59
1266 2704 2194.46
1266 2705 2193.34
1266 2706 2192.22
1266 2707 2191.1
1266 2708 2189.98
1266 2709 2188.87
1266 2710 2187.75
1266 2711 2186.63
1266 2712 2185.52
1266 2713 2184.4
1266 2714 2183.29
1266 2715 2182.18
1266 2716 2181.07
1266 2717 2179.96
1266 2718 2178.85
1266 2719 2177.74
1266 2720 2176.63
1266 2721 2175.52
1266 2722 2174.41
1266 2723 2173.31
1266 2724 2172.2
1266 2725 2171.1
1266 2726 2170.0
1266 2727 2168.9
1266 2728 2167.79
1266 2729 2166.69
1266 2730 2165.6
1266 2731 2164.5
1266 2732 2163.4
1266 2733 2162.3
1266 2734 2161.21
1266 2735 2160.11
1266 2736 2159.02
1266 2737 2157.92
1266 2738 2156.83
1266 2739 2155.74
1266 2740 2154.65
1266 2741 2153.56
1266 2742 2152.47
1266 2743 2151.38
1266 2744 2150.29
1266 2745 2149.21
1266 2746 2148.12
1266 2747 2147.04
1266 2748 2145.95
1266 2749 2144.87
1266 2750 2143.79
1266 2751 2142.71
1266 2752 2141.63
1266 2753 2140.55
1266 2754 2139.47
1266 2755 2138.39
1266 2756 2137.31
1266 2757 2136.24
1266 2758 2135.16
1266 2759 2134.09
1266 2760 2133.01
1266 2761 2131.94
1266 2762 2130.87
1266 2763 2129.8
1266 2764 2128.73
1266 2765 2127.66
1266 2766 2126.59
1266 2767 2125.52
1266 2768 2124.45
1266 2769 2123.39
1266 2770 2122.32
1266 2771 2121.26
1266 2772 2120.19
1266 2773 2119.13
1266 2774 2118.07
1266 2775 2117.01
1266 2776 2115.95
1266 2777 2114.89
1266 2778 2113.83
1266 2779 2112.77
1266 2780 2111.71
1266 2781 2110.66
1266 2782 2109.6
1266 2783 2108.55
1266 2784 2107.49
1266 2785 2106.44
1266 2786 2105.39
1266 2787 2104.33
1266 2788 2103.28
1266 2789 2102.23
1266 2790 2101.19
1266 2791 2100.14
1266 2792 2099.09
1266 2793 2098.04
1266 2794 2097.0
1266 2795 2095.95
1266 2796 2094.91
1266 2797 2093.87
1266 2798 2092.82
1266 2799 2091.78
1266 2800 2090.74
1266 2801 2089.7
1266 2802 2088.66
1266 2803 2087.62
1266 2804 2086.58
1266 2805 2085.55
1266 2806 2084.51
1266 2807 2083.48
1266 2808 2082.44
1266 2809 2081.41
1266 2810 2080.38
1266 2811 2079.34
1266 2812 2078.31
2063 18 2077.28
1967 330 2076.25
1967 2813 2075.22
1967 2814 2074.2
1967 2815 2073.17
1258 1084 2072.14
2168 1377 2071.12
1929 1389 2070.09
1929 1925 2069.07
1929 2816 2068.04
1378 1355 2067.02
1646 1472 2066.0
2118 337 2064.98
36 1 2063.96
36 5 2062.94
36 10 2061.92
36 329 2060.9
36 333 2059.89
36 1192 2058.87
36 339 2057.85
36 2817 2056.84
36 51 2055.82
36 54 2054.81
36 1195 2053.8
36 2818 2052.79
36 2819 2051.78
36 1848 2050.77
36 1196 2049.76
36 2820 2048.75
36 2821 2047.74
36 2822 2046.73
36 2823 2045.73
36 2824 2044.72
36 2825 2043.72
36 2826 2042.71
36 69 2041.71
36 2827 2040.71
36 2828 2039.71
36 2829 2038.71
36 2830 2037.71
36 2831 2036.71
36 2832 2035.71
36 1199 2034.71
36 2833 2033.71
36 1948 2032.72
36 84 2031.72
36 1200 2030.73
36 2834 2029.73
36 2835 2028.74
36 89 2027.75
36 91 2026.76
36 2836 2025.76
36 344 2024.77
36 1998 2023.78
36 2837 2022.8
36 103 2021.81
36 2838 2020.82
36 2839 2019.83
36 2840 2018.85
36 104 2017.86
36 2841 2016.88
36 2842 2015.9
36 2605 2014.91
36 2008 2013.93
36 2843 2012.95
36 2844 2011.97
36 2845 2010.99
36 2846 2010.01
36 2847 2009.03
36 2848 2008.06
36 1209 2007.08
36 2849 2006.1
36 2850 2005.13
36 2851 2004.15
36 2852 2003.18
36 2853 2002.21
36 2854 2001.23
36 135 2000.26
36 136 1999.29
36 2855 1998.32
36 2856 1997.35
36 1216 1996.38
36 2857 1995.41
36 2479 1994.45
36 2858 1993.48
36 2859 1992.51
36 2860 1991.55
36 2861 1990.59
36 2862 1989.62
36 2863 1988.66
36 2864 1987.7
36 2865 1986.74
36 1218 1985.77
36 2866 1984.81
36 2618 1983.86
36 2867 1982.9
36 2868 1981.94
36 2869 1980.98
36 2870 1980.03
36 199 1979.07
36 2871 1978.11
1454 1361 1977.16
37 1 1976.21
340 5 1975.25
2872 2873 1974.3
2872 2874 1973.35
2872 2875 1972.4
2872 2876 1971.45
2872 2877 1970.5
2872 2878 1969.55
2872 2879 1968.6
2872 2880 1967.66
2872 2881 1966.71
2872 2882 1965.77
2872 2883 1964.82
2872 2884 1963.88
2872 2885 1962.93
2872 2886 1961.99
2872 760 1961.05
2872 2887 1960.11
2872 630 1959.17
2872 2888 1958.23
2872 2889 1957.29
2872 517 1956.35
2872 2890 1955.41
2872 2891 1954.47
2872 2892 1953.54
2872 648 1952.6
2872 2893 1951.66
2872 2894 1950.73
2872 2895 1949.8
2872 2896 1948.86
2872 2897 1947.93
2872 2898 1947.0
2872 2899 1946.07
2872 2900 1945.14
2872 2901 1944.21
2872 2902 1943.28
2872 2903 1942.35
2872 2904 1941.42
2872 2905 1940.5
2872 2906 1939.57
2872 2907 1938.65
2872 2908 1937.72
2872 2909 1936.8
2872 2910 1935.87
2872 2911 1934.95
2872 2912 1934.03
2872 2913 1933.11
2872 2914 1932.19
2872 2915 1931.27
2872 2916 1930.35
2872 2917 1929.43
2872 2918 1928.51
2872 2919 1927.59
2872 2920 1926.68
2872 2921 1925.76
2872 2922 1924.85
2872 2923 1923.93
2872 2924 1923.02
2872 2925 1922.1
2872 2926 1921.19
2872 2927 1920.28
2872 2928 1919.37
2872 2929 1918.46
2872 2930 1917.55
2872 2931 1916.64
2872 2932 1915.73
2872 2933 1914.82
2872 2934 1913.92
2872 2935 1913.01
2872 2936 1912.1
2872 2937 1911.2
2872 2938 1910.29
2872 2939 1909.39
2872 2940 1908.49
2872 2941 1907.58
2872 2942 1906.68
2872 2943 1905.78
2872 2944 1904.88
2872 2945 1903.98
2872 2946 1903.08
2872 2947 1902.18
2872 2948 1901.28
2872 2949 1900.39
2872 2950 1899.49
2872 2951 1898.6
2872 2952 1897.7
2872 2953 1896.81
2872 2954 1895.91
2872 2955 1895.02
2872 2956 1894.13
2872 2957 1893.23
2872 2958 1892.34
2872 2959 1891.45
2872 2960 1890.56
2872 2961 1889.67
2872 2962 1888.78
2872 2963 1887.9
2872 2964 1887.01
2872 2965 1886.12
2872 2966 1885.24
2872 2967 1884.35
2872 2968 1883.46
2872 2969 1882.58
2872 2970 1881.7
2872 2971 1880.81
2872 2972 1879.93
2872 2973 1879.05
2872 2974 1878.17
2872 2975 1877.29
2872 2976 1876.41
2872 2977 1875.53
2872 2978 1874.65
2872 2979 1873.77
2872 835 1872.9
2872 2980 1872.02
2872 2981 1871.15
2872 2982 1870.27
2872 2983 1869.4
2872 2984 1868.52
2872 2985 1867.65
2872 837 1866.78
2872 2986 1865.9
2872 2987 1865.03
2872 2988 1864.16
2872 2989 1863.29
2872 2990 1862.42
2872 2991 1861.55
2872 2992 1860.68
2872 2993 1859.82
2872 2994 1858.95
2872 2995 1858.08
2872 2996 1857.22
2872 2997 1856.35
2872 2998 1855.49
2872 2999 1854.62
2872 3000 1853.76
2872 3001 1852.9
2872 3002 1852.04
2872 3003 1851.18
2872 3004 1850.32
2872 3005 1849.46
2872 3006 1848.6
2872 3007 1847.74
2872 3008 1846.88
2872 3009 1846.02
2872 3010 1845.16
2872 3011 1844.31
2872 3012 1843.45
1944 1923 1842.6
1259 1084 1841.74
235 231 1840.89
235 233 1840.04
38 1 1839.18
38 1265 1838.33
38 3013 1837.48
38 3014 1836.63
38 1267 1835.78
38 2357 1834.93
38 3015 1834.08
38 57 1833.23
38 3016 1832.38
38 3017 1831.54
38 3018 1830.69
38 3019 1829.84
38 3020 1829.0
38 1196 1828.15
38 1994 1827.31
38 3021 1826.47
38 2264 1825.62
38 3022 1824.78
38 3023 1823.94
38 3024 1823.1
38 3025 1822.26
38 3026 1821.42
38 135 1820.58
38 3027 1819.74
38 3028 1818.9
38 1242 1818.06
38 3029 1817.23
38 3030 1816.39
38 3031 1815.56
38 149 1814.72
38 3032 1813.89
38 3033 1813.05
38 3034 1812.22
38 3035 1811.39
38 3036 1810.55
38 3037 1809.72
38 3038 1808.89
38 3039 1808.06
38 3040 1807.23
38 3041 1806.4
38 3042 1805.57
38 3043 1804.75
1475 1375 1803.92
1475 3044 1803.09
1475 3045 1802.27
1475 240 1801.44
1475 3046 1800.61
1475 3047 1799.79
1475 3048 1798.97
1475 3049 1798.14
1475 3050 1797.32
1475 3051 1796.5
1475 3052 1795.68
1475 3053 1794.86
1475 3054 1794.04
1475 3055 1793.22
1475 3056 1792.4
1475 3057 1791.58
1475 3058 1790.76
1475 3059 1789.94
1475 3060 1789.13
1475 1496 1788.31
1475 3061 1787.49
1475 3062 1786.68
1475 3063 1785.86
1475 3064 1785.05
1475 3065 1784.24
1475 3066 1783.42
1475 3067 1782.61
1475 3068 1781.8
1475 3069 1780.99
1475 3070 1780.18
1475 3071 1779.37
1475 3072 1778.56
1475 3073 1777.75
1475 1504 1776.94
1475 3074 1776.14
1475 3075 1775.33
1475 3076 1774.52
1475 3077 1773.72
1475 3078 1772.91
1475 3079 1772.11
1475 3080 1771.3
1475 3081 1770.5
1475 3082 1769.69
1475 3083 1768.89
1475 3084 1768.09
1475 3085 1767.29
1475 3086 1766.49
1475 3087 1765.69
1475 3088 1764.89
1362 13 1764.09
1362 1380 1763.29
1362 3089 1762.49
1362 3090 1761.7
1362 3091 1760.9
1362 3092 1760.1
1476 1375 1759.31
1476 1472 1758.51
1476 1473 1757.72
1476 1477 1756.92
1476 3093 1756.13
1476 3094 1755.34
1476 3095 1754.54
1476 3096 1753.75
1476 3097 1752.96
1476 1486 1752.17
1476 3098 1751.38
1476 1647 1750.59
1476 1491 1749.8
1476 3099 1749.01
1476 1492 1748.22
1476 1648 1747.44
1476 3100 1746.65
1476 3101 1745.86
1476 3102 1745.08
1476 3103 1744.29
1476 3104 1743.51
1476 3105 1742.72
1476 3106 1741.94
1476 3107 1741.16
1476 1501 1740.38
1476 3108 1739.59
1476 3109 1738.81
1476 3110 1738.03
1476 3111 1737.25
341 5 1736.47
3112 3113 1735.69
3112 3114 1734.91
3112 3115 1734.14
3112 3116 1733.36
3112 3117 1732.58
3112 3118 1731.8
3112 3119 1731.03
3112 3120 1730.25
3112 3121 1729.48
3112 3122 1728.7
3112 3123 1727.93
3112 3124 1727.16
3112 3125 1726.38
3112 3126 1725.61
3112 3127 1724.84
3112 3128 1724.07
3112 3129 1723.3
3112 3130 1722.53
3112 3131 1721.76
3112 3132 1720.99
3112 3133 1720.22
3112 3134 1719.45
3112 3135 1718.69
3112 3136 1717.92
3112 3137 1717.15
3112 3138 1716.39
3112 3139 1715.62
3112 3140 1714.86
3112 3141 1714.09
3112 3142 1713.33
3112 3143 1712.57
3112 3144 1711.8
3112 3145 1711.04
3112 3146 1710.28
3112 3147 1709.52
3112 3148 1708.76
3112 3149 1708.0
3112 3150 1707.24
3112 3151 1706.48
3112 3152 1705.72
3112 3153 1704.96
3112 3154 1704.21
3112 3155 1703.45
3112 3156 1702.69
3112 3157 1701.94
3112 3158 1701.18
3112 3159 1700.43
1365 14 1699.67
3160 3161 1698.92
3160 3162 1698.17
3160 3163 1697.42
3160 3164 1696.66
3160 3165 1695.91
3160 3166 1695.16
3160 3167 1694.41
3160 3168 1693.66
3160 3169 1692.91
3160 3170 1692.16
3160 3171 1691.41
3160 3172 1690.66
3160 3173 1689.92
3160 3174 1689.17
3160 3175 1688.42
3160 3176 1687.68
3160 3177 1686.93
3160 1883 1686.19
3160 3178 1685.44
3160 3179 1684.7
3160 3180 1683.96
3160 3181 1683.21
3160 3182 1682.47
3160 3183 1681.73
3160 3184 1680.99
3160 3185 1680.25
3160 3186 1679.51
3160 3187 1678.77
3160 3188 1678.03
3160 3189 1677.29
3160 3190 1676.55
3160 3191 1675.81
3160 3192 1675.08
3160 3193 1674.34
3160 3194 1673.6
3160 3195 1672.87
3160 3196 1672.13
3160 3197 1671.4
342 5 1670.66
342 339 1669.93
342 351 1669.2
2078 1391 1668.46
2078 2080 1667.73
2502 2201 1667.0
2064 18 1666.27
2064 2069 1665.54
227 4 1664.81
227 225 1664.08
227 3198 1663.35
227 3199 1662.62
227 3200 1661.89
227 3201 1661.16
227 3202 1660.44
227 3203 1659.71
227 3204 1658.98
227 3205 1658.26
227 1196 1657.53
227 3206 1656.81
227 3207 1656.08
227 3208 1655.36
227 3209 1654.63
3210 3211 1653.91
3210 3212 1653.19
3210 3213 1652.47
3210 3214 1651.75
39 1 1651.03
39 1197 1650.31
39 3215 1649.59
39 2471 1648.87
39 3216 1648.15
39 3217 1647.43
39 3218 1646.71
39 3219 1645.99
39 3220 1645.28
39 3221 1644.56
39 3222 1643.84
39 3223 1643.13
39 2472 1642.41
39 3224 1641.7
39 3225 1640.98
39 3226 1640.27
39 2482 1639.56
39 177 1638.85
2079 1391 1638.13
3198 227 1637.42
3198 3227 1636.71
3198 3228 1636.0
3198 3229 1635.29
3198 3230 1634.58
3198 3231 1633.87
3198 3232 1633.16
3198 3233 1632.45
3198 3234 1631.75
3198 3235 1631.04
3198 3236 1630.33
3198 3237 1629.63
3198 3238 1628.92
3198 3239 1628.21
3198 3240 1627.51
3198 3241 1626.8
3198 3242 1626.1
3198 3243 1625.4
3198 3244 1624.69
3198 3245 1623.99
3198 3246 1623.29
3198 3247 1622.59
3198 3248 1621.89
3198 3249 1621.19
3198 3250 1620.49
1477 1375 1619.79
1477 1473 1619.09
1477 1476 1618.39
1477 3251 1617.69
1477 1651 1616.99
1477 3252 1616.29
1477 3253 1615.6
1477 1654 1614.9
3251 1477 1614.2
1651 1473 1613.51
1651 1477 1612.81
1366 14 1612.12
40 1 1611.43
3199 227 1610.73
3013 38 1610.04
3013 3254 1609.35
3013 57 1608.65
3013 3255 1607.96
3013 3256 1607.27
3013 2468 1606.58
3013 3257 1605.89
3013 3258 1605.2
3227 3198 1604.51
3227 3229 1603.82
3227 3259 1603.13
3227 3260 1602.44
3227 3238 1601.76
3227 3240 1601.07
3227 3247 1600.38
3227 3261 1599.7
3227 3262 1599.01
3228 3198 1598.32
3113 3112 1597.64
3113 3263 1596.95
3113 3264 1596.27
3113 3265 1595.59
3113 3266 1594.9
3113 3267 1594.22
3113 3268 1593.54
3113 3269 1592.86
3113 3270 1592.18
3113 3271 1591.5
3113 3272 1590.81
3229 3198 1590.13
3229 3227 1589.46
2169 1377 1588.78
3230 3198 1588.1
3273 3274 1587.42
3273 2071 1586.74
3273 3275 1586.06
3273 3276 1585.39
3273 3277 1584.71
3273 3278 1584.04
3273 3279 1583.36
3273 3280 1582.69
3273 3281 1582.01
3273 3282 1581.34
3273 3283 1580.66
3273 3284 1579.99
3273 3285 1579.32
3273 3286 1578.64
3273 3287 1577.97
3273 3288 1577.3
3273 3289 1576.63
3273 3290 1575.96
3273 3291 1575.29
3273 3292 1574.62
3273 3293 1573.95
3273 3294 1573.28
3273 3295 1572.61
3296 3297 1571.95
3296 1125 1571.28
3296 3298 1570.61
3296 3299 1569.95
3296 3300 1569.28
3296 3301 1568.61
3296 3302 1567.95
3296 3303 1567.28
3296 3304 1566.62
3296 3305 1565.96
3014 38 1565.29
3014 1851 1564.63
3014 3306 1563.97
3014 3307 1563.3
3014 3308 1562.64
3014 3309 1561.98
3014 3310 1561.32
3014 3311 1560.66
3014 3312 1560.0
3014 3313 1559.34
3014 3314 1558.68
3014 3315 1558.02
3014 3316 1557.36
3014 3317 1556.71
3014 3318 1556.05
3014 3319 1555.39
3014 3320 1554.74
3014 3321 1554.08
3014 3322 1553.42
3014 3323 1552.77
3014 3324 1552.11
3014 3325 1551.46
3014 3326 1550.81
3014 3327 1550.15
3014 3328 1549.5
3014 3329 1548.85
3014 3330 1548.19
3014 3331 1547.54
3014 3332 1546.89
3014 3333 1546.24
3014 204 1545.59
3014 3334 1544.94
3259 3227 1544.29
3259 3335 1543.64
3259 3336 1542.99
3259 3337 1542.34
3259 3338 1541.69
41 1 1541.05
41 1265 1540.4
41 3339 1539.75
41 3340 1539.11
41 3341 1538.46
41 3342 1537.82
41 3343 1537.17
41 3344 1536.53
41 3345 1535.88
41 3016 1535.24
41 58 1534.59
41 3346 1533.95
41 3347 1533.31
41 3348 1532.67
41 3349 1532.03
41 3350 1531.38
41 3351 1530.74
41 1288 1530.1
41 3352 1529.46
41 3353 1528.82
41 3354 1528.18
41 3355 1527.55
41 3356 1526.91
3335 3259 1526.27
3336 3259 1525.63
3337 3259 1524.99
3337 3357 1524.36
3338 3259 1523.72
3338 3358 1523.09
3200 227 1522.45
3252 1477 1521.82
1267 1265 1521.18
1267 38 1520.55
1478 1375 1519.91
1478 3359 1519.28
1193 10 1518.65
2080 1391 1518.01
2080 2078 1517.38
1194 10 1516.75
1194 3360 1516.12
1194 3361 1515.49
1194 3362 1514.86
1194 2368 1514.23
1194 3363 1513.6
1194 3364 1512.97
1194 3365 1512.34
1194 3366 1511.71
1194 3367 1511.08
1194 3368 1510.45
1194 3369 1509.83
1194 3370 1509.2
1194 3371 1508.57
1194 3372 1507.95
1194 3373 1507.32
1194 3374 1506.7
1194 3375 1506.07
1194 3376 1505.45
1194 3377 1504.82
1194 3378 1504.2
1194 3379 1503.58
1194 2510 1502.95
1194 3380 1502.33
1194 3381 1501.71
1194 3382 1501.09
1194 3383 1500.47
1194 3384 1499.85
1194 3385 1499.23
1194 3386 1498.61
1194 3387 1497.99
1194 3388 1497.37
1194 3389 1496.75
1194 3390 1496.13
1194 3391 1495.51
1194 3392 1494.89
1194 3393 1494.28
1194 3394 1493.66
1194 3395 1493.04
1194 3396 1492.43
1194 3397 1491.81
1194 3398 1491.2
2817 36 1490.58
2817 1200 1489.97
2817 89 1489.35
42 1 1488.74
3260 3227 1488.13
3260 3231 1487.51
3260 3399 1486.9
3260 3240 1486.29
3260 3400 1485.68
3260 3248 1485.07
3260 3401 1484.45
3231 3198 1483.84
3231 3260 1483.23
3231 3233 1482.62
3231 3399 1482.01
3231 3402 1481.41
3231 3403 1480.8
3231 3400 1480.19
3231 3404 1479.58
3232 3198 1478.97
3232 3240 1478.37
3233 3198 1477.76
3233 3231 1477.15
3233 3399 1476.55
3233 3402 1475.94
3233 3400 1475.34
3233 3405 1474.73
3234 3198 1474.13
3234 3406 1473.52
3399 3260 1472.92
3399 3231 1472.32
3399 3233 1471.71
3399 3407 1471.11
3399 3408 1470.51
3399 3402 1469.91
3399 3409 1469.31
3399 3410 1468.71
3399 3411 1468.11
3399 3412 1467.51
3399 3413 1466.91
3399 3414 1466.31
3399 3415 1465.71
3399 3400 1465.11
3399 3416 1464.51
3399 3417 1463.91
3399 3418 1463.32
3399 3419 1462.72
3235 3198 1462.12
3235 3420 1461.53
3235 3421 1460.93
3235 3422 1460.33
3235 3423 1459.74
3235 3424 1459.14
3235 3425 1458.55
3235 3426 1457.96
3235 3427 1457.36
3235 3428 1456.77
3235 3429 1456.18
3235 3430 1455.58
3235 3431 1454.99
3235 3432 1454.4
3235 3433 1453.81
3235 3434 1453.22
3235 3435 1452.63
3235 3436 1452.04
3235 3437 1451.45
3235 3438 1450.86
3235 3439 1450.27
3235 3440 1449.68
3235 3441 1449.09
3235 3442 1448.5
3235 3443 1447.91
3235 3444 1447.33
3235 3445 1446.74
3235 3446 1446.15
3235 3447 1445.57
3235 3448 1444.98
3235 3449 1444.4
3235 3450 1443.81
3235 3451 1443.23
3235 3452 1442.64
3235 3453 1442.06
3235 3454 1441.47
3235 3455 1440.89
3235 3456 1440.31
3235 3457 1439.72
3235 3458 1439.14
3235 3459 1438.56
3235 3460 1437.98
3235 3461 1437.4
3235 3462 1436.82
3235 3463 1436.24
3235 3464 1435.66
3235 3465 1435.08
3235 3466 1434.5
3235 3467 1433.92
3235 3468 1433.34
3235 3469 1432.76
3235 3470 1432.18
3235 3471 1431.61
3235 3472 1431.03
3235 3473 1430.45
3235 3474 1429.88
3235 3475 1429.3
3235 3476 1428.73
3235 3477 1428.15
3235 3478 1427.58
3235 3479 1427.0
3235 3480 1426.43
3235 3481 1425.85
3235 3482 1425.28
3235 3483 1424.71
3235 3484 1424.13
3235 3485 1423.56
3235 3486 1422.99
3235 3487 1422.42
3235 3488 1421.85
3235 3489 1421.27
3235 3490 1420.7
3407 3399 1420.13
3407 3415 1419.56
3236 3198 1418.99
3237 3198 1418.43
3491 3492 1417.86
3491 3493 1417.29
3494 3495 1416.72
3494 3496 1416.15
3494 3497 1415.58
3494 3498 1415.02
3494 3499 1414.45
3494 3500 1413.88
3494 3501 1413.32
3494 3502 1412.75
3494 3503 1412.19
3494 3504 1411.62
3494 3505 1411.06
3494 3506 1410.49
3494 3507 1409.93
3494 3508 1409.37
3494 3509 1408.8
3494 962 1408.24
3494 3510 1407.68
3494 3511 1407.12
3494 3512 1406.55
3494 3513 1405.99
3494 3514 1405.43
3494 3515 1404.87
3494 3516 1404.31
3494 3517 1403.75
3494 3518 1403.19
3494 3519 1402.63
3494 3520 1402.07
3494 3521 1401.51
3494 3522 1400.96
3494 127 1400.4
3494 3523 1399.84
3494 3524 1399.28
3494 3525 1398.73
3494 3526 1398.17
3494 3527 1397.61
3494 3528 1397.06
3494 3529 1396.5
3494 3530 1395.95
3494 3531 1395.39
3494 3532 1394.84
3494 3533 1394.28
3494 3534 1393.73
3494 3535 1393.17
3494 3536 1392.62
3494 3537 1392.07
3494 3538 1391.52
3494 3539 1390.96
3494 3540 1390.41
3494 2245 1389.86
3494 3541 1389.31
3494 3542 1388.76
3494 3543 1388.21
3494 3544 1387.66
3494 3545 1387.11
3494 3546 1386.56
3494 3547 1386.01
3494 3548 1385.46
3494 3549 1384.91
3494 3550 1384.36
3494 3551 1383.82
3494 3552 1383.27
3494 3553 1382.72
3494 3554 1382.18
3494 3555 1381.63
3494 3556 1381.08
3494 3557 1380.54
3494 3558 1379.99
3494 3559 1379.45
3494 3560 1378.9
3494 3561 1378.36
3494 3562 1377.81
3494 3563 1377.27
3494 3564 1376.73
3494 3565 1376.18
3494 3566 1375.64
3494 3567 1375.1
3494 3568 1374.56
3494 3569 1374.02
3494 3570 1373.47
3297 3296 1372.93
3297 3571 1372.39
3297 3572 1371.85
3297 3573 1371.31
3297 3574 1370.77
3297 3575 1370.23
3297 3576 1369.69
355 224 1369.15
355 3577 1368.62
355 356 1368.08
355 3578 1367.54
355 3579 1367.0
355 3580 1366.47
355 3207 1365.93
355 3581 1365.39
3408 3399 1364.86
3582 1848 1364.32
3582 3583 1363.79
3582 71 1363.25
3582 2596 1362.72
3582 3584 1362.18
3582 3585 1361.65
3582 84 1361.11
3582 3586 1360.58
3582 3587 1360.05
3582 3588 1359.51
3582 3589 1358.98
3582 1998 1358.45
3582 3590 1357.92
3582 3591 1357.39
3582 2208 1356.85
3582 3592 1356.32
3582 3593 1355.79
3582 3594 1355.26
3582 3595 1354.73
3582 3596 1354.2
3582 3597 1353.67
3582 3598 1353.14
3582 3599 1352.62
3582 3600 1352.09
3582 3601 1351.56
3582 3602 1351.03
3582 3603 1350.51
3582 3604 1349.98
3582 3605 1349.45
3582 3606 1348.92
3238 3198 1348.4
3238 3227 1347.87
3238 3239 1347.35
3238 3240 1346.82
3402 3231 1346.3
3402 3233 1345.77
3402 3399 1345.25
3402 3415 1344.73
3402 3404 1344.2
3402 3607 1343.68
3402 3608 1343.16
3409 3399 1342.63
3409 3412 1342.11
3239 3198 1341.59
3239 3238 1341.07
3239 3240 1340.55
3239 3609 1340.02
3240 3198 1339.5
3240 3227 1338.98
3240 3260 1338.46
3240 3232 1337.94
3240 3238 1337.42
3240 3239 1336.91
3240 3610 1336.39
3240 3611 1335.87
3240 3249 1335.35
3610 3240 1334.83
3410 3399 1334.31
3403 3231 1333.8
3241 3198 1333.28
3241 3612 1332.76
3241 3613 1332.25
3241 3614 1331.73
3241 3615 1331.22
3241 3616 1330.7
3241 3617 1330.19
3241 3618 1329.67
3241 3619 1329.16
3241 3620 1328.64
3241 3621 1328.13
3241 3622 1327.61
3241 3623 1327.1
3241 3624 1326.59
3241 3625 1326.08
3241 3626 1325.56
3241 3627 1325.05
3241 3628 1324.54
3241 3629 1324.03
3241 3630 1323.52
3241 3631 1323.01
3241 3632 1322.5
3241 3633 1321.99
3241 3634 1321.48
3241 3635 1320.97
3241 3636 1320.46
3241 3637 1319.95
3241 3638 1319.44
3241 3639 1318.93
3241 3640 1318.42
3241 3641 1317.92
3241 3642 1317.41
3241 3643 1316.9
3241 3644 1316.39
3241 3645 1315.89
3241 3646 1315.38
3241 3647 1314.88
3241 3648 1314.37
3241 3649 1313.87
3241 3650 1313.36
3241 3651 1312.86
3241 3652 1312.35
3241 3653 1311.85
3241 3654 1311.34
3241 3655 1310.84
3241 3656 1310.34
3241 3657 1309.83
3241 3658 1309.33
3241 3659 1308.83
3241 3660 1308.33
3241 3661 1307.83
3241 3662 1307.32
3241 3663 1306.82
3241 3664 1306.32
3241 3665 1305.82
3241 3666 1305.32
3241 3667 1304.82
3241 3668 1304.32
3241 3669 1303.82
3241 3670 1303.32
3241 3671 1302.83
3241 3672 1302.33
43 1 1301.83
43 8 1301.33
43 1083 1300.83
43 3673 1300.34
43 3674 1299.84
43 47 1299.34
43 49 1298.85
43 3675 1298.35
43 3676 1297.86
43 3677 1297.36
43 1263 1296.86
43 3678 1296.37
43 3679 1295.88
43 3680 1295.38
43 3681 1294.89
43 3682 1294.39
43 3683 1293.9
43 3684 1293.41
43 3685 1292.91
43 3686 1292.42
43 3687 1291.93
43 3688 1291.44
43 3689 1290.95
43 3690 1290.45
43 3691 1289.96
43 3692 1289.47
3411 3399 1288.98
3412 3399 1288.49
3412 3409 1288.0
3412 3414 1287.51
3412 3415 1287.02
3412 3693 1286.53
3201 227 1286.05
3201 3694 1285.56
3201 3695 1285.07
3201 3696 1284.58
3201 3697 1284.09
44 1 1283.61
44 3698 1283.12
44 3699 1282.63
44 54 1282.15
44 55 1281.66
44 3700 1281.17
44 77 1280.69
44 86 1280.2
44 3701 1279.72
44 90 1279.23
44 2131 1278.75
44 3702 1278.27
44 3703 1277.78
44 3704 1277.3
44 3705 1276.81
44 2143 1276.33
44 2145 1275.85
3609 3239 1275.37
2297 24 1274.88
2297 3706 1274.4
3413 3399 1273.92
3413 3707 1273.44
3413 3708 1272.96
3413 3709 1272.48
3413 3415 1272.0
1236 12 1271.52
1236 3710 1271.04
1236 3711 1270.56
1236 3712 1270.08
3707 3413 1269.6
3708 3413 1269.12
3414 3399 1268.64
3414 3412 1268.16
3414 3713 1267.69
3414 3714 1267.21
3202 227 1266.73
3202 3715 1266.25
3202 3716 1265.78
1479 1375 1265.3
3203 227 1264.82
3204 227 1264.35
3205 227 1263.87
3205 3717 1263.4
3205 3718 1262.92
1237 12 1262.45
3709 3413 1261.97
3709 3719 1261.5
3706 2297 1261.02
3706 3720 1260.55
3706 3721 1260.08
3722 3723 1259.6
3722 3724 1259.13
3722 3725 1258.66
3722 3726 1258.19
3722 3727 1257.71
3722 3728 1257.24
3722 3729 1256.77
3420 3235 1256.3
3420 3730 1255.83
3420 3731 1255.36
3420 3732 1254.89
3420 3733 1254.42
3420 3734 1253.95
3420 3735 1253.48
3420 3736 1253.01
3420 3737 1252.54
3420 3738 1252.07
3420 3739 1251.6
3420 3451 1251.13
3420 3740 1250.67
3420 3741 1250.2
3420 2378 1249.73
3420 3742 1249.26
3420 3743 1248.8
3420 3744 1248.33
3420 3745 1247.86
3420 3746 1247.4
3420 3747 1246.93
3420 3748 1246.47
3420 3749 1246.0
3420 3750 1245.54
3420 3751 1245.07
3420 3752 1244.61
3420 3753 1244.14
3420 3754 1243.68
3420 3755 1243.22
3420 3756 1242.75
3420 3757 1242.29
3420 3758 1241.83
3420 3759 1241.36
3420 3760 1240.9
3420 3761 1240.44
3420 3762 1239.98
3420 3763 1239.52
3420 3764 1239.05
3420 3765 1238.59
3420 3766 1238.13
3420 3767 1237.67
3420 3768 1237.21
3420 3769 1236.75
3420 3770 1236.29
3420 3771 1235.83
3420 3772 1235.37
3420 3773 1234.92
3420 3774 1234.46
3420 3775 1234.0
3420 3776 1233.54
3420 3777 1233.08
3420 3778 1232.63
3420 3779 1232.17
3420 3780 1231.71
3420 3781 1231.25
3420 3782 1230.8
3420 3783 1230.34
3420 3784 1229.89
3420 3785 1229.43
3420 3786 1228.97
3420 3787 1228.52
3420 3788 1228.06
3420 3789 1227.61
3420 3790 1227.16
3420 3791 1226.7
3420 3792 1226.25
3420 3793 1225.79
3420 3794 1225.34
3420 3795 1224.89
3420 3796 1224.44
3420 3797 1223.98
3420 3798 1223.53
3420 3799 1223.08
3420 3800 1222.63
3420 3801 1222.18
3420 3802 1221.72
3420 3803 1221.27
3420 3804 1220.82
3420 3805 1220.37
3420 3806 1219.92
3420 3807 1219.47
3420 3808 1219.02
3420 3809 1218.57
3420 3810 1218.12
3420 3811 1217.67
3420 3812 1217.23
3420 3813 1216.78
3420 3814 1216.33
3420 3815 1215.88
3420 3816 1215.43
3420 3817 1214.99
3420 3818 1214.54
3420 3819 1214.09
3420 3820 1213.65
3420 3821 1213.2
3420 3822 1212.75
3420 3823 1212.31
3420 3824 1211.86
3420 3825 1211.42
3420 3826 1210.97
3420 3827 1210.53
3420 3828 1210.08
3420 3829 1209.64
3420 3830 1209.19
3420 3831 1208.75
3420 3832 1208.31
3420 3833 1207.86
3420 3834 1207.42
3420 3835 1206.98
3420 3836 1206.54
3420 3837 1206.09
3420 3838 1205.65
3420 3839 1205.21
3420 3840 1204.77
3420 3841 1204.33
3420 3842 1203.89
3420 3843 1203.44
3420 3844 1203.0
3420 3845 1202.56
3420 3846 1202.12
3420 3847 1201.68
3420 3848 1201.24
3420 3849 1200.81
3420 3850 1200.37
3420 3851 1199.93
3420 3852 1199.49
3420 3853 1199.05
3420 3854 1198.61
3420 3855 1198.17
3420 3856 1197.74
3420 3857 1197.3
3420 3858 1196.86
3420 3859 1196.43
3420 3860 1195.99
3420 3861 1195.55
3420 3862 1195.12
3420 3863 1194.68
3420 3864 1194.25
3420 3865 1193.81
3420 3866 1193.38
3420 3867 1192.94
3420 3868 1192.51
3420 3869 1192.07
3420 3870 1191.64
3420 3871 1191.2
3420 3872 1190.77
3420 3873 1190.34
3420 3874 1189.9
3420 3875 1189.47
3420 3876 1189.04
3420 3877 1188.61
3420 3878 1188.17
3420 3879 1187.74
3420 3880 1187.31
3420 3881 1186.88
3420 3882 1186.45
3420 3883 1186.02
3420 3884 1185.59
3420 3885 1185.16
3420 3886 1184.73
3420 3887 1184.3
3420 3888 1183.87
3420 3889 1183.44
3420 3890 1183.01
3420 3891 1182.58
3420 3892 1182.15
3420 3893 1181.72
3420 3894 1181.29
3420 3895 1180.87
3420 3896 1180.44
3420 3897 1180.01
3420 3898 1179.58
3420 3899 1179.16
3420 3900 1178.73
3420 3901 1178.3
3420 3902 1177.88
3420 3903 1177.45
3420 3904 1177.02
3420 3905 1176.6
3420 3906 1176.17
3420 3907 1175.75
3420 3908 1175.32
3420 3909 1174.9
3420 3910 1174.48
3420 3911 1174.05
3420 3912 1173.63
3420 3913 1173.2
3421 3235 1172.78
3422 3235 1172.36
3423 3235 1171.93
3424 3235 1171.51
3424 3914 1171.09
3424 3915 1170.67
3424 3455 1170.24
3424 3916 1169.82
3424 3917 1169.4
3424 3918 1168.98
3424 3919 1168.56
3424 3920 1168.14
3424 3921 1167.72
3424 3922 1167.3
3424 3923 1166.88
