1 2 4374910000.0
1 3 1443180000.0
1 4 754353000.0
1 5 476072000.0
1 6 333132000.0
1 7 248844000.0
1 8 194452000.0
1 9 157045000.0
1 10 130071000.0
1 11 109893000.0
1 12 94349700.0
1 13 82087900.0
1 14 72220300.0
1 15 64145200.0
1 16 57441100.0
1 17 51805600.0
1 18 47016500.0
1 19 42907500.0
1 20 39351700.0
1 21 36251100.0
1 22 33528800.0
1 23 31123800.0
1 24 28987100.0
1 25 27078900.0
1 26 25366800.0
1 27 23823800.0
1 28 22427800.0
1 29 21160000.0
1 30 20004700.0
1 31 18948500.0
1 32 17980000.0
1 33 17089500.0
1 34 16268500.0
1 35 15509700.0
1 36 14806800.0
1 37 14154200.0
1 38 13547100.0
1 39 12981200.0
1 40 12452800.0
1 41 11958400.0
1 42 11495200.0
1 43 11060400.0
1 44 10651700.0
1 45 10267000.0
1 46 9904420.0
1 47 9562170.0
1 48 9238730.0
1 49 8932700.0
1 50 8642810.0
1 51 8367910.0
1 52 8106930.0
1 53 7858930.0
1 54 7623030.0
1 55 7398420.0
1 56 7184370.0
1 57 6980200.0
1 58 6785300.0
1 59 6599090.0
1 60 6421040.0
1 61 6250670.0
1 62 6087530.0
1 63 5931190.0
1 64 5781280.0
1 65 5637430.0
1 66 5499300.0
1 67 5366590.0
1 68 5239010.0
1 69 5116280.0
1 70 4998160.0
1 71 4884410.0
1 72 4774800.0
1 73 4669140.0
1 74 4567220.0
1 75 4468870.0
1 76 4373920.0
1 77 4282200.0
1 78 4193570.0
1 79 4107880.0
1 80 4025000.0
1 81 3944800.0
1 82 3867170.0
1 83 3791990.0
1 84 3719150.0
1 85 3648560.0
1 86 3580130.0
1 87 3513750.0
1 88 3449360.0
1 89 3386860.0
1 90 3326170.0
1 91 3267240.0
1 92 3209980.0
1 93 3154340.0
1 94 3100250.0
1 95 3047640.0
1 96 2996480.0
1 97 2946690.0
1 98 2898240.0
1 99 2851070.0
1 100 2805130.0
1 101 2760380.0
1 102 2716780.0
1 103 2674290.0
1 104 2632870.0
1 105 2592480.0
1 106 2553090.0
1 107 2514660.0
1 108 2477160.0
1 109 2440570.0
1 110 2404840.0
1 111 2369960.0
1 112 2335890.0
1 113 2302610.0
1 114 2270090.0
1 115 2238310.0
1 116 2207250.0
1 117 2176890.0
1 118 2147200.0
1 119 2118150.0
1 120 2089750.0
1 121 2061950.0
1 122 2034760.0
1 123 2008140.0
1 124 1982080.0
1 125 1956560.0
1 126 1931580.0
1 127 1907110.0
1 128 1883140.0
1 129 1859660.0
1 130 1836650.0
1 131 1814090.0
1 132 1791990.0
1 133 1770320.0
1 134 1749070.0
1 135 1728230.0
1 136 1707790.0
1 137 1687740.0
1 138 1668080.0
1 139 1648780.0
1 140 1629840.0
1 141 1611250.0
1 142 1593010.0
1 143 1575100.0
1 144 1557510.0
1 145 1540240.0
1 146 1523280.0
1 147 1506620.0
1 148 1490260.0
1 149 1474180.0
1 150 1458380.0
1 151 1442860.0
1 152 1427600.0
1 153 1412600.0
1 154 1397860.0
1 155 1383360.0
1 156 1369110.0
1 157 1355090.0
1 158 1341310.0
1 159 1327750.0
1 160 1314420.0
1 161 1301300.0
1 162 1288390.0
1 163 1275690.0
1 164 1263190.0
1 165 1250890.0
1 166 1238780.0
1 167 1226860.0
1 168 1215130.0
1 169 1203580.0
1 170 1192200.0
1 171 1181000.0
1 172 1169970.0
1 173 1159110.0
1 174 1148410.0
1 175 1137860.0
1 176 1127480.0
1 177 1117250.0
1 178 1107160.0
1 179 1097230.0
1 180 1087440.0
1 181 1077790.0
1 182 1068280.0
1 183 1058900.0
1 184 1049660.0
1 185 1040540.0
1 186 1031560.0
1 187 1022700.0
1 188 1013960.0
1 189 1005350.0
1 190 996850.0
1 191 988469.0
1 192 980202.0
1 193 972046.0
1 194 964000.0
1 195 956062.0
1 196 948230.0
1 197 940501.0
1 198 932874.0
1 199 925347.0
1 200 917918.0
1 201 910586.0
1 202 903348.0
1 203 896204.0
1 204 889150.0
2 1 882187.0
2 11 875312.0
2 205 868523.0
2 206 861820.0
2 207 855200.0
2 208 848662.0
2 209 842205.0
2 210 835828.0
2 211 829529.0
2 212 823306.0
2 213 817160.0
2 97 811087.0
2 214 805087.0
2 215 799159.0
2 216 793302.0
2 217 787514.0
2 218 781794.0
2 219 776142.0
2 220 770556.0
3 1 765035.0
3 221 759577.0
3 222 754183.0
3 223 748851.0
4 1 743580.0
4 224 738368.0
4 225 733216.0
4 226 728122.0
4 227 723086.0
4 228 718105.0
4 137 713180.0
4 229 708310.0
4 230 703494.0
231 7 698730.0
231 232 694019.0
231 233 689359.0
231 13 684750.0
231 14 680191.0
231 234 675681.0
231 235 671219.0
231 236 666805.0
231 237 662438.0
231 238 658117.0
231 239 653842.0
231 240 649612.0
231 241 645426.0
231 242 641283.0
231 243 637184.0
231 244 633127.0
231 245 629112.0
246 247 625138.0
246 248 621205.0
246 249 617312.0
246 250 613458.0
246 251 609643.0
246 252 605867.0
246 253 602129.0
246 254 598427.0
246 255 594763.0
246 256 591135.0
246 257 587543.0
246 258 583986.0
246 259 580464.0
246 260 576977.0
246 261 573523.0
246 262 570103.0
246 263 566716.0
246 264 563361.0
246 265 560039.0
246 266 556748.0
246 267 553489.0
246 268 550260.0
246 269 547062.0
246 270 543894.0
246 271 540756.0
246 272 537647.0
246 273 534567.0
246 274 531516.0
246 275 528492.0
246 276 525497.0
246 277 522529.0
246 278 519589.0
246 279 516675.0
246 280 513787.0
246 281 510926.0
246 282 508090.0
246 283 505280.0
246 284 502495.0
246 285 499735.0
246 286 497000.0
246 287 494289.0
246 288 491601.0
246 289 488938.0
246 290 486298.0
246 291 483680.0
246 292 481086.0
246 293 478514.0
246 294 475965.0
246 295 473437.0
246 296 470932.0
246 297 468447.0
246 298 465984.0
246 299 463542.0
246 300 461121.0
246 301 458720.0
246 302 456339.0
246 303 453979.0
246 304 451638.0
246 305 449316.0
246 306 447014.0
246 307 444732.0
246 308 442468.0
246 309 440222.0
246 310 437995.0
246 311 435787.0
246 312 433596.0
246 313 431423.0
246 314 429268.0
246 315 427131.0
246 316 425010.0
246 317 422907.0
246 318 420820.0
246 319 418751.0
246 320 416697.0
246 321 414660.0
246 322 412639.0
246 323 410635.0
246 324 408645.0
246 325 406672.0
246 326 404714.0
246 327 402771.0
246 328 400843.0
5 1 398930.0
5 329 397032.0
5 330 395149.0
5 331 393280.0
5 332 391426.0
5 333 389585.0
5 334 387759.0
5 335 385947.0
5 18 384148.0
5 336 382363.0
5 337 380591.0
5 28 378832.0
5 338 377087.0
5 339 375355.0
5 36 373636.0
5 340 371929.0
5 341 370235.0
5 342 368554.0
5 54 366884.0
5 343 365228.0
5 86 363583.0
5 90 361950.0
5 344 360329.0
5 106 358720.0
5 345 357123.0
5 346 355537.0
5 347 353963.0
5 348 352399.0
5 349 350847.0
5 350 349307.0
5 351 347777.0
5 352 346257.0
224 4 344749.0
224 353 343251.0
224 354 341764.0
224 355 340288.0
224 356 338821.0
224 357 337365.0
224 358 335919.0
224 359 334483.0
224 360 333057.0
224 361 331641.0
224 362 330235.0
224 363 328838.0
224 364 327451.0
224 365 326073.0
224 366 324705.0
224 367 323346.0
224 368 321996.0
369 370 320656.0
369 371 319324.0
369 372 318002.0
369 373 316688.0
369 374 315383.0
369 375 314087.0
369 376 312799.0
369 377 311520.0
369 378 310250.0
369 379 308987.0
369 380 307734.0
369 381 306488.0
369 382 305251.0
369 383 304021.0
369 384 302800.0
369 385 301587.0
369 386 300381.0
369 387 299184.0
369 388 297994.0
369 389 296812.0
369 390 295637.0
369 391 294470.0
369 392 293310.0
369 393 292158.0
369 394 291013.0
369 395 289876.0
369 396 288745.0
369 397 287622.0
369 398 286506.0
369 399 285397.0
369 400 284294.0
369 401 283199.0
369 402 282111.0
369 403 281029.0
369 404 279954.0
369 405 278886.0
369 406 277824.0
369 407 276769.0
369 408 275720.0
369 409 274678.0
369 410 273642.0
369 411 272613.0
369 412 271590.0
369 413 270573.0
369 414 269562.0
369 415 268557.0
369 416 267559.0
369 417 266566.0
369 418 265580.0
369 419 264599.0
369 420 263624.0
369 421 262655.0
369 422 261692.0
369 423 260735.0
369 424 259783.0
369 425 258837.0
369 426 257896.0
369 427 256961.0
369 428 256031.0
369 429 255107.0
369 430 254189.0
369 431 253275.0
369 432 252367.0
369 433 251465.0
369 434 250567.0
369 435 249675.0
369 436 248788.0
369 437 247906.0
369 438 247029.0
369 439 246157.0
369 440 245290.0
369 441 244428.0
369 442 243571.0
369 443 242719.0
369 444 241871.0
369 445 241029.0
369 446 240191.0
369 447 239358.0
369 448 238529.0
369 449 237706.0
369 450 236886.0
369 451 236072.0
369 452 235262.0
369 453 234456.0
369 454 233655.0
369 455 232859.0
369 456 232066.0
369 457 231279.0
369 458 230495.0
369 459 229716.0
369 460 228941.0
369 461 228170.0
369 462 227404.0
369 463 226642.0
369 464 225883.0
369 465 225129.0
369 466 224379.0
369 467 223633.0
369 468 222892.0
369 469 222154.0
369 470 221420.0
369 471 220690.0
369 472 219964.0
369 473 219241.0
369 474 218523.0
369 475 217808.0
369 476 217098.0
369 477 216391.0
369 478 215687.0
369 479 214988.0
369 480 214292.0
369 481 213600.0
369 482 212911.0
369 483 212226.0
369 484 211545.0
369 485 210867.0
369 486 210192.0
369 487 209521.0
369 488 208854.0
369 489 208190.0
369 490 207530.0
369 491 206872.0
369 492 206219.0
369 493 205568.0
369 494 204921.0
369 495 204277.0
369 496 203637.0
370 369 203000.0
370 371 202366.0
370 372 201735.0
370 373 201107.0
370 497 200483.0
370 498 199862.0
370 499 199243.0
370 500 198628.0
370 501 198016.0
370 382 197407.0
370 502 196802.0
370 385 196199.0
370 386 195599.0
370 503 195002.0
370 388 194408.0
370 504 193817.0
370 505 193229.0
370 390 192644.0
370 391 192061.0
370 506 191482.0
370 507 190905.0
370 393 190331.0
370 508 189760.0
370 394 189192.0
370 395 188627.0
370 509 188064.0
370 510 187504.0
370 398 186946.0
370 399 186392.0
370 511 185840.0
370 512 185291.0
370 513 184744.0
370 514 184200.0
370 515 183658.0
370 516 183119.0
370 517 182583.0
370 518 182049.0
370 519 181518.0
370 520 180989.0
370 521 180463.0
370 414 179939.0
370 522 179418.0
370 523 178899.0
370 524 178383.0
370 525 177869.0
370 526 177357.0
370 421 176848.0
370 527 176341.0
370 528 175837.0
370 423 175335.0
370 529 174835.0
370 530 174337.0
370 531 173842.0
370 427 173349.0
370 428 172859.0
370 532 172370.0
370 533 171884.0
370 534 171400.0
370 433 170919.0
370 535 170439.0
370 434 169962.0
370 536 169487.0
370 537 169014.0
370 538 168543.0
370 539 168074.0
370 540 167607.0
370 541 167143.0
370 542 166680.0
370 543 166220.0
370 441 165762.0
370 544 165305.0
370 545 164851.0
370 546 164399.0
370 547 163949.0
370 445 163501.0
370 446 163054.0
370 548 162610.0
370 549 162168.0
370 550 161728.0
370 451 161289.0
370 551 160853.0
370 552 160418.0
370 458 159986.0
370 461 159555.0
370 553 159126.0
370 554 158699.0
370 555 158274.0
370 556 157851.0
370 557 157429.0
370 558 157010.0
370 559 156592.0
370 560 156176.0
370 561 155762.0
370 562 155349.0
370 563 154939.0
370 470 154530.0
370 471 154123.0
370 564 153717.0
370 565 153314.0
370 566 152912.0
370 476 152512.0
370 479 152113.0
370 567 151716.0
370 568 151321.0
370 569 150928.0
370 570 150536.0
370 571 150146.0
370 572 149757.0
370 573 149370.0
370 574 148985.0
370 488 148601.0
370 490 148219.0
370 575 147839.0
370 492 147460.0
370 576 147082.0
370 577 146707.0
370 578 146333.0
371 369 145960.0
371 370 145589.0
371 579 145219.0
371 580 144851.0
371 581 144485.0
371 582 144120.0
371 583 143756.0
371 584 143394.0
371 378 143033.0
371 380 142674.0
371 381 142317.0
371 585 141960.0
371 586 141606.0
371 587 141252.0
371 382 140901.0
371 588 140550.0
371 589 140201.0
371 590 139854.0
371 591 139507.0
371 502 139162.0
371 592 138819.0
371 593 138477.0
371 384 138136.0
371 594 137797.0
371 595 137459.0
371 386 137122.0
371 387 136787.0
371 596 136453.0
371 597 136120.0
371 598 135789.0
371 599 135459.0
371 600 135130.0
371 601 134803.0
371 602 134477.0
371 603 134152.0
371 604 133828.0
371 389 133506.0
371 605 133185.0
371 392 132865.0
371 606 132546.0
371 607 132229.0
371 608 131913.0
371 609 131598.0
371 395 131284.0
371 610 130972.0
371 611 130661.0
371 612 130351.0
371 613 130042.0
371 614 129734.0
371 397 129428.0
371 615 129122.0
371 510 128818.0
371 616 128515.0
371 617 128213.0
371 398 127913.0
371 618 127613.0
371 619 127315.0
371 620 127018.0
371 621 126721.0
371 622 126426.0
371 623 126133.0
371 624 125840.0
371 625 125548.0
371 626 125258.0
371 627 124968.0
371 628 124680.0
371 629 124392.0
371 630 124106.0
371 631 123821.0
371 632 123537.0
371 633 123254.0
371 634 122972.0
371 635 122691.0
371 636 122411.0
371 637 122132.0
371 638 121854.0
371 639 121577.0
371 640 121302.0
371 641 121027.0
371 642 120753.0
371 643 120480.0
371 644 120208.0
371 645 119938.0
371 646 119668.0
371 647 119399.0
371 407 119131.0
371 648 118864.0
371 409 118599.0
371 649 118334.0
371 650 118070.0
371 651 117807.0
371 652 117545.0
371 413 117283.0
371 653 117023.0
371 654 116764.0
371 655 116506.0
371 656 116248.0
371 657 115992.0
371 658 115736.0
371 659 115482.0
371 660 115228.0
371 661 114975.0
371 662 114723.0
371 663 114472.0
371 664 114222.0
371 665 113973.0
371 666 113725.0
371 667 113477.0
371 668 113231.0
371 669 112985.0
371 670 112740.0
371 671 112496.0
371 672 112253.0
371 673 112011.0
371 674 111769.0
371 530 111529.0
371 675 111289.0
371 676 111050.0
371 428 110812.0
371 431 110575.0
371 677 110338.0
371 678 110103.0
371 679 109868.0
371 680 109634.0
371 535 109401.0
371 681 109168.0
371 682 108937.0
371 683 108706.0
371 684 108476.0
371 438 108247.0
371 439 108019.0
371 685 107791.0
371 686 107564.0
371 687 107338.0
371 688 107113.0
371 689 106888.0
371 447 106664.0
371 690 106441.0
371 691 106219.0
371 692 105998.0
371 449 105777.0
371 693 105557.0
371 694 105338.0
371 695 105119.0
371 696 104901.0
371 697 104684.0
371 455 104468.0
371 698 104252.0
371 462 104038.0
371 699 103823.0
371 700 103610.0
371 701 103397.0
371 702 103185.0
371 703 102974.0
371 704 102763.0
371 705 102553.0
371 706 102344.0
371 465 102136.0
371 707 101928.0
371 708 101721.0
371 709 101514.0
371 710 101308.0
371 711 101103.0
371 712 100899.0
371 713 100695.0
371 714 100492.0
371 715 100290.0
371 716 100088.0
371 717 99886.8
371 718 99686.3
371 719 99486.5
371 720 99287.4
371 721 99088.9
371 722 98891.0
371 723 98693.8
371 490 98497.2
371 724 98301.3
371 725 98106.0
371 726 97911.3
371 727 97717.2
371 728 97523.8
371 729 97331.0
371 730 97138.8
371 731 96947.3
371 732 96756.3
371 733 96565.9
371 734 96376.2
579 371 96187.1
579 735 95998.5
579 736 95810.6
579 737 95623.3
579 738 95436.5
579 739 95250.4
579 740 95064.8
579 741 94879.8
579 385 94695.5
579 742 94511.7
579 743 94328.4
579 744 94145.8
579 745 93963.7
579 746 93782.2
579 747 93601.2
579 748 93420.9
579 749 93241.1
579 750 93061.8
579 610 92883.1
579 751 92705.0
579 752 92527.4
579 753 92350.4
579 754 92173.9
579 755 91998.0
579 756 91822.6
579 757 91647.8
579 758 91473.5
579 759 91299.7
579 760 91126.5
579 761 90953.8
579 762 90781.7
579 763 90610.0
579 764 90438.9
579 765 90268.4
579 766 90098.3
579 767 89928.8
579 768 89759.7
579 769 89591.2
579 770 89423.2
579 771 89255.8
579 772 89088.8
579 773 88922.3
579 774 88756.4
579 775 88590.9
579 663 88426.0
579 671 88261.5
579 776 88097.6
579 777 87934.1
579 778 87771.1
579 779 87608.6
579 780 87446.6
579 781 87285.1
579 782 87124.1
579 783 86963.6
579 784 86803.5
579 785 86643.9
579 786 86484.8
579 787 86326.2
579 788 86168.0
579 789 86010.3
579 790 85853.1
579 791 85696.3
579 792 85540.1
579 793 85384.2
579 794 85228.9
579 795 85074.0
579 796 84919.5
579 797 84765.5
579 798 84612.0
579 799 84458.9
579 800 84306.2
579 801 84154.0
579 802 84002.3
579 803 83851.0
579 804 83700.1
579 805 83549.7
579 806 83399.7
579 807 83250.2
579 808 83101.1
579 809 82952.4
579 810 82804.1
579 811 82656.3
579 812 82508.9
579 813 82362.0
579 814 82215.4
579 815 82069.3
579 816 81923.6
579 817 81778.4
579 818 81633.5
579 819 81489.1
579 820 81345.1
579 821 81201.4
579 822 81058.3
579 823 80915.5
579 824 80773.1
579 825 80631.1
579 826 80489.5
579 827 80348.4
579 828 80207.6
579 829 80067.3
579 830 79927.3
579 831 79787.7
579 832 79648.6
579 833 79509.8
579 834 79371.4
579 835 79233.4
579 836 79095.8
579 837 78958.6
579 838 78821.8
579 839 78685.3
579 730 78549.3
579 840 78413.6
579 841 78278.3
579 842 78143.4
579 843 78008.8
579 844 77874.7
579 845 77740.9
579 846 77607.5
579 847 77474.4
579 848 77341.7
579 849 77209.4
372 369 77077.5
372 370 76945.9
372 850 76814.7
372 373 76683.9
372 374 76553.4
372 376 76423.2
372 499 76293.5
372 378 76164.1
372 379 76035.0
372 851 75906.3
372 382 75778.0
372 589 75650.0
372 852 75522.4
372 853 75395.1
372 854 75268.1
372 386 75141.5
372 387 75015.3
372 855 74889.4
372 856 74763.8
372 388 74638.6
372 505 74513.7
372 390 74389.2
372 391 74265.0
372 857 74141.1
372 393 74017.6
372 858 73894.4
372 394 73771.5
372 395 73649.0
372 859 73526.8
372 860 73404.9
372 861 73283.4
372 862 73162.2
372 398 73041.3
372 863 72920.7
372 864 72800.5
372 865 72680.5
372 866 72560.9
372 405 72441.7
372 867 72322.7
372 868 72204.0
372 869 72085.7
372 409 71967.7
372 870 71850.0
372 871 71732.6
372 413 71615.5
372 872 71498.8
372 773 71382.3
372 523 71266.1
372 525 71150.3
372 419 71034.8
372 421 70919.5
372 873 70804.6
372 874 70690.0
372 875 70575.6
372 423 70461.6
372 876 70347.9
372 877 70234.5
372 428 70121.3
372 532 70008.5
372 878 69895.9
372 879 69783.7
372 880 69671.7
372 881 69560.1
372 882 69448.7
372 441 69337.6
372 446 69226.8
372 448 69116.3
372 883 69006.1
372 449 68896.1
372 884 68786.5
372 451 68677.1
372 885 68568.0
372 886 68459.2
372 887 68350.7
372 888 68242.5
372 889 68134.5
372 457 68026.8
372 461 67919.4
372 558 67812.3
372 890 67705.4
372 891 67598.8
372 892 67492.5
372 466 67386.4
372 893 67280.7
372 894 67175.1
372 468 67069.9
372 895 66964.9
372 471 66860.2
372 896 66755.8
372 566 66651.6
372 897 66547.7
372 476 66444.1
372 477 66340.7
372 898 66237.6
372 570 66134.7
372 899 66032.1
372 573 65929.7
372 484 65827.7
372 900 65725.8
372 901 65624.2
372 902 65522.9
372 488 65421.9
372 903 65321.0
372 904 65220.5
372 905 65120.2
372 493 65020.1
372 906 64920.3
372 907 64820.7
6 1 64721.4
6 908 64622.4
6 909 64523.5
6 910 64425.0
6 911 64326.6
6 912 64228.5
6 913 64130.7
6 914 64033.1
6 915 63935.7
6 916 63838.6
6 917 63741.7
6 918 63645.1
6 919 63548.7
6 920 63452.5
6 921 63356.6
6 922 63260.9
6 923 63165.4
6 924 63070.2
6 925 62975.2
6 926 62880.5
6 927 62785.9
353 224 62691.6
928 9 62597.6
928 332 62503.7
928 25 62410.1
928 70 62316.7
928 929 62223.6
928 930 62130.6
928 931 62037.9
928 932 61945.4
928 933 61853.2
928 934 61761.1
928 935 61669.3
928 936 61577.7
928 937 61486.4
928 938 61395.2
928 939 61304.3
928 940 61213.6
928 106 61123.1
928 941 61032.8
928 942 60942.7
928 943 60852.9
928 944 60763.3
928 945 60673.9
928 946 60584.7
928 947 60495.7
928 948 60406.9
928 949 60318.3
928 950 60230.0
928 951 60141.8
928 952 60053.9
928 953 59966.2
928 954 59878.6
928 955 59791.3
928 956 59704.2
928 957 59617.3
928 958 59530.6
928 959 59444.2
928 960 59357.9
928 961 59271.8
928 962 59185.9
928 963 59100.2
928 964 59014.8
928 965 58929.5
928 966 58844.4
928 967 58759.5
928 968 58674.9
928 969 58590.4
928 970 58506.1
928 971 58422.0
928 972 58338.1
928 973 58254.4
928 974 58171.0
928 975 58087.7
928 976 58004.5
928 977 57921.6
928 978 57838.9
928 979 57756.4
928 980 57674.0
928 981 57591.9
928 982 57509.9
928 983 57428.2
928 984 57346.6
928 985 57265.2
928 986 57184.0
928 987 57103.0
928 988 57022.1
928 989 56941.5
928 990 56861.0
928 991 56780.7
928 992 56700.6
928 993 56620.7
928 994 56541.0
928 995 56461.5
928 996 56382.1
928 997 56302.9
928 998 56223.9
928 999 56145.1
928 1000 56066.5
928 1001 55988.0
928 1002 55909.7
928 1003 55831.6
928 1004 55753.7
928 1005 55675.9
928 1006 55598.3
928 1007 55520.9
928 1008 55443.7
928 1009 55366.7
928 1010 55289.8
928 1011 55213.1
928 1012 55136.6
928 1013 55060.2
928 1014 54984.0
928 1015 54908.0
928 1016 54832.1
928 1017 54756.5
928 1018 54681.0
928 1019 54605.6
928 1020 54530.4
928 1021 54455.4
928 1022 54380.6
928 1023 54305.9
928 1024 54231.4
928 1025 54157.1
928 1026 54082.9
928 1027 54008.9
928 1028 53935.1
928 1029 53861.4
928 1030 53787.9
928 1031 53714.6
928 1032 53641.4
928 1033 53568.4
928 1034 53495.5
928 1035 53422.8
928 1036 53350.2
928 1037 53277.9
928 1038 53205.6
928 1039 53133.6
928 1040 53061.7
928 1041 52989.9
928 1042 52918.3
928 1043 52846.9
928 1044 52775.6
928 1045 52704.5
928 1046 52633.5
928 1047 52562.7
928 1048 52492.1
928 1049 52421.6
928 1050 52351.2
928 1051 52281.0
928 1052 52211.0
928 1053 52141.1
928 1054 52071.4
928 1055 52001.8
928 1056 51932.4
928 1057 51863.1
928 1058 51793.9
928 1059 51724.9
928 1060 51656.1
928 1061 51587.4
928 1062 51518.9
928 1063 51450.5
928 1064 51382.3
928 1065 51314.2
928 1066 51246.2
928 1067 51178.4
928 1068 51110.8
928 1069 51043.2
928 1070 50975.9
928 1071 50908.7
928 1072 50841.6
928 1073 50774.6
928 1074 50707.8
928 1075 50641.2
928 1076 50574.7
928 1077 50508.3
928 1078 50442.1
928 1079 50376.0
928 1080 50310.1
928 1081 50244.3
928 1082 50178.6
7 1 50113.1
7 231 50047.7
7 8 49982.5
7 1083 49917.3
7 1084 49852.4
7 1085 49787.5
7 13 49722.8
7 14 49658.3
7 1086 49593.9
7 20 49529.6
7 47 49465.4
7 48 49401.4
7 1087 49337.5
7 1088 49273.8
7 1089 49210.2
7 1090 49146.7
7 1091 49083.3
7 1092 49020.1
1093 19 48957.0
1093 498 48894.1
1093 1094 48831.3
1093 238 48768.6
1093 1095 48706.0
1093 1096 48643.6
1093 1097 48581.3
1093 1098 48519.1
8 1 48457.1
8 7 48395.2
8 1099 48333.4
8 1083 48271.7
8 1084 48210.2
8 1100 48148.8
8 1085 48087.5
8 13 48026.4
8 14 47965.4
8 1101 47904.5
8 1102 47843.7
8 1103 47783.1
8 1086 47722.5
8 20 47662.1
8 43 47601.9
8 47 47541.7
8 48 47481.7
8 238 47421.8
8 1090 47362.0
354 224 47302.4
1099 8 47242.8
1099 1104 47183.4
1099 1105 47124.1
1099 1106 47065.0
1099 1107 47005.9
1099 1108 46947.0
1099 1109 46888.2
1083 7 46829.5
1083 8 46770.9
1083 233 46712.5
1083 13 46654.1
1083 14 46595.9
1083 43 46537.8
1083 47 46479.9
1083 48 46422.0
1083 1110 46364.3
1083 236 46306.6
1083 237 46249.1
1083 1111 46191.7
1083 1112 46134.5
1083 239 46077.3
1083 1113 46020.2
1083 1114 45963.3
1083 242 45906.5
1083 1115 45849.8
1083 1116 45793.2
1083 1117 45736.7
1083 1118 45680.3
1083 1119 45624.1
1083 1120 45568.0
9 1 45511.9
9 928 45456.0
9 25 45400.2
9 1121 45344.5
9 1122 45288.9
9 1123 45233.5
9 1124 45178.1
9 1125 45122.8
9 1126 45067.7
9 1127 45012.7
9 1128 44957.8
9 1129 44902.9
9 1130 44848.2
9 1131 44793.6
9 1132 44739.1
9 1133 44684.8
9 1134 44630.5
9 1135 44576.3
9 1136 44522.3
9 1137 44468.3
9 971 44414.5
9 1138 44360.7
9 1139 44307.1
9 1140 44253.5
9 1141 44200.1
9 1142 44146.8
9 1143 44093.6
9 1144 44040.5
9 1145 43987.5
9 1146 43934.6
9 1147 43881.8
9 1148 43829.1
9 1149 43776.5
9 1005 43724.0
9 1150 43671.6
9 1151 43619.3
9 1152 43567.1
9 1009 43515.0
9 1153 43463.0
9 1154 43411.1
9 1155 43359.4
9 1156 43307.7
9 1157 43256.1
9 1158 43204.6
9 1159 43153.2
9 1160 43101.9
9 1161 43050.8
9 1162 42999.7
9 1163 42948.7
9 1164 42897.8
9 1165 42847.0
9 1166 42796.3
9 1167 42745.7
9 1168 42695.2
9 1169 42644.8
9 1170 42594.5
9 1171 42544.3
9 1172 42494.2
9 1173 42444.1
9 1174 42394.2
9 1175 42344.4
9 1176 42294.7
9 1177 42245.0
9 1178 42195.5
9 1052 42146.0
9 1179 42096.7
9 1180 42047.4
9 1181 41998.2
9 1182 41949.2
9 1183 41900.2
9 1184 41851.3
9 1185 41802.5
9 1186 41753.8
9 1187 41705.2
9 1188 41656.7
9 1189 41608.2
9 1190 41559.9
9 1191 41511.7
10 1 41463.5
10 29 41415.4
10 1192 41367.5
10 36 41319.6
10 1193 41271.8
10 1194 41224.1
10 51 41176.5
10 54 41129.0
10 1195 41081.5
10 1196 41034.2
10 1197 40986.9
10 69 40939.8
10 1198 40892.7
10 77 40845.7
10 1199 40798.8
10 1200 40752.0
10 87 40705.2
10 89 40658.6
10 91 40612.0
10 1201 40565.6
10 101 40519.2
10 106 40472.9
10 1202 40426.7
10 1203 40380.5
10 1204 40334.5
10 1205 40288.5
10 1206 40242.7
10 1207 40196.9
10 1208 40151.2
10 120 40105.6
10 1209 40060.0
10 1210 40014.6
10 1211 39969.2
10 1212 39923.9
10 1213 39878.7
10 1214 39833.6
10 1215 39788.6
10 1216 39743.6
10 1217 39698.8
10 1218 39654.0
10 1219 39609.3
10 1220 39564.7
10 1221 39520.1
10 1222 39475.7
10 1223 39431.3
10 1224 39387.0
10 197 39342.8
10 1225 39298.7
10 1226 39254.6
10 1227 39210.6
10 199 39166.7
10 1228 39122.9
10 1229 39079.2
10 1230 39035.5
10 1231 38992.0
10 1232 38948.5
10 1233 38905.0
11 1 38861.7
11 2 38818.4
11 1234 38775.3
11 1235 38732.2
12 1 38689.1
12 1236 38646.2
12 1237 38603.3
12 1238 38560.5
12 1239 38517.8
12 1240 38475.2
12 1241 38432.6
12 1242 38390.1
12 1243 38347.7
12 1244 38305.4
12 1245 38263.1
12 1246 38220.9
12 1247 38178.8
232 231 38136.8
232 233 38094.8
232 1248 38052.9
232 243 38011.1
232 1249 37969.4
232 1250 37927.7
233 231 37886.1
233 1083 37844.6
233 232 37803.2
233 1251 37761.8
233 235 37720.5
233 1252 37679.3
233 1253 37638.2
233 1254 37597.1
233 1255 37556.1
1084 7 37515.2
1084 8 37474.3
1084 1256 37433.6
1084 1257 37392.9
1084 1258 37352.2
1084 1259 37311.7
1084 236 37271.2
1084 1260 37230.7
1084 1261 37190.4
1084 1262 37150.1
1256 1084 37109.9
1256 1263 37069.8
1257 1084 37029.7
1257 1264 36989.7
1265 20 36949.8
1265 35 36909.9
1265 1266 36870.1
1265 38 36830.4
1265 41 36790.8
1265 1267 36751.2
1265 1268 36711.7
1265 1269 36672.2
1265 1270 36632.9
1265 70 36593.6
1265 1271 36554.3
1265 77 36515.2
1265 1272 36476.1
1265 106 36437.0
1265 1273 36398.1
1265 1274 36359.2
1265 1275 36320.3
1265 1276 36281.6
1265 1277 36242.9
1265 1278 36204.3
1265 1279 36165.7
1265 1280 36127.2
1265 1281 36088.8
1265 1282 36050.4
1265 1283 36012.1
1265 1284 35973.9
1265 1285 35935.8
1265 1286 35897.7
1265 1287 35859.6
1265 1288 35821.7
1265 1289 35783.8
1265 1290 35745.9
1265 1291 35708.2
1265 1292 35670.5
1265 1293 35632.8
1265 1294 35595.2
1265 1295 35557.7
1265 1296 35520.3
1265 1297 35482.9
1251 233 35445.6
1251 1298 35408.3
1251 1299 35371.1
1251 1300 35334.0
1251 1301 35296.9
1251 1302 35259.9
1251 1303 35223.0
1251 1304 35186.1
1251 1305 35149.3
1251 1306 35112.6
1251 1307 35075.9
1251 1308 35039.3
1251 1309 35002.7
1251 1310 34966.2
1251 1311 34929.7
1312 1313 34893.4
1312 1314 34857.1
1312 1315 34820.8
1312 1316 34784.6
1312 1317 34748.5
1312 1318 34712.4
1312 1274 34676.4
1312 1319 34640.4
1312 1320 34604.6
1312 1321 34568.7
1312 1322 34533.0
1312 1323 34497.2
1312 1324 34461.6
1312 1325 34426.0
1312 1326 34390.5
1312 1327 34355.0
1312 1328 34319.6
1312 1329 34284.2
1312 1330 34248.9
1312 1331 34213.7
1312 1332 34178.5
1312 1333 34143.4
1312 1334 34108.4
1312 1335 34073.4
1312 1336 34038.4
1312 1337 34003.5
1312 1338 33968.7
1312 1339 33934.0
1312 1340 33899.2
1312 1291 33864.6
1312 1341 33830.0
1312 1342 33795.5
1100 8 33761.0
1100 1343 33726.6
1100 1344 33692.2
1100 1345 33657.9
1100 1346 33623.6
1100 1347 33589.5
1100 1348 33555.3
1100 1349 33521.2
1100 1350 33487.2
1100 1351 33453.2
1100 1352 33419.3
1100 1353 33385.5
1085 7 33351.7
1085 8 33317.9
1085 13 33284.2
1085 14 33250.6
1085 47 33217.0
1085 48 33183.5
1085 236 33150.0
1085 237 33116.6
1085 1354 33083.2
1085 1113 33049.9
1085 1114 33016.7
1085 242 32983.5
13 1 32950.3
13 231 32917.3
13 7 32884.2
13 8 32851.2
13 1083 32818.3
13 1085 32785.4
13 14 32752.6
13 1355 32719.9
13 1356 32687.1
13 1357 32654.5
13 1101 32621.9
13 1358 32589.3
13 1359 32556.8
13 1360 32524.4
13 1361 32492.0
13 20 32459.6
13 1362 32427.3
13 1363 32395.1
14 1 32362.9
14 231 32330.8
14 7 32298.7
14 8 32266.7
14 1083 32234.7
14 1085 32202.7
14 13 32170.9
14 1355 32139.0
14 1356 32107.3
14 1357 32075.5
14 1101 32043.9
14 1358 32012.2
14 1359 31980.7
14 1360 31949.1
14 1361 31917.7
14 908 31886.3
14 1364 31854.9
14 20 31823.6
14 1365 31792.3
14 1366 31761.1
14 1367 31729.9
14 911 31698.8
14 1368 31667.7
14 1354 31636.7
14 1369 31605.7
14 1363 31574.8
14 1370 31543.9
1355 13 31513.1
1355 14 31482.3
1355 1356 31451.6
1355 1101 31420.9
1355 1371 31390.3
1355 1372 31359.7
1355 1373 31329.2
1355 1358 31298.7
1355 1359 31268.2
1355 1374 31237.9
1355 1360 31207.5
1355 1375 31177.2
1355 1376 31147.0
1355 1377 31116.8
1355 1378 31086.6
1356 13 31056.5
1356 14 31026.5
1356 1355 30996.5
1356 1101 30966.5
1356 1379 30936.6
1356 1359 30906.7
1356 1380 30876.9
1356 1381 30847.1
1356 1382 30817.4
1356 1383 30787.7
1356 1384 30758.1
1356 1385 30728.5
1357 13 30699.0
1357 14 30669.5
1101 8 30640.0
1101 13 30610.6
1101 14 30581.2
1101 1355 30551.9
1101 1356 30522.7
1101 1371 30493.5
1101 1372 30464.3
1101 1102 30435.1
1101 1373 30406.1
1101 1358 30377.0
1101 1359 30348.0
1101 1374 30319.1
1101 1386 30290.2
1101 1360 30261.3
1101 1375 30232.5
1101 1376 30203.7
1101 1103 30175.0
1101 1387 30146.3
1101 1388 30117.7
1101 1389 30089.1
1101 1390 30060.5
1101 1391 30032.0
1101 1377 30003.6
1101 1392 29975.2
1101 1393 29946.8
1101 1394 29918.5
1101 1395 29890.2
1101 1396 29861.9
1101 1397 29833.7
1101 1398 29805.6
1101 1399 29777.5
1101 1400 29749.4
1101 1401 29721.4
1101 1402 29693.4
1101 1403 29665.4
1101 1404 29637.5
1101 1405 29609.7
1101 1406 29581.9
1371 1355 29554.1
1371 1101 29526.4
1371 1372 29498.7
1371 1375 29471.0
1371 1407 29443.4
1371 1408 29415.9
1371 1409 29388.3
1371 1410 29360.9
1371 1411 29333.4
1371 1412 29306.0
1371 1413 29278.7
1371 1414 29251.4
1371 1415 29224.1
1371 1416 29196.9
1371 1417 29169.7
1371 1418 29142.5
1371 1419 29115.4
1371 1420 29088.4
1371 1421 29061.4
1371 1422 29034.4
1371 1423 29007.4
1371 1424 28980.5
1371 1425 28953.7
1371 1426 28926.9
1371 1427 28900.1
1371 1428 28873.3
1371 1429 28846.6
1371 1430 28820.0
1371 1431 28793.4
1372 1355 28766.8
1372 1101 28740.2
1372 1371 28713.7
1372 1102 28687.3
1372 1373 28660.9
1372 1374 28634.5
1372 1386 28608.1
1372 1375 28581.8
1372 1376 28555.6
1372 1377 28529.3
1372 1393 28503.2
1102 8 28477.0
1102 1101 28450.9
1102 1372 28424.8
1102 1374 28398.8
1102 1376 28372.8
1102 1103 28346.9
1102 1387 28321.0
1102 1388 28295.1
1102 1391 28269.3
1102 1377 28243.5
1102 1393 28217.7
1102 1398 28192.0
1102 1399 28166.3
1102 1402 28140.6
1102 1432 28115.0
1102 1433 28089.5
1102 1434 28063.9
1102 1435 28038.4
1102 1436 28013.0
1102 1437 27987.6
1102 1438 27962.2
1102 1439 27936.8
1102 1440 27911.5
1102 1441 27886.3
1102 1404 27861.0
1102 1442 27835.8
1102 1443 27810.7
1102 1405 27785.6
1102 1444 27760.5
1379 1356 27735.4
1373 1355 27710.4
1373 1101 27685.4
1373 1372 27660.5
1373 1359 27635.6
1358 13 27610.7
1358 14 27585.9
1358 1355 27561.1
1358 1101 27536.4
1358 1360 27511.6
1359 13 27487.0
1359 14 27462.3
1359 1355 27437.7
1359 1356 27413.1
1359 1101 27388.6
1359 1373 27364.1
1359 1360 27339.6
1374 1355 27315.2
1374 1101 27290.8
1374 1372 27266.4
1374 1102 27242.1
1374 1103 27217.8
1374 1388 27193.5
1374 1389 27169.3
1374 1445 27145.1
234 231 27121.0
234 1446 27096.9
1386 1101 27072.8
1386 1372 27048.7
1386 1447 27024.7
1360 13 27000.7
1360 14 26976.8
1360 1355 26952.9
1360 1101 26929.0
1360 1358 26905.2
1360 1359 26881.4
1361 13 26857.6
1361 14 26833.9
1361 1448 26810.2
1361 1449 26786.5
1361 1450 26762.9
1361 1451 26739.3
1361 1452 26715.7
1361 1453 26692.1
1361 1454 26668.6
1361 1455 26645.2
1361 1456 26621.7
1361 1457 26598.3
1361 1458 26575.0
1361 1459 26551.6
1361 1460 26528.3
1361 1461 26505.1
1448 1361 26481.8
1449 1361 26458.6
1450 1361 26435.5
1450 1462 26412.3
1450 1463 26389.2
1450 1464 26366.2
1450 1465 26343.1
1375 1355 26320.1
1375 1101 26297.2
1375 1371 26274.2
1375 1372 26251.3
1375 1466 26228.4
1375 1467 26205.6
1375 1468 26182.8
1375 1469 26160.0
1375 1470 26137.3
1375 1376 26114.6
1375 1471 26091.9
1375 1472 26069.2
1375 1473 26046.6
1375 1474 26024.0
1375 1475 26001.5
1375 1476 25979.0
1375 1477 25956.5
1375 1478 25934.0
1375 1479 25911.6
1375 1480 25889.2
1375 1481 25866.8
1375 1482 25844.5
1375 1483 25822.2
1375 1484 25799.9
1375 1485 25777.7
1375 1486 25755.5
1375 1487 25733.3
1375 1488 25711.2
1375 1489 25689.1
1375 1490 25667.0
1375 1491 25644.9
1375 1492 25622.9
1375 1493 25600.9
1375 1494 25579.0
1375 1495 25557.0
1375 1496 25535.1
1375 1497 25513.3
1375 1498 25491.4
1375 1499 25469.6
1375 1500 25447.8
1375 1501 25426.1
1375 1502 25404.4
1375 1503 25382.7
1375 1504 25361.0
1375 1505 25339.4
1375 1506 25317.8
1375 1507 25296.2
1375 1508 25274.7
1375 1509 25253.2
1375 1510 25231.7
1375 1511 25210.3
1375 1512 25188.9
1375 1513 25167.5
1375 1514 25146.1
1375 1515 25124.8
1451 1361 25103.5
1452 1361 25082.2
15 1 25061.0
15 1516 25039.8
15 1517 25018.6
15 1518 24997.4
15 1519 24976.3
15 1520 24955.2
15 1521 24934.1
15 1522 24913.1
15 1523 24892.1
15 1524 24871.1
15 1525 24850.1
15 1526 24829.2
908 6 24808.3
908 14 24787.5
908 1527 24766.6
908 1528 24745.8
908 332 24725.0
908 1086 24704.3
908 20 24683.6
908 1529 24662.9
908 1530 24642.2
908 1531 24621.6
908 1532 24600.9
908 1533 24580.4
908 1534 24559.8
908 1535 24539.3
908 1536 24518.8
908 1537 24498.3
908 1538 24477.9
908 911 24457.4
908 1539 24437.1
908 1540 24416.7
908 912 24396.4
908 1541 24376.1
908 1542 24355.8
908 1543 24335.5
908 1544 24315.3
908 1545 24295.1
908 1546 24274.9
908 1547 24254.8
908 1548 24234.7
908 1549 24214.6
908 1550 24194.5
908 1551 24174.5
908 1552 24154.5
908 1553 24134.5
908 1554 24114.6
908 1555 24094.6
908 1556 24074.7
1453 1361 24054.9
1453 1557 24035.0
1453 1460 24015.2
1466 1375 23995.4
1466 1558 23975.6
1466 1559 23955.9
1466 1560 23936.2
1466 1561 23916.5
1466 1562 23896.8
1466 1563 23877.2
1466 1564 23857.6
1467 1375 23838.0
1468 1375 23818.5
1468 1565 23798.9
1468 1566 23779.4
1468 1567 23759.9
1468 1568 23740.5
1468 1569 23721.1
1468 1570 23701.7
1468 1571 23682.3
1468 1572 23662.9
1468 1573 23643.6
1468 1574 23624.3
1468 1575 23605.0
1468 1576 23585.8
1468 1577 23566.6
1468 1578 23547.4
1468 1579 23528.2
1469 1375 23509.1
1470 1375 23489.9
1376 1355 23470.8
1376 1101 23451.8
1376 1372 23432.7
1376 1102 23413.7
1376 1375 23394.7
1376 1387 23375.7
1376 1388 23356.8
1376 1389 23337.9
1376 1377 23319.0
1376 1580 23300.1
1376 1581 23281.3
1376 1582 23262.5
1376 1395 23243.7
1376 1396 23224.9
1376 1583 23206.1
1376 1445 23187.4
1376 1584 23168.7
1376 1397 23150.1
1376 1399 23131.4
1376 1400 23112.8
1376 1585 23094.2
1376 1586 23075.6
1376 1432 23057.1
1376 1439 23038.5
1376 1587 23020.0
1376 1588 23001.6
1376 1589 22983.1
1471 1375 22964.7
1471 1490 22946.3
1471 1496 22927.9
1590 1591 22909.5
1590 1592 22891.2
1590 1593 22872.9
1590 1594 22854.6
1590 1595 22836.3
1590 1596 22818.1
1590 1597 22799.9
1590 1598 22781.7
1590 1599 22763.5
1590 1600 22745.4
1590 1601 22727.3
1590 1602 22709.2
1590 1603 22691.1
1590 1604 22673.0
1590 1605 22655.0
1590 1606 22637.0
1590 1607 22619.0
1590 1608 22601.1
1590 1609 22583.1
1590 1610 22565.2
1590 1611 22547.3
1590 1612 22529.5
1590 1613 22511.6
1590 1614 22493.8
1590 1615 22476.0
1590 1616 22458.2
1590 1617 22440.5
1590 1618 22422.7
1590 1619 22405.0
1590 1620 22387.4
1590 1621 22369.7
1590 1622 22352.1
1590 1623 22334.4
1590 1624 22316.9
1590 1625 22299.3
1590 1626 22281.7
1590 1627 22264.2
1590 1628 22246.7
1590 1629 22229.2
1590 1630 22211.8
1590 1631 22194.3
1590 1632 22176.9
1590 1633 22159.5
1590 1634 22142.2
1590 1635 22124.8
1590 1636 22107.5
1590 1637 22090.2
1590 1638 22072.9
1590 1639 22055.7
1590 1640 22038.4
1590 1641 22021.2
1590 1642 22004.0
1527 908 21986.8
1527 1528 21969.7
1527 1643 21952.6
1527 20 21935.5
1527 1529 21918.4
1527 1535 21901.3
1527 911 21884.3
1527 1555 21867.2
1472 1375 21850.2
1472 1473 21833.3
1472 1644 21816.3
1472 1645 21799.4
1472 1646 21782.5
1472 1476 21765.6
1472 1486 21748.7
1472 1647 21731.9
1472 1491 21715.0
1472 1648 21698.2
1472 1501 21681.4
1472 1649 21664.7
1472 1650 21647.9
1473 1375 21631.2
1473 1472 21614.5
1473 1476 21597.8
1473 1477 21581.2
1473 1651 21564.5
1473 1486 21547.9
1473 1652 21531.3
1473 1653 21514.7
1473 1654 21498.2
1644 1472 21481.6
1655 1656 21465.1
1655 1657 21448.6
1655 1658 21432.2
1655 1659 21415.7
1655 1660 21399.3
1655 1661 21382.9
1655 1662 21366.5
1655 1663 21350.1
1655 1664 21333.8
1655 1665 21317.4
1655 1666 21301.1
1655 1667 21284.8
1655 1668 21268.6
1655 1669 21252.3
1655 1670 21236.1
1655 1671 21219.9
1655 1513 21203.7
1655 1672 21187.5
1655 1673 21171.4
1655 1674 21155.2
1655 1675 21139.1
1655 1676 21123.0
1655 1677 21107.0
1655 1678 21090.9
1655 1679 21074.9
1655 1680 21058.9
1655 1681 21042.9
1655 1682 21026.9
1655 1683 21011.0
1655 1684 20995.1
1655 1685 20979.1
1655 1686 20963.3
1655 1687 20947.4
1655 1688 20931.5
1655 1689 20915.7
1655 1690 20899.9
1655 1691 20884.1
1655 1692 20868.3
1655 1693 20852.6
1655 1694 20836.8
1655 1695 20821.1
1655 1696 20805.4
1655 1697 20789.7
1655 1698 20774.1
1655 1699 20758.4
1655 1700 20742.8
1655 1701 20727.2
1655 1702 20711.6
1655 1703 20696.1
1655 1704 20680.5
1655 1705 20665.0
1655 1706 20649.5
1655 1707 20634.0
1655 1708 20618.5
1655 1709 20603.1
1655 1710 20587.7
1655 1711 20572.2
1655 1712 20556.8
1655 1713 20541.5
1655 1714 20526.1
1655 1715 20510.8
1407 1371 20495.5
1407 1716 20480.2
1407 1408 20464.9
1407 1717 20449.6
1407 1411 20434.4
1407 1718 20419.1
1407 1719 20403.9
1407 1720 20388.8
1407 1721 20373.6
1407 1722 20358.4
1407 1723 20343.3
1407 1724 20328.2
1407 1725 20313.1
1407 1726 20298.0
1407 1727 20282.9
1407 1728 20267.9
1407 1729 20252.9
1407 1730 20237.9
1407 1731 20222.9
1407 1732 20207.9
1407 1733 20193.0
1407 1734 20178.0
1407 1735 20163.1
1407 1736 20148.2
1407 1737 20133.3
1407 1738 20118.5
1407 1739 20103.6
1407 1740 20088.8
1407 1741 20074.0
1407 1742 20059.2
1407 1743 20044.4
1407 1744 20029.6
1407 1745 20014.9
1407 1746 20000.2
1407 1747 19985.5
1407 1748 19970.8
1407 1749 19956.1
1407 1750 19941.5
1407 1751 19926.8
1407 1752 19912.2
1407 1753 19897.6
1407 1754 19883.0
1407 1755 19868.5
1407 1756 19853.9
1407 1757 19839.4
1407 1758 19824.9
1407 1759 19810.4
1407 1760 19795.9
1407 1761 19781.5
1407 1762 19767.0
1407 1763 19752.6
1407 1764 19738.2
1407 1765 19723.8
1407 1766 19709.4
1407 1767 19695.1
1407 1417 19680.7
1407 1768 19666.4
1407 1769 19652.1
1407 1770 19637.8
1407 1771 19623.5
1407 1772 19609.3
1407 1773 19595.0
1407 1774 19580.8
1407 1775 19566.6
1407 1776 19552.4
1407 1777 19538.2
1407 1778 19524.1
1407 1779 19509.9
1407 1780 19495.8
1407 1781 19481.7
1407 1782 19467.6
1407 1783 19453.5
1407 1784 19439.5
1407 1785 19425.4
1407 1786 19411.4
1407 1787 19397.4
1407 1788 19383.4
1407 1789 19369.4
1407 1790 19355.5
1407 1791 19341.5
1407 1792 19327.6
1407 1793 19313.7
1407 1794 19299.8
1407 1795 19285.9
1407 1796 19272.1
1407 1797 19258.2
1407 1798 19244.4
1407 1799 19230.6
1407 1800 19216.8
1407 1801 19203.0
1407 1802 19189.3
1407 1803 19175.5
1407 1804 19161.8
1407 1805 19148.1
1407 1806 19134.4
1407 1807 19120.7
1407 1808 19107.0
1407 1809 19093.4
1407 1810 19079.7
1407 1811 19066.1
1407 1812 19052.5
1528 908 19038.9
1528 1527 19025.3
1528 1643 19011.8
1528 1529 18998.2
1528 1534 18984.7
1591 1590 18971.2
1591 1592 18957.7
1591 1813 18944.2
1591 1593 18930.8
1591 1814 18917.3
1591 1594 18903.9
1591 1815 18890.5
1591 1596 18877.1
1591 1597 18863.7
1591 1599 18850.3
1591 1600 18836.9
1591 1601 18823.6
1591 1603 18810.3
1591 1816 18797.0
1591 1605 18783.7
1591 1817 18770.4
1591 1611 18757.1
1591 1614 18743.9
1591 1818 18730.7
1591 1819 18717.4
1591 1820 18704.2
1591 1821 18691.0
1591 1618 18677.9
1591 1822 18664.7
1591 1823 18651.6
1591 1824 18638.4
1591 1825 18625.3
1591 1826 18612.2
1591 1622 18599.2
1591 1623 18586.1
1591 1625 18573.0
1591 1626 18560.0
1591 1827 18547.0
1591 1828 18534.0
1591 1829 18521.0
1591 1630 18508.0
1591 1830 18495.0
1591 1831 18482.1
1591 1632 18469.2
1591 1633 18456.2
1591 1634 18443.3
1591 1832 18430.4
1591 1636 18417.6
1591 1833 18404.7
1591 1637 18391.9
1591 1639 18379.0
1591 1834 18366.2
1591 1640 18353.4
1591 1835 18340.6
1645 1472 18327.8
1364 14 18315.1
1643 1527 18302.3
1643 1528 18289.6
1643 20 18276.9
1643 1529 18264.2
1643 1836 18251.5
1643 1837 18238.8
1643 1838 18226.2
1643 1839 18213.5
1643 911 18200.9
1643 1840 18188.3
1643 1841 18175.7
1103 8 18163.1
1103 1101 18150.5
1103 1102 18138.0
1103 1374 18125.4
1103 1387 18112.9
1103 1391 18100.4
1103 1377 18087.9
1103 1842 18075.4
1103 1843 18062.9
1103 1844 18050.4
1103 1845 18038.0
1103 1846 18025.6
1387 1101 18013.1
1387 1102 18000.7
1387 1376 17988.3
1387 1103 17976.0
1387 1391 17963.6
1387 1393 17951.2
1847 1848 17938.9
1847 1849 17926.6
1847 1850 17914.3
1847 1851 17902.0
1847 1852 17889.7
1847 1853 17877.4
1847 1854 17865.2
1847 1855 17852.9
1847 117 17840.7
1847 1856 17828.5
1847 1857 17816.3
1847 1858 17804.1
1847 1859 17791.9
1847 1860 17779.8
1847 1861 17767.6
1847 1862 17755.5
1847 1863 17743.4
1847 1864 17731.3
1847 1865 17719.2
1847 1866 17707.1
1847 1867 17695.1
1847 1868 17683.0
1847 1869 17671.0
1847 1870 17658.9
1847 1871 17646.9
1847 1872 17634.9
1847 1873 17622.9
1847 1874 17611.0
1847 1875 17599.0
1847 1876 17587.1
1847 145 17575.1
1847 1877 17563.2
1847 1878 17551.3
1847 1879 17539.4
1847 1880 17527.5
1847 1881 17515.7
1847 1882 17503.8
1847 1883 17492.0
1847 1884 17480.2
1847 1885 17468.3
1847 1886 17456.5
1847 1887 17444.8
1847 1888 17433.0
1847 1889 17421.2
1847 1890 17409.5
1847 1891 17397.7
1847 1892 17386.0
1847 1893 17374.3
1847 1894 17362.6
1895 1851 17350.9
1895 1896 17339.2
1895 1897 17327.6
1895 1898 17315.9
1895 1855 17304.3
1895 117 17292.7
1895 1861 17281.1
1895 1899 17269.5
1895 1900 17257.9
1895 1901 17246.3
1895 1902 17234.8
1895 1865 17223.2
1895 1903 17211.7
1895 1904 17200.2
1895 1905 17188.6
1895 1871 17177.1
1895 1873 17165.7
1895 1874 17154.2
1895 1906 17142.7
1895 1907 17131.3
1895 1908 17119.9
1895 1909 17108.4
1895 1910 17097.0
1895 1911 17085.6
1895 1912 17074.2
1895 1913 17062.9
1895 1887 17051.5
1895 1914 17040.2
1895 1915 17028.8
1895 1916 17017.5
1895 1917 17006.2
1895 1918 16994.9
1895 1919 16983.6
1895 1920 16972.3
1895 1921 16961.1
1895 1922 16949.8
1388 1101 16938.6
1388 1102 16927.4
1388 1374 16916.1
1388 1376 16904.9
1388 1390 16893.8
1388 1923 16882.6
1388 1377 16871.4
1388 1393 16860.3
1388 1399 16849.1
1388 1924 16838.0
1389 1101 16826.9
1389 1374 16815.8
1389 1376 16804.7
1389 1925 16793.6
1389 1926 16782.5
1389 1927 16771.5
1389 1928 16760.4
1389 1929 16749.4
16 1 16738.4
1656 1655 16727.4
1656 1930 16716.4
1656 1931 16705.4
1656 1932 16694.4
1656 1933 16683.4
1656 1934 16672.5
1656 1935 16661.5
1656 1936 16650.6
1656 1937 16639.7
1656 1938 16628.8
1656 1939 16617.9
1656 1940 16607.0
1656 1941 16596.1
1390 1101 16585.3
1390 1388 16574.4
1390 1923 16563.6
1390 1942 16552.8
1390 1943 16542.0
1390 1924 16531.2
1923 1388 16520.4
1923 1390 16509.6
1923 1944 16498.8
1923 1945 16488.1
1942 1390 16477.3
1943 1390 16466.6
1925 1389 16455.9
1925 1926 16445.2
1925 1929 16434.5
1926 1389 16423.8
1926 1925 16413.1
1926 1946 16402.4
1946 1926 16391.8
329 5 16381.1
329 1121 16370.5
329 36 16359.9
329 1848 16349.3
329 1947 16338.7
329 1948 16328.1
329 106 16317.5
329 1949 16306.9
329 1950 16296.4
329 1951 16285.8
329 1952 16275.3
329 1953 16264.8
329 1954 16254.3
329 1955 16243.8
329 1956 16233.3
329 1957 16222.8
329 1958 16212.4
329 1959 16201.9
329 1960 16191.5
329 1961 16181.0
329 1962 16170.6
329 1963 16160.2
329 1964 16149.8
330 5 16139.4
330 1965 16129.0
330 332 16118.7
330 333 16108.3
330 1966 16098.0
330 28 16087.6
330 1967 16077.3
330 86 16067.0
330 90 16056.7
330 1968 16046.4
330 1969 16036.1
330 1112 16025.8
330 1970 16015.6
330 1971 16005.3
330 1972 15995.1
330 1973 15984.9
330 1974 15974.7
330 1975 15964.5
330 1550 15954.3
330 1976 15944.1
330 1977 15933.9
330 1978 15923.7
330 1979 15913.6
330 1980 15903.4
331 5 15893.3
331 333 15883.2
331 86 15873.1
331 1981 15863.0
331 1982 15852.9
331 1983 15842.8
1965 330 15832.7
1965 1984 15822.7
1965 1985 15812.6
1965 1986 15802.6
1965 1987 15792.6
332 5 15782.5
332 928 15772.5
332 908 15762.5
332 330 15752.5
332 333 15742.6
332 70 15732.6
332 90 15722.6
332 1988 15712.7
332 1971 15702.8
332 1975 15692.8
332 1549 15682.9
332 1550 15673.0
332 1989 15663.1
332 1990 15653.2
332 1991 15643.4
333 5 15633.5
333 330 15623.6
333 331 15613.8
333 332 15604.0
333 1966 15594.1
333 1992 15584.3
333 1993 15574.5
333 1192 15564.7
333 36 15554.9
333 54 15545.2
333 1848 15535.4
333 1196 15525.7
333 69 15515.9
333 70 15506.2
333 1994 15496.4
333 1995 15486.7
333 1996 15477.0
333 86 15467.3
333 1997 15457.6
333 90 15448.0
333 344 15438.3
333 1998 15428.7
333 1999 15419.0
333 2000 15409.4
333 2001 15399.7
333 2002 15390.1
333 2003 15380.5
333 2004 15370.9
333 2005 15361.3
333 2006 15351.8
333 2007 15342.2
333 2008 15332.6
333 2009 15323.1
333 2010 15313.6
333 962 15304.0
333 2011 15294.5
333 2012 15285.0
333 136 15275.5
333 2013 15266.0
333 2014 15256.5
333 141 15247.0
333 2015 15237.6
333 2016 15228.1
333 2017 15218.7
333 173 15209.3
333 2018 15199.8
333 1978 15190.4
333 2019 15181.0
333 1979 15171.6
333 2020 15162.2
333 2021 15152.9
333 2022 15143.5
333 2023 15134.1
333 2024 15124.8
333 2025 15115.4
333 2026 15106.1
333 2027 15096.8
334 5 15087.5
334 2028 15078.2
335 5 15068.9
335 2029 15059.6
335 2030 15050.3
335 2031 15041.1
1966 330 15031.8
1966 333 15022.6
1966 2032 15013.3
1966 90 15004.1
1966 2033 14994.9
1966 2034 14985.7
1966 2035 14976.5
1966 2036 14967.3
1966 2037 14958.1
1966 1155 14948.9
1966 2038 14939.8
1966 2039 14930.6
1966 2040 14921.5
1966 2041 14912.3
1966 2042 14903.2
1966 2043 14894.1
1966 2044 14885.0
1966 2045 14875.9
17 1 14866.8
17 2046 14857.7
17 2047 14848.6
17 2048 14839.6
17 1992 14830.5
17 26 14821.5
17 2049 14812.4
17 2050 14803.4
17 2051 14794.4
17 2052 14785.4
17 2053 14776.4
17 2054 14767.4
17 2055 14758.4
17 2056 14749.4
17 2057 14740.5
17 2058 14731.5
18 1 14722.6
18 5 14713.6
18 2059 14704.7
18 2060 14695.8
18 2061 14686.9
18 2062 14678.0
18 2063 14669.1
18 2064 14660.2
18 86 14651.3
18 2065 14642.4
18 2066 14633.6
18 2067 14624.7
18 2068 14615.9
18 2069 14607.1
18 2070 14598.2
2059 18 14589.4
2059 2062 14580.6
2059 2071 14571.8
2059 2066 14563.0
2059 2072 14554.2
2059 2073 14545.5
2059 2067 14536.7
2059 2074 14527.9
2059 2075 14519.2
2059 2076 14510.5
2059 2077 14501.7
2046 17 14493.0
2046 1992 14484.3
2046 2050 14475.6
2046 2053 14466.9
2046 2057 14458.2
1391 1101 14449.5
1391 1102 14440.8
1391 1103 14432.2
1391 1387 14423.5
1391 1842 14414.9
1391 2078 14406.2
1391 2079 14397.6
1391 2080 14389.0
1391 2081 14380.4
1391 2082 14371.8
1391 2083 14363.2
1391 2084 14354.6
1391 2085 14346.0
336 5 14337.5
336 337 14328.9
336 2086 14320.3
336 2087 14311.8
336 2088 14303.3
336 2089 14294.7
336 2090 14286.2
336 2091 14277.7
336 2092 14269.2
336 2093 14260.7
336 2094 14252.2
336 2095 14243.7
336 2096 14235.3
336 2097 14226.8
336 2098 14218.3
336 2099 14209.9
336 2100 14201.5
336 2101 14193.0
336 2102 14184.6
336 2103 14176.2
336 2104 14167.8
336 2105 14159.4
336 2106 14151.0
336 2107 14142.6
336 2108 14134.2
336 2109 14125.9
336 2110 14117.5
336 2111 14109.2
336 2112 14100.8
337 5 14092.5
337 336 14084.2
337 2113 14075.8
337 2114 14067.5
337 2115 14059.2
337 2116 14050.9
337 2117 14042.7
337 2118 14034.4
337 2119 14026.1
337 2120 14017.8
19 1 14009.6
19 1093 14001.3
19 30 13993.1
19 35 13984.9
19 67 13976.7
19 77 13968.4
19 1998 13960.2
19 1999 13952.0
19 2121 13943.8
19 2122 13935.7
19 2123 13927.5
19 106 13919.3
19 2124 13911.2
19 2125 13903.0
19 2126 13894.9
19 2127 13886.7
19 2128 13878.6
19 2129 13870.5
19 2130 13862.4
19 120 13854.3
19 2131 13846.2
19 2132 13838.1
19 2133 13830.0
19 2134 13821.9
19 2135 13813.8
19 2136 13805.8
19 2137 13797.7
19 2138 13789.7
19 2139 13781.6
19 2140 13773.6
19 2141 13765.6
19 2142 13757.6
19 2143 13749.6
19 2144 13741.6
19 2145 13733.6
19 2146 13725.6
19 2147 13717.6
19 2148 13709.7
19 2149 13701.7
19 2150 13693.7
19 2151 13685.8
19 2152 13677.9
19 2153 13669.9
19 2154 13662.0
19 2155 13654.1
19 2156 13646.2
19 2157 13638.3
19 2158 13630.4
19 2159 13622.5
19 2160 13614.6
19 2161 13606.7
1086 7 13598.9
1086 8 13591.0
1086 908 13583.2
1086 20 13575.3
1086 1842 13567.5
1086 1844 13559.7
1086 47 13551.8
1086 236 13544.0
1086 2162 13536.2
1086 239 13528.4
1086 911 13520.6
1086 1354 13512.9
1086 1114 13505.1
1086 2163 13497.3
1086 2164 13489.6
1086 2165 13481.8
1377 1355 13474.0
1377 1101 13466.3
1377 1372 13458.6
1377 1102 13450.9
1377 1376 13443.1
1377 1103 13435.4
1377 1388 13427.7
1377 2166 13420.0
1377 2167 13412.3
1377 1392 13404.6
1377 2168 13397.0
1377 2169 13389.3
1377 1393 13381.6
1377 1398 13374.0
1377 2170 13366.3
2166 1377 13358.7
2166 2171 13351.1
2166 2172 13343.4
2166 2173 13335.8
2166 2174 13328.2
2166 2175 13320.6
2166 2176 13313.0
2166 2177 13305.4
2166 2178 13297.8
2166 2179 13290.3
2166 2180 13282.7
2166 2181 13275.1
2166 2182 13267.6
2166 2183 13260.0
2166 2184 13252.5
2166 2185 13245.0
2166 2186 13237.4
2166 2187 13229.9
2166 2188 13222.4
2166 2189 13214.9
2166 2190 13207.4
2166 2191 13199.9
2166 2192 13192.4
2166 2193 13184.9
2167 1377 13177.5
2047 17 13170.0
2047 2194 13162.5
1392 1101 13155.1
1392 1377 13147.6
2048 17 13140.2
2048 1992 13132.8
2048 2195 13125.3
1992 333 13117.9
1992 17 13110.5
1992 2046 13103.1
1992 2048 13095.7
1992 2196 13088.3
1992 2011 13080.9
1992 2012 13073.6
1992 2197 13066.2
1992 2024 13058.8
1992 2198 13051.5
20 1 13044.1
20 7 13036.8
20 8 13029.4
20 1265 13022.1
20 13 13014.8
20 14 13007.5
20 908 13000.2
20 1527 12992.9
20 1643 12985.6
20 1086 12978.3
20 2199 12971.0
20 2200 12963.7
20 2201 12956.5
20 1196 12949.2
20 2202 12941.9
20 2203 12934.7
20 2204 12927.4
20 2205 12920.2
20 2206 12913.0
20 2207 12905.7
20 2208 12898.5
20 2209 12891.3
20 1534 12884.1
20 2210 12876.9
20 2211 12869.7
20 2212 12862.5
20 911 12855.4
20 2213 12848.2
20 2214 12841.0
20 2215 12833.9
20 1541 12826.7
20 1542 12819.6
20 2216 12812.4
20 2217 12805.3
20 2218 12798.2
2199 20 12791.1
2199 2203 12784.0
2199 2219 12776.8
2199 2205 12769.7
2199 2220 12762.7
2199 2221 12755.6
2199 2222 12748.5
2199 2223 12741.4
2199 2224 12734.3
2199 2225 12727.3
2199 2226 12720.2
2199 2227 12713.2
2199 2228 12706.1
2199 2229 12699.1
2199 2230 12692.1
2199 2231 12685.0
2199 2232 12678.0
2199 2233 12671.0
2199 2234 12664.0
2199 2235 12657.0
2199 2236 12650.0
2199 2212 12643.0
2199 2237 12636.1
2199 2238 12629.1
2199 2239 12622.1
2199 2240 12615.2
2199 2213 12608.2
2199 2215 12601.2
2199 2241 12594.3
2199 2242 12587.4
2199 2243 12580.4
2199 2244 12573.5
2199 2245 12566.6
2199 2246 12559.7
2199 2247 12552.8
2199 2248 12545.9
2199 2249 12539.0
2199 2250 12532.1
2199 2251 12525.2
2199 2252 12518.4
2199 2253 12511.5
21 1 12504.6
2200 20 12497.8
2200 2254 12490.9
2200 2255 12484.1
2200 2256 12477.2
22 1 12470.4
22 2257 12463.6
22 1112 12456.8
22 2258 12449.9
22 2259 12443.1
22 2260 12436.3
22 2261 12429.5
22 2262 12422.8
22 2263 12416.0
22 2264 12409.2
22 2265 12402.4
22 2266 12395.7
22 2267 12388.9
22 2268 12382.1
22 2269 12375.4
22 2270 12368.7
22 2271 12361.9
22 2272 12355.2
22 2273 12348.5
22 2274 12341.8
22 2275 12335.0
22 2276 12328.3
22 2277 12321.6
22 2278 12314.9
22 2279 12308.3
22 2280 12301.6
22 2281 12294.9
22 2282 12288.2
22 2283 12281.6
22 2284 12274.9
22 2285 12268.3
22 2286 12261.6
22 2287 12255.0
22 2288 12248.3
22 2289 12241.7
22 2290 12235.1
23 1 12228.5
2113 337 12221.8
2114 337 12215.2
2114 2291 12208.6
2114 2292 12202.0
2114 2293 12195.5
2114 2294 12188.9
2114 2295 12182.3
2114 2296 12175.7
24 1 12169.2
24 2297 12162.6
24 2298 12156.1
24 2299 12149.5
2115 337 12143.0
2116 337 12136.4
1842 1103 12129.9
1842 1391 12123.4
1842 1086 12116.9
1842 1844 12110.3
1842 2300 12103.8
1842 1583 12097.3
1842 2301 12090.8
1842 2302 12084.3
1842 2303 12077.9
1842 1432 12071.4
1842 2304 12064.9
1842 2305 12058.4
1842 2306 12052.0
1842 2307 12045.5
1842 2308 12039.1
1842 2309 12032.6
1842 2310 12026.2
1842 2311 12019.7
1842 2312 12013.3
1842 2313 12006.9
1842 2314 12000.5
1842 2315 11994.1
1842 2316 11987.6
1842 2317 11981.2
1842 2318 11974.9
1842 2319 11968.5
1842 2320 11962.1
1842 2321 11955.7
1842 2322 11949.3
1842 2323 11943.0
1842 2324 11936.6
1842 2325 11930.2
1842 2326 11923.9
1842 2327 11917.5
1842 2328 11911.2
1842 2329 11904.9
1842 2330 11898.5
1842 2331 11892.2
1842 2332 11885.9
1842 2333 11879.6
1842 2334 11873.3
1842 2335 11867.0
1842 2336 11860.7
1842 2337 11854.4
1842 2338 11848.1
1842 2339 11841.8
1842 1439 11835.5
1842 2340 11829.3
1842 2341 11823.0
1842 2342 11816.7
1842 2343 11810.5
1842 2344 11804.2
1842 2345 11798.0
1842 2346 11791.8
1842 2347 11785.5
1842 2348 11779.3
1842 2349 11773.1
1842 2350 11766.9
1842 2351 11760.7
1842 2352 11754.4
1842 2353 11748.2
1842 2354 11742.1
1842 2355 11735.9
1842 2356 11729.7
25 1 11723.5
25 928 11717.3
25 9 11711.2
25 34 11705.0
25 1393 11698.8
25 2357 11692.7
25 2358 11686.5
25 2359 11680.4
25 2360 11674.3
25 2361 11668.1
25 2362 11662.0
25 2363 11655.9
25 1126 11649.8
25 2364 11643.6
25 2365 11637.5
25 2366 11631.4
25 2367 11625.3
25 2368 11619.3
25 120 11613.2
25 1130 11607.1
25 2369 11601.0
25 2370 11595.0
25 2371 11588.9
25 2372 11582.8
25 2373 11576.8
25 1136 11570.7
25 1137 11564.7
25 2374 11558.6
25 2375 11552.6
25 2376 11546.6
25 1140 11540.6
25 2377 11534.5
25 2378 11528.5
25 2379 11522.5
25 1145 11516.5
25 2380 11510.5
25 2381 11504.5
25 1146 11498.5
25 2382 11492.6
25 2383 11486.6
25 2384 11480.6
25 1151 11474.6
25 2385 11468.7
25 2386 11462.7
25 2387 11456.8
25 2388 11450.8
25 2389 11444.9
25 2390 11438.9
25 2391 11433.0
25 2392 11427.1
25 1162 11421.2
25 2393 11415.2
25 1163 11409.3
25 2394 11403.4
25 1115 11397.5
25 2395 11391.6
25 1172 11385.7
25 2396 11379.8
25 2397 11374.0
25 2398 11368.1
25 2399 11362.2
25 2400 11356.3
25 2401 11350.5
25 2402 11344.6
25 2403 11338.8
25 2404 11332.9
25 2405 11327.1
25 2406 11321.2
25 2407 11315.4
25 2408 11309.6
25 2409 11303.8
25 2410 11297.9
25 2411 11292.1
25 2412 11286.3
25 2413 11280.5
25 2414 11274.7
25 2415 11268.9
25 2416 11263.1
25 2417 11257.3
25 2418 11251.6
25 2419 11245.8
25 2420 11240.0
25 2421 11234.3
25 2422 11228.5
25 2423 11222.7
25 2424 11217.0
25 2425 11211.2
25 2426 11205.5
25 2427 11199.8
25 2428 11194.0
25 2429 11188.3
25 2430 11182.6
25 2431 11176.9
25 2432 11171.2
25 2433 11165.4
26 1 11159.7
26 17 11154.0
26 29 11148.3
26 1192 11142.7
26 86 11137.0
26 2434 11131.3
2117 337 11125.6
2049 17 11119.9
27 1 11114.3
2050 17 11108.6
2050 2046 11103.0
1121 9 11097.3
1121 329 11091.7
1121 70 11086.0
1121 86 11080.4
1121 2435 11074.8
1121 2436 11069.1
1121 2437 11063.5
1121 2438 11057.9
1121 1126 11052.3
1121 2439 11046.7
1121 2440 11041.1
1121 2441 11035.5
1121 2442 11029.9
1121 2443 11024.3
1121 2444 11018.7
1121 2445 11013.1
1121 2446 11007.5
1121 2447 11001.9
1121 2448 10996.4
1121 2449 10990.8
1121 1009 10985.3
1121 2450 10979.7
1121 2451 10974.2
1121 2452 10968.6
1121 2453 10963.1
1121 2454 10957.5
1121 2455 10952.0
1121 2456 10946.5
1121 2457 10940.9
1121 2458 10935.4
1121 2459 10929.9
1121 2460 10924.4
1121 2461 10918.9
1121 2462 10913.4
1121 2463 10907.9
1121 2464 10902.4
1121 2465 10896.9
28 1 10891.4
28 5 10886.0
28 330 10880.5
28 2466 10875.0
28 2467 10869.6
28 86 10864.1
28 2123 10858.6
28 2468 10853.2
29 1 10847.7
29 10 10842.3
29 26 10836.9
29 1192 10831.4
29 1196 10826.0
29 1994 10820.6
29 2469 10815.2
29 86 10809.7
29 2470 10804.3
29 106 10798.9
29 2471 10793.5
29 111 10788.1
29 2472 10782.7
29 2473 10777.3
29 2474 10772.0
29 2475 10766.6
29 2476 10761.2
29 2477 10755.8
29 2478 10750.5
29 2479 10745.1
29 2480 10739.7
29 2481 10734.4
29 2482 10729.0
29 2483 10723.7
29 2484 10718.4
29 176 10713.0
29 2485 10707.7
29 2486 10702.4
29 2487 10697.0
29 1233 10691.7
1927 1389 10686.4
2060 18 10681.1
2060 1196 10675.8
2060 86 10670.5
2060 2488 10665.2
2060 2489 10659.9
2060 2490 10654.6
2060 2069 10649.3
2060 2491 10644.0
2060 2492 10638.7
2060 2493 10633.5
2060 2494 10628.2
2466 28 10622.9
1928 1389 10617.7
2195 2048 10612.4
2051 17 10607.2
2051 2495 10601.9
30 1 10596.7
30 19 10591.4
30 2496 10586.2
30 2497 10581.0
30 2498 10575.8
30 2147 10570.5
338 5 10565.3
225 4 10560.1
225 227 10554.9
226 4 10549.7
1380 1356 10544.5
1380 1362 10539.3
1380 2499 10534.1
2201 20 10528.9
2201 2500 10523.7
2201 2501 10518.5
2201 2502 10513.4
2201 2503 10508.2
1381 1356 10503.0
2467 28 10497.9
2504 2505 10492.7
2504 2506 10487.5
2504 2507 10482.4
2504 2508 10477.2
2504 2509 10472.1
2504 2510 10467.0
2504 2511 10461.8
2504 2512 10456.7
2504 2513 10451.6
2504 2514 10446.4
2504 2515 10441.3
2504 2516 10436.2
2504 2517 10431.1
2504 2518 10426.0
2504 2519 10420.9
2504 2520 10415.8
2504 2521 10410.7
2504 2522 10405.6
2504 2523 10400.5
2504 2524 10395.4
2504 2525 10390.4
1657 1655 10385.3
1658 1655 10380.2
1658 1690 10375.2
2526 2527 10370.1
2526 2528 10365.0
2526 2529 10360.0
2526 2530 10354.9
2526 2531 10349.9
2526 2532 10344.8
2526 2533 10339.8
2526 2534 10334.8
2526 2535 10329.7
2526 2536 10324.7
2526 2537 10319.7
2526 2538 10314.7
2526 2539 10309.7
2526 2540 10304.6
2526 2541 10299.6
2526 2542 10294.6
2526 2543 10289.6
2526 2544 10284.6
2526 2545 10279.7
2526 2546 10274.7
2526 2547 10269.7
2526 2548 10264.7
2526 2549 10259.7
2526 2550 10254.8
2526 2551 10249.8
2526 2552 10244.8
2526 2553 10239.9
2526 2554 10234.9
2526 2555 10230.0
2500 2201 10225.0
2500 1850 10220.1
2500 1241 10215.1
2500 2488 10210.2
2500 2556 10205.3
2500 1242 10200.3
2500 1243 10195.4
2500 2557 10190.5
2500 2558 10185.6
2500 2559 10180.7
2500 2560 10175.8
2501 2201 10170.9
1446 234 10165.9
1843 1103 10161.1
1474 1375 10156.2
2527 2526 10151.3
2527 2561 10146.4
2527 2529 10141.5
2527 2562 10136.6
2527 2563 10131.7
2527 2564 10126.9
2527 2565 10122.0
2527 2532 10117.1
2527 2566 10112.3
2527 2567 10107.4
2527 2568 10102.6
2527 2569 10097.7
2527 2570 10092.9
2527 2571 10088.0
2527 2572 10083.2
2527 2573 10078.4
2527 2491 10073.6
2527 2574 10068.7
2527 2575 10063.9
2576 2577 10059.1
2576 2578 10054.3
2576 2579 10049.5
2576 2580 10044.7
2576 2581 10039.9
2576 2582 10035.1
2583 2584 10030.3
2583 2585 10025.5
2583 2586 10020.7
2061 18 10015.9
2061 2587 10011.1
2061 2588 10006.3
2061 2589 10001.6
2061 2590 9996.8
1993 333 9992.03
2062 18 9987.27
2062 2059 9982.51
2062 2591 9977.76
2062 2592 9973.01
2062 2593 9968.26
2591 2062 9963.51
2591 2594 9958.77
2591 2595 9954.04
31 1 9949.31
31 2596 9944.58
31 2597 9939.85
31 2598 9935.13
1192 10 9930.41
1192 333 9925.7
1192 26 9920.99
1192 29 9916.28
1192 35 9911.58
1192 36 9906.88
1192 2469 9902.18
1192 2599 9897.49
1192 1849 9892.8
1192 2600 9888.11
1192 86 9883.43
1192 2601 9878.75
1192 2602 9874.08
1192 106 9869.41
1192 2362 9864.74
1192 2603 9860.08
1192 2604 9855.42
1192 2605 9850.76
1192 1209 9846.11
1192 2606 9841.46
1192 2607 9836.81
1192 2608 9832.17
1192 2609 9827.53
1192 2610 9822.9
1192 135 9818.26
1192 2611 9813.64
1192 2612 9809.01
1192 2613 9804.39
1192 1285 9799.77
1192 2614 9795.16
1192 2615 9790.55
1192 2616 9785.94
1192 2617 9781.34
1192 176 9776.74
1192 2618 9772.14
1192 2619 9767.55
32 1 9762.96
33 1 9758.37
33 2620 9753.79
33 2621 9749.21
33 2622 9744.64
33 2623 9740.07
34 1 9735.5
34 25 9730.93
34 2624 9726.37
34 2625 9721.81
34 2265 9717.26
34 1129 9712.71
34 2626 9708.16
34 2627 9703.62
34 966 9699.08
34 2628 9694.54
34 2629 9690.0
34 2630 9685.47
34 2631 9680.95
34 2632 9676.42
34 2633 9671.9
34 2634 9667.39
34 2133 9662.87
34 2635 9658.36
34 2636 9653.86
34 2637 9649.36
34 2638 9644.86
34 2639 9640.36
34 2640 9635.87
34 2641 9631.38
34 2642 9626.89
2052 17 9622.41
2052 2643 9617.93
1844 1103 9613.45
1844 1086 9608.98
1844 1842 9604.51
1844 2644 9600.05
1844 2645 9595.59
2300 1842 9591.13
2300 2646 9586.67
2300 2303 9582.22
2300 2647 9577.77
2300 2648 9573.33
2300 2312 9568.88
2300 2649 9564.44
2300 2650 9560.01
2300 2651 9555.58
2300 2652 9551.15
2300 2653 9546.72
2300 2654 9542.3
2300 2655 9537.88
2300 2656 9533.47
2300 2657 9529.06
2300 2658 9524.65
2300 2659 9520.24
2300 2660 9515.84
2300 2327 9511.44
2300 2661 9507.05
2300 2662 9502.65
2300 2663 9498.26
2300 2664 9493.88
2300 2665 9489.5
2300 2666 9485.12
2300 2667 9480.74
2300 2668 9476.37
2300 2669 9472.0
2670 54 9467.63
2670 913 9463.27
35 1 9458.91
35 1265 9454.56
35 19 9450.2
35 1192 9445.85
35 2358 9441.51
35 1196 9437.17
35 77 9432.83
35 2362 9428.49
35 2671 9424.16
35 2672 9419.83
35 2673 9415.5
35 2674 9411.18
35 120 9406.85
35 2675 9402.54
35 2676 9398.22
35 2607 9393.91
35 2677 9389.61
35 2678 9385.3
35 2679 9381.0
35 2680 9376.7
35 2681 9372.41
35 2682 9368.12
35 2683 9363.83
35 2684 9359.54
35 2685 9355.26
35 2686 9350.98
35 2687 9346.71
35 2688 9342.43
35 2689 9338.16
35 2690 9333.9
35 2691 9329.64
35 2692 9325.38
35 2693 9321.12
339 5 9316.87
339 36 9312.62
339 342 9308.37
339 86 9304.12
339 2694 9299.88
339 2695 9295.65
1266 1265 9291.41
1266 2696 9287.18
1266 2697 9282.95
1266 2698 9278.73
1266 2699 9274.5
1266 2700 9270.29
1266 2701 9266.07
1266 2702 9261.86
1266 2703 9257.65
1266 2704 9253.44
1266 2705 9249.24
1266 2706 9245.04
1266 2707 9240.84
1266 2708 9236.65
1266 2709 9232.45
1266 2710 9228.27
1266 2711 9224.08
1266 2712 9219.9
1266 2713 9215.72
1266 2714 9211.55
1266 2715 9207.37
1266 2716 9203.2
1266 2717 9199.04
1266 2718 9194.87
1266 2719 9190.71
1266 2720 9186.56
1266 2721 9182.4
1266 2722 9178.25
1266 2723 9174.1
1266 2724 9169.96
1266 2725 9165.82
1266 2726 9161.68
1266 2727 9157.54
1266 2728 9153.41
1266 2729 9149.28
1266 2730 9145.15
1266 2731 9141.03
1266 2732 9136.91
1266 2733 9132.79
1266 2734 9128.68
1266 2735 9124.56
1266 2736 9120.46
1266 2737 9116.35
1266 2738 9112.25
1266 2739 9108.15
1266 2740 9104.05
1266 2741 9099.96
1266 2742 9095.87
1266 2743 9091.78
1266 2744 9087.69
1266 2745 9083.61
1266 2746 9079.53
1266 2747 9075.46
1266 2748 9071.39
1266 2749 9067.32
1266 2750 9063.25
1266 2751 9059.19
1266 2752 9055.12
1266 2753 9051.07
1266 2754 9047.01
1266 2755 9042.96
1266 2756 9038.91
1266 2757 9034.86
1266 2758 9030.82
1266 2759 9026.78
1266 2760 9022.74
1266 2761 9018.71
1266 2762 9014.68
1266 2763 9010.65
1266 2764 9006.62
1266 2765 9002.6
1266 2766 8998.58
1266 2767 8994.56
1266 2768 8990.55
1266 2769 8986.54
1266 2770 8982.53
1266 2771 8978.52
1266 2772 8974.52
1266 2773 8970.52
1266 2774 8966.53
1266 2775 8962.53
1266 2776 8958.54
1266 2777 8954.55
1266 2778 8950.57
1266 2779 8946.59
1266 2780 8942.61
1266 2781 8938.63
1266 2782 8934.66
1266 2783 8930.69
1266 2784 8926.72
1266 2785 8922.75
1266 2786 8918.79
1266 2787 8914.83
1266 2788 8910.88
1266 2789 8906.92
1266 2790 8902.97
1266 2791 8899.03
1266 2792 8895.08
1266 2793 8891.14
1266 2794 8887.2
1266 2795 8883.26
1266 2796 8879.33
1266 2797 8875.4
1266 2798 8871.47
1266 2799 8867.55
1266 2800 8863.62
1266 2801 8859.7
1266 2802 8855.79
1266 2803 8851.87
1266 2804 8847.96
1266 2805 8844.05
1266 2806 8840.15
1266 2807 8836.25
1266 2808 8832.35
1266 2809 8828.45
1266 2810 8824.55
1266 2811 8820.66
1266 2812 8816.77
2063 18 8812.89
1967 330 8809.01
1967 2813 8805.13
1967 2814 8801.25
1967 2815 8797.37
1258 1084 8793.5
2168 1377 8789.63
1929 1389 8785.77
1929 1925 8781.9
1929 2816 8778.04
1378 1355 8774.18
1646 1472 8770.33
2118 337 8766.47
36 1 8762.62
36 5 8758.78
36 10 8754.93
36 329 8751.09
36 333 8747.25
36 1192 8743.42
36 339 8739.58
36 2817 8735.75
36 51 8731.92
36 54 8728.1
36 1195 8724.28
36 2818 8720.46
36 2819 8716.64
36 1848 8712.82
36 1196 8709.01
36 2820 8705.2
36 2821 8701.4
36 2822 8697.59
36 2823 8693.79
36 2824 8690.0
36 2825 8686.2
36 2826 8682.41
36 69 8678.62
36 2827 8674.83
36 2828 8671.04
36 2829 8667.26
36 2830 8663.48
36 2831 8659.71
36 2832 8655.93
36 1199 8652.16
36 2833 8648.39
36 1948 8644.63
36 84 8640.86
36 1200 8637.1
36 2834 8633.34
36 2835 8629.59
36 89 8625.84
36 91 8622.09
36 2836 8618.34
36 344 8614.59
36 1998 8610.85
36 2837 8607.11
36 103 8603.38
36 2838 8599.64
36 2839 8595.91
36 2840 8592.18
36 104 8588.45
36 2841 8584.73
36 2842 8581.01
36 2605 8577.29
36 2008 8573.58
36 2843 8569.86
36 2844 8566.15
36 2845 8562.44
36 2846 8558.74
36 2847 8555.04
36 2848 8551.34
36 1209 8547.64
36 2849 8543.94
36 2850 8540.25
36 2851 8536.56
36 2852 8532.87
36 2853 8529.19
36 2854 8525.51
36 135 8521.83
36 136 8518.15
36 2855 8514.48
36 2856 8510.8
36 1216 8507.14
36 2857 8503.47
36 2479 8499.81
36 2858 8496.14
36 2859 8492.48
36 2860 8488.83
36 2861 8485.17
36 2862 8481.52
36 2863 8477.87
36 2864 8474.23
36 2865 8470.59
36 1218 8466.94
36 2866 8463.31
36 2618 8459.67
36 2867 8456.04
36 2868 8452.41
36 2869 8448.78
36 2870 8445.15
36 199 8441.53
36 2871 8437.91
1454 1361 8434.29
37 1 8430.67
340 5 8427.06
2872 2873 8423.45
2872 2874 8419.84
2872 2875 8416.24
2872 2876 8412.63
2872 2877 8409.03
2872 2878 8405.43
2872 2879 8401.84
2872 2880 8398.25
2872 2881 8394.65
2872 2882 8391.07
2872 2883 8387.48
2872 2884 8383.9
2872 2885 8380.32
2872 2886 8376.74
2872 760 8373.16
2872 2887 8369.59
2872 630 8366.02
2872 2888 8362.45
2872 2889 8358.89
2872 517 8355.32
2872 2890 8351.76
2872 2891 8348.2
2872 2892 8344.65
2872 648 8341.09
2872 2893 8337.54
2872 2894 8333.99
2872 2895 8330.45
2872 2896 8326.9
2872 2897 8323.36
2872 2898 8319.82
2872 2899 8316.29
2872 2900 8312.75
2872 2901 8309.22
2872 2902 8305.69
2872 2903 8302.17
2872 2904 8298.64
2872 2905 8295.12
2872 2906 8291.6
2872 2907 8288.08
2872 2908 8284.57
2872 2909 8281.06
2872 2910 8277.55
2872 2911 8274.04
2872 2912 8270.54
2872 2913 8267.03
2872 2914 8263.53
2872 2915 8260.04
2872 2916 8256.54
2872 2917 8253.05
2872 2918 8249.56
2872 2919 8246.07
2872 2920 8242.59
2872 2921 8239.1
2872 2922 8235.62
2872 2923 8232.14
2872 2924 8228.67
2872 2925 8225.19
2872 2926 8221.72
2872 2927 8218.25
2872 2928 8214.79
2872 2929 8211.32
2872 2930 8207.86
2872 2931 8204.4
2872 2932 8200.95
2872 2933 8197.49
2872 2934 8194.04
2872 2935 8190.59
2872 2936 8187.14
2872 2937 8183.7
2872 2938 8180.25
2872 2939 8176.81
2872 2940 8173.38
2872 2941 8169.94
2872 2942 8166.51
2872 2943 8163.07
2872 2944 8159.65
2872 2945 8156.22
2872 2946 8152.8
2872 2947 8149.37
2872 2948 8145.95
2872 2949 8142.54
2872 2950 8139.12
2872 2951 8135.71
2872 2952 8132.3
2872 2953 8128.89
2872 2954 8125.49
2872 2955 8122.08
2872 2956 8118.68
2872 2957 8115.29
2872 2958 8111.89
2872 2959 8108.5
2872 2960 8105.1
2872 2961 8101.71
2872 2962 8098.33
2872 2963 8094.94
2872 2964 8091.56
2872 2965 8088.18
2872 2966 8084.8
2872 2967 8081.43
2872 2968 8078.05
2872 2969 8074.68
2872 2970 8071.31
2872 2971 8067.95
2872 2972 8064.58
2872 2973 8061.22
2872 2974 8057.86
2872 2975 8054.51
2872 2976 8051.15
2872 2977 8047.8
2872 2978 8044.45
2872 2979 8041.1
2872 835 8037.75
2872 2980 8034.41
2872 2981 8031.07
2872 2982 8027.73
2872 2983 8024.39
2872 2984 8021.06
2872 2985 8017.73
2872 837 8014.4
2872 2986 8011.07
2872 2987 8007.74
2872 2988 8004.42
2872 2989 8001.1
2872 2990 7997.78
2872 2991 7994.46
2872 2992 7991.15
2872 2993 7987.84
2872 2994 7984.53
2872 2995 7981.22
2872 2996 7977.91
2872 2997 7974.61
2872 2998 7971.31
2872 2999 7968.01
2872 3000 7964.71
2872 3001 7961.42
2872 3002 7958.13
2872 3003 7954.84
2872 3004 7951.55
2872 3005 7948.26
2872 3006 7944.98
2872 3007 7941.7
2872 3008 7938.42
2872 3009 7935.14
2872 3010 7931.87
2872 3011 7928.6
2872 3012 7925.33
1944 1923 7922.06
1259 1084 7918.79
235 231 7915.53
235 233 7912.27
38 1 7909.01
38 1265 7905.75
38 3013 7902.5
38 3014 7899.25
38 1267 7896.0
38 2357 7892.75
38 3015 7889.5
38 57 7886.26
38 3016 7883.02
38 3017 7879.78
38 3018 7876.54
38 3019 7873.3
38 3020 7870.07
38 1196 7866.84
38 1994 7863.61
38 3021 7860.38
38 2264 7857.16
38 3022 7853.94
38 3023 7850.72
38 3024 7847.5
38 3025 7844.28
38 3026 7841.07
38 135 7837.86
38 3027 7834.65
38 3028 7831.44
38 1242 7828.23
38 3029 7825.03
38 3030 7821.83
38 3031 7818.63
38 149 7815.43
38 3032 7812.24
38 3033 7809.05
38 3034 7805.86
38 3035 7802.67
38 3036 7799.48
38 3037 7796.3
38 3038 7793.12
38 3039 7789.94
38 3040 7786.76
38 3041 7783.58
38 3042 7780.41
38 3043 7777.24
1475 1375 7774.07
1475 3044 7770.9
1475 3045 7767.74
1475 240 7764.57
1475 3046 7761.41
1475 3047 7758.25
1475 3048 7755.1
1475 3049 7751.94
1475 3050 7748.79
1475 3051 7745.64
1475 3052 7742.49
1475 3053 7739.35
1475 3054 7736.2
1475 3055 7733.06
1475 3056 7729.92
1475 3057 7726.78
1475 3058 7723.64
1475 3059 7720.51
1475 3060 7717.38
1475 1496 7714.25
1475 3061 7711.12
1475 3062 7708.0
1475 3063 7704.87
1475 3064 7701.75
1475 3065 7698.63
1475 3066 7695.51
1475 3067 7692.4
1475 3068 7689.29
1475 3069 7686.17
1475 3070 7683.06
1475 3071 7679.96
1475 3072 7676.85
1475 3073 7673.75
1475 1504 7670.65
1475 3074 7667.55
1475 3075 7664.45
1475 3076 7661.36
1475 3077 7658.26
1475 3078 7655.17
1475 3079 7652.08
1475 3080 7649.0
1475 3081 7645.91
1475 3082 7642.83
1475 3083 7639.75
1475 3084 7636.67
1475 3085 7633.59
1475 3086 7630.52
1475 3087 7627.45
1475 3088 7624.38
1362 13 7621.31
1362 1380 7618.24
1362 3089 7615.18
1362 3090 7612.11
1362 3091 7609.05
1362 3092 7605.99
1476 1375 7602.94
1476 1472 7599.88
1476 1473 7596.83
1476 1477 7593.78
1476 3093 7590.73
1476 3094 7587.68
1476 3095 7584.64
1476 3096 7581.6
1476 3097 7578.56
1476 1486 7575.52
1476 3098 7572.48
1476 1647 7569.44
1476 1491 7566.41
1476 3099 7563.38
1476 1492 7560.35
1476 1648 7557.33
1476 3100 7554.3
1476 3101 7551.28
1476 3102 7548.26
1476 3103 7545.24
1476 3104 7542.22
1476 3105 7539.2
1476 3106 7536.19
1476 3107 7533.18
1476 1501 7530.17
1476 3108 7527.16
1476 3109 7524.16
1476 3110 7521.16
1476 3111 7518.15
341 5 7515.15
3112 3113 7512.16
3112 3114 7509.16
3112 3115 7506.17
3112 3116 7503.18
3112 3117 7500.19
3112 3118 7497.2
3112 3119 7494.21
3112 3120 7491.23
3112 3121 7488.25
3112 3122 7485.27
3112 3123 7482.29
3112 3124 7479.31
3112 3125 7476.34
3112 3126 7473.36
3112 3127 7470.39
3112 3128 7467.42
3112 3129 7464.46
3112 3130 7461.49
3112 3131 7458.53
3112 3132 7455.57
3112 3133 7452.61
3112 3134 7449.65
3112 3135 7446.7
3112 3136 7443.74
3112 3137 7440.79
3112 3138 7437.84
3112 3139 7434.9
3112 3140 7431.95
3112 3141 7429.01
3112 3142 7426.06
3112 3143 7423.12
3112 3144 7420.19
3112 3145 7417.25
3112 3146 7414.32
3112 3147 7411.38
3112 3148 7408.45
3112 3149 7405.52
3112 3150 7402.6
3112 3151 7399.67
3112 3152 7396.75
3112 3153 7393.83
3112 3154 7390.91
3112 3155 7387.99
3112 3156 7385.07
3112 3157 7382.16
3112 3158 7379.25
3112 3159 7376.34
1365 14 7373.43
3160 3161 7370.52
3160 3162 7367.62
3160 3163 7364.72
3160 3164 7361.82
3160 3165 7358.92
3160 3166 7356.02
3160 3167 7353.13
3160 3168 7350.23
3160 3169 7347.34
3160 3170 7344.45
3160 3171 7341.56
3160 3172 7338.68
3160 3173 7335.79
3160 3174 7332.91
3160 3175 7330.03
3160 3176 7327.15
3160 3177 7324.28
3160 1883 7321.4
3160 3178 7318.53
3160 3179 7315.66
3160 3180 7312.79
3160 3181 7309.92
3160 3182 7307.05
3160 3183 7304.19
3160 3184 7301.33
3160 3185 7298.47
3160 3186 7295.61
3160 3187 7292.75
3160 3188 7289.9
3160 3189 7287.05
3160 3190 7284.19
3160 3191 7281.34
3160 3192 7278.5
3160 3193 7275.65
3160 3194 7272.81
3160 3195 7269.97
3160 3196 7267.13
3160 3197 7264.29
342 5 7261.45
342 339 7258.61
342 351 7255.78
2078 1391 7252.95
2078 2080 7250.12
2502 2201 7247.29
2064 18 7244.47
2064 2069 7241.64
227 4 7238.82
227 225 7236.0
227 3198 7233.18
227 3199 7230.36
227 3200 7227.55
227 3201 7224.74
227 3202 7221.92
227 3203 7219.11
227 3204 7216.31
227 3205 7213.5
227 1196 7210.7
227 3206 7207.89
227 3207 7205.09
227 3208 7202.29
227 3209 7199.49
3210 3211 7196.7
3210 3212 7193.91
3210 3213 7191.11
3210 3214 7188.32
39 1 7185.53
39 1197 7182.75
39 3215 7179.96
39 2471 7177.18
39 3216 7174.4
39 3217 7171.62
39 3218 7168.84
39 3219 7166.06
39 3220 7163.29
39 3221 7160.51
39 3222 7157.74
39 3223 7154.97
39 2472 7152.21
39 3224 7149.44
39 3225 7146.68
39 3226 7143.91
39 2482 7141.15
39 177 7138.39
2079 1391 7135.64
3198 227 7132.88
3198 3227 7130.13
3198 3228 7127.38
3198 3229 7124.62
3198 3230 7121.88
3198 3231 7119.13
3198 3232 7116.38
3198 3233 7113.64
3198 3234 7110.9
3198 3235 7108.16
3198 3236 7105.42
3198 3237 7102.68
3198 3238 7099.95
3198 3239 7097.22
3198 3240 7094.48
3198 3241 7091.75
3198 3242 7089.03
3198 3243 7086.3
3198 3244 7083.58
3198 3245 7080.85
3198 3246 7078.13
3198 3247 7075.41
3198 3248 7072.69
3198 3249 7069.98
3198 3250 7067.26
1477 1375 7064.55
1477 1473 7061.84
1477 1476 7059.13
1477 3251 7056.42
1477 1651 7053.72
1477 3252 7051.01
1477 3253 7048.31
1477 1654 7045.61
3251 1477 7042.91
1651 1473 7040.21
1651 1477 7037.52
1366 14 7034.82
40 1 7032.13
3199 227 7029.44
3013 38 7026.75
3013 3254 7024.06
3013 57 7021.38
3013 3255 7018.69
3013 3256 7016.01
3013 2468 7013.33
3013 3257 7010.65
3013 3258 7007.97
3227 3198 7005.3
3227 3229 7002.62
3227 3259 6999.95
3227 3260 6997.28
3227 3238 6994.61
3227 3240 6991.94
3227 3247 6989.27
3227 3261 6986.61
3227 3262 6983.95
3228 3198 6981.29
3113 3112 6978.63
3113 3263 6975.97
3113 3264 6973.31
3113 3265 6970.66
3113 3266 6968.01
3113 3267 6965.36
3113 3268 6962.71
3113 3269 6960.06
3113 3270 6957.41
3113 3271 6954.77
3113 3272 6952.12
3229 3198 6949.48
3229 3227 6946.84
2169 1377 6944.21
3230 3198 6941.57
3273 3274 6938.93
3273 2071 6936.3
3273 3275 6933.67
3273 3276 6931.04
3273 3277 6928.41
3273 3278 6925.78
3273 3279 6923.16
3273 3280 6920.54
3273 3281 6917.91
3273 3282 6915.29
3273 3283 6912.68
3273 3284 6910.06
3273 3285 6907.44
3273 3286 6904.83
3273 3287 6902.22
3273 3288 6899.61
3273 3289 6897.0
3273 3290 6894.39
3273 3291 6891.78
3273 3292 6889.18
3273 3293 6886.58
3273 3294 6883.98
3273 3295 6881.38
3296 3297 6878.78
3296 1125 6876.18
3296 3298 6873.59
3296 3299 6871.0
3296 3300 6868.4
3296 3301 6865.81
3296 3302 6863.23
3296 3303 6860.64
3296 3304 6858.05
3296 3305 6855.47
3014 38 6852.89
3014 1851 6850.31
3014 3306 6847.73
3014 3307 6845.15
3014 3308 6842.58
3014 3309 6840.0
3014 3310 6837.43
3014 3311 6834.86
3014 3312 6832.29
3014 3313 6829.72
3014 3314 6827.16
3014 3315 6824.59
3014 3316 6822.03
3014 3317 6819.47
3014 3318 6816.91
3014 3319 6814.35
3014 3320 6811.79
3014 3321 6809.24
3014 3322 6806.68
3014 3323 6804.13
3014 3324 6801.58
3014 3325 6799.03
3014 3326 6796.48
3014 3327 6793.94
3014 3328 6791.39
3014 3329 6788.85
3014 3330 6786.31
3014 3331 6783.77
3014 3332 6781.23
3014 3333 6778.69
3014 204 6776.16
3014 3334 6773.63
3259 3227 6771.09
3259 3335 6768.56
3259 3336 6766.03
3259 3337 6763.51
3259 3338 6760.98
41 1 6758.46
41 1265 6755.93
41 3339 6753.41
41 3340 6750.89
41 3341 6748.38
41 3342 6745.86
41 3343 6743.34
41 3344 6740.83
41 3345 6738.32
41 3016 6735.81
41 58 6733.3
41 3346 6730.79
41 3347 6728.28
41 3348 6725.78
41 3349 6723.28
41 3350 6720.77
41 3351 6718.27
41 1288 6715.78
41 3352 6713.28
41 3353 6710.78
41 3354 6708.29
41 3355 6705.8
41 3356 6703.31
3335 3259 6700.82
3336 3259 6698.33
3337 3259 6695.84
3337 3357 6693.36
3338 3259 6690.87
3338 3358 6688.39
3200 227 6685.91
3252 1477 6683.43
1267 1265 6680.96
1267 38 6678.48
1478 1375 6676.01
1478 3359 6673.53
1193 10 6671.06
2080 1391 6668.59
2080 2078 6666.12
1194 10 6663.66
1194 3360 6661.19
1194 3361 6658.73
1194 3362 6656.26
1194 2368 6653.8
1194 3363 6651.34
1194 3364 6648.88
1194 3365 6646.43
1194 3366 6643.97
1194 3367 6641.52
1194 3368 6639.07
1194 3369 6636.62
1194 3370 6634.17
1194 3371 6631.72
1194 3372 6629.27
1194 3373 6626.83
1194 3374 6624.38
1194 3375 6621.94
1194 3376 6619.5
1194 3377 6617.06
1194 3378 6614.62
1194 3379 6612.19
1194 2510 6609.75
1194 3380 6607.32
1194 3381 6604.89
1194 3382 6602.46
1194 3383 6600.03
1194 3384 6597.6
1194 3385 6595.18
1194 3386 6592.75
1194 3387 6590.33
1194 3388 6587.91
1194 3389 6585.49
1194 3390 6583.07
1194 3391 6580.65
1194 3392 6578.23
1194 3393 6575.82
1194 3394 6573.41
1194 3395 6571.0
1194 3396 6568.59
1194 3397 6566.18
1194 3398 6563.77
2817 36 6561.36
2817 1200 6558.96
2817 89 6556.56
42 1 6554.15
3260 3227 6551.75
3260 3231 6549.36
3260 3399 6546.96
3260 3240 6544.56
3260 3400 6542.17
3260 3248 6539.78
3260 3401 6537.38
3231 3198 6534.99
3231 3260 6532.61
3231 3233 6530.22
3231 3399 6527.83
3231 3402 6525.45
3231 3403 6523.06
3231 3400 6520.68
3231 3404 6518.3
3232 3198 6515.92
3232 3240 6513.55
3233 3198 6511.17
3233 3231 6508.8
3233 3399 6506.42
3233 3402 6504.05
3233 3400 6501.68
3233 3405 6499.31
3234 3198 6496.94
3234 3406 6494.58
3399 3260 6492.21
3399 3231 6489.85
3399 3233 6487.49
3399 3407 6485.13
3399 3408 6482.77
3399 3402 6480.41
3399 3409 6478.05
3399 3410 6475.7
3399 3411 6473.35
3399 3412 6470.99
3399 3413 6468.64
3399 3414 6466.29
3399 3415 6463.95
3399 3400 6461.6
3399 3416 6459.25
3399 3417 6456.91
3399 3418 6454.57
3399 3419 6452.23
3235 3198 6449.89
3235 3420 6447.55
3235 3421 6445.21
3235 3422 6442.88
3235 3423 6440.54
3235 3424 6438.21
3235 3425 6435.88
3235 3426 6433.55
3235 3427 6431.22
3235 3428 6428.89
3235 3429 6426.56
3235 3430 6424.24
3235 3431 6421.92
3235 3432 6419.6
3235 3433 6417.27
3235 3434 6414.96
3235 3435 6412.64
3235 3436 6410.32
3235 3437 6408.01
3235 3438 6405.69
3235 3439 6403.38
3235 3440 6401.07
3235 3441 6398.76
3235 3442 6396.45
3235 3443 6394.14
3235 3444 6391.84
3235 3445 6389.53
3235 3446 6387.23
3235 3447 6384.93
3235 3448 6382.63
3235 3449 6380.33
3235 3450 6378.03
3235 3451 6375.74
3235 3452 6373.44
3235 3453 6371.15
3235 3454 6368.86
3235 3455 6366.57
3235 3456 6364.28
3235 3457 6361.99
3235 3458 6359.7
3235 3459 6357.42
3235 3460 6355.13
3235 3461 6352.85
3235 3462 6350.57
3235 3463 6348.29
3235 3464 6346.01
3235 3465 6343.73
3235 3466 6341.46
3235 3467 6339.18
3235 3468 6336.91
3235 3469 6334.63
3235 3470 6332.36
3235 3471 6330.09
3235 3472 6327.83
3235 3473 6325.56
3235 3474 6323.29
3235 3475 6321.03
3235 3476 6318.77
3235 3477 6316.51
3235 3478 6314.24
3235 3479 6311.99
3235 3480 6309.73
3235 3481 6307.47
3235 3482 6305.22
3235 3483 6302.96
3235 3484 6300.71
3235 3485 6298.46
3235 3486 6296.21
3235 3487 6293.96
3235 3488 6291.71
3235 3489 6289.47
3235 3490 6287.22
3407 3399 6284.98
3407 3415 6282.74
3236 3198 6280.5
3237 3198 6278.26
3491 3492 6276.02
3491 3493 6273.78
3494 3495 6271.55
3494 3496 6269.31
3494 3497 6267.08
3494 3498 6264.85
3494 3499 6262.62
3494 3500 6260.39
3494 3501 6258.16
3494 3502 6255.94
3494 3503 6253.71
3494 3504 6251.49
3494 3505 6249.26
3494 3506 6247.04
3494 3507 6244.82
3494 3508 6242.6
3494 3509 6240.39
3494 962 6238.17
3494 3510 6235.96
3494 3511 6233.74
3494 3512 6231.53
3494 3513 6229.32
3494 3514 6227.11
3494 3515 6224.9
3494 3516 6222.69
3494 3517 6220.49
3494 3518 6218.28
3494 3519 6216.08
3494 3520 6213.88
3494 3521 6211.68
3494 3522 6209.48
3494 127 6207.28
3494 3523 6205.08
3494 3524 6202.88
3494 3525 6200.69
3494 3526 6198.5
3494 3527 6196.3
3494 3528 6194.11
3494 3529 6191.92
3494 3530 6189.74
3494 3531 6187.55
3494 3532 6185.36
3494 3533 6183.18
3494 3534 6180.99
3494 3535 6178.81
3494 3536 6176.63
3494 3537 6174.45
3494 3538 6172.27
3494 3539 6170.1
3494 3540 6167.92
3494 2245 6165.75
3494 3541 6163.57
3494 3542 6161.4
3494 3543 6159.23
3494 3544 6157.06
3494 3545 6154.89
3494 3546 6152.73
3494 3547 6150.56
3494 3548 6148.4
3494 3549 6146.23
3494 3550 6144.07
3494 3551 6141.91
3494 3552 6139.75
3494 3553 6137.59
3494 3554 6135.43
3494 3555 6133.28
3494 3556 6131.12
3494 3557 6128.97
3494 3558 6126.82
3494 3559 6124.67
3494 3560 6122.52
3494 3561 6120.37
3494 3562 6118.22
3494 3563 6116.07
3494 3564 6113.93
3494 3565 6111.79
3494 3566 6109.64
3494 3567 6107.5
3494 3568 6105.36
3494 3569 6103.22
3494 3570 6101.09
3297 3296 6098.95
3297 3571 6096.81
3297 3572 6094.68
3297 3573 6092.55
3297 3574 6090.42
3297 3575 6088.29
3297 3576 6086.16
355 224 6084.03
355 3577 6081.9
355 356 6079.78
355 3578 6077.65
355 3579 6075.53
355 3580 6073.41
355 3207 6071.29
355 3581 6069.17
3408 3399 6067.05
3582 1848 6064.93
3582 3583 6062.82
3582 71 6060.7
3582 2596 6058.59
3582 3584 6056.48
3582 3585 6054.36
3582 84 6052.25
3582 3586 6050.15
3582 3587 6048.04
3582 3588 6045.93
3582 3589 6043.83
3582 1998 6041.72
3582 3590 6039.62
3582 3591 6037.52
3582 2208 6035.42
3582 3592 6033.32
3582 3593 6031.22
3582 3594 6029.13
3582 3595 6027.03
3582 3596 6024.94
3582 3597 6022.84
3582 3598 6020.75
3582 3599 6018.66
3582 3600 6016.57
3582 3601 6014.48
3582 3602 6012.39
3582 3603 6010.31
3582 3604 6008.22
3582 3605 6006.14
3582 3606 6004.06
3238 3198 6001.97
3238 3227 5999.89
3238 3239 5997.82
3238 3240 5995.74
3402 3231 5993.66
3402 3233 5991.58
3402 3399 5989.51
3402 3415 5987.44
3402 3404 5985.37
3402 3607 5983.29
3402 3608 5981.22
3409 3399 5979.16
3409 3412 5977.09
3239 3198 5975.02
3239 3238 5972.96
3239 3240 5970.89
3239 3609 5968.83
3240 3198 5966.77
3240 3227 5964.71
3240 3260 5962.65
3240 3232 5960.59
3240 3238 5958.53
3240 3239 5956.48
3240 3610 5954.42
3240 3611 5952.37
3240 3249 5950.32
3610 3240 5948.27
3410 3399 5946.22
3403 3231 5944.17
3241 3198 5942.12
3241 3612 5940.07
3241 3613 5938.03
3241 3614 5935.98
3241 3615 5933.94
3241 3616 5931.9
3241 3617 5929.86
3241 3618 5927.82
3241 3619 5925.78
3241 3620 5923.74
3241 3621 5921.7
3241 3622 5919.67
3241 3623 5917.63
3241 3624 5915.6
3241 3625 5913.57
3241 3626 5911.54
3241 3627 5909.51
3241 3628 5907.48
3241 3629 5905.45
3241 3630 5903.43
3241 3631 5901.4
3241 3632 5899.38
3241 3633 5897.36
3241 3634 5895.33
3241 3635 5893.31
3241 3636 5891.29
3241 3637 5889.28
3241 3638 5887.26
3241 3639 5885.24
3241 3640 5883.23
3241 3641 5881.21
3241 3642 5879.2
3241 3643 5877.19
3241 3644 5875.18
3241 3645 5873.17
3241 3646 5871.16
3241 3647 5869.15
3241 3648 5867.15
3241 3649 5865.14
3241 3650 5863.14
3241 3651 5861.14
3241 3652 5859.14
3241 3653 5857.13
3241 3654 5855.14
3241 3655 5853.14
3241 3656 5851.14
3241 3657 5849.14
3241 3658 5847.15
3241 3659 5845.16
3241 3660 5843.16
3241 3661 5841.17
3241 3662 5839.18
3241 3663 5837.19
3241 3664 5835.2
3241 3665 5833.22
3241 3666 5831.23
3241 3667 5829.25
3241 3668 5827.26
3241 3669 5825.28
3241 3670 5823.3
3241 3671 5821.32
3241 3672 5819.34
43 1 5817.36
43 8 5815.38
43 1083 5813.4
43 3673 5811.43
43 3674 5809.46
43 47 5807.48
43 49 5805.51
43 3675 5803.54
43 3676 5801.57
43 3677 5799.6
43 1263 5797.63
43 3678 5795.67
43 3679 5793.7
43 3680 5791.74
43 3681 5789.77
43 3682 5787.81
43 3683 5785.85
43 3684 5783.89
43 3685 5781.93
43 3686 5779.98
43 3687 5778.02
43 3688 5776.06
43 3689 5774.11
43 3690 5772.15
43 3691 5770.2
43 3692 5768.25
3411 3399 5766.3
3412 3399 5764.35
3412 3409 5762.4
3412 3414 5760.46
3412 3415 5758.51
3412 3693 5756.57
3201 227 5754.62
3201 3694 5752.68
3201 3695 5750.74
3201 3696 5748.8
3201 3697 5746.86
44 1 5744.92
44 3698 5742.98
44 3699 5741.04
44 54 5739.11
44 55 5737.18
44 3700 5735.24
44 77 5733.31
44 86 5731.38
44 3701 5729.45
44 90 5727.52
44 2131 5725.59
44 3702 5723.66
44 3703 5721.74
44 3704 5719.81
44 3705 5717.89
44 2143 5715.97
44 2145 5714.05
3609 3239 5712.13
2297 24 5710.21
2297 3706 5708.29
3413 3399 5706.37
3413 3707 5704.45
3413 3708 5702.54
3413 3709 5700.62
3413 3415 5698.71
1236 12 5696.8
1236 3710 5694.89
1236 3711 5692.98
1236 3712 5691.07
3707 3413 5689.16
3708 3413 5687.25
3414 3399 5685.35
3414 3412 5683.44
3414 3713 5681.54
3414 3714 5679.64
3202 227 5677.73
3202 3715 5675.83
3202 3716 5673.93
1479 1375 5672.03
3203 227 5670.14
3204 227 5668.24
3205 227 5666.34
3205 3717 5664.45
3205 3718 5662.56
1237 12 5660.66
3709 3413 5658.77
3709 3719 5656.88
3706 2297 5654.99
3706 3720 5653.1
3706 3721 5651.22
3722 3723 5649.33
3722 3724 5647.45
3722 3725 5645.56
3722 3726 5643.68
3722 3727 5641.8
3722 3728 5639.91
3722 3729 5638.03
3420 3235 5636.15
3420 3730 5634.28
3420 3731 5632.4
3420 3732 5630.52
3420 3733 5628.65
3420 3734 5626.77
3420 3735 5624.9
3420 3736 5623.03
3420 3737 5621.16
3420 3738 5619.29
3420 3739 5617.42
3420 3451 5615.55
3420 3740 5613.68
3420 3741 5611.82
3420 2378 5609.95
3420 3742 5608.09
3420 3743 5606.22
3420 3744 5604.36
3420 3745 5602.5
3420 3746 5600.64
3420 3747 5598.78
3420 3748 5596.92
3420 3749 5595.07
3420 3750 5593.21
3420 3751 5591.36
3420 3752 5589.5
3420 3753 5587.65
3420 3754 5585.8
3420 3755 5583.95
3420 3756 5582.1
3420 3757 5580.25
3420 3758 5578.4
3420 3759 5576.55
3420 3760 5574.71
3420 3761 5572.86
3420 3762 5571.02
3420 3763 5569.17
3420 3764 5567.33
3420 3765 5565.49
3420 3766 5563.65
3420 3767 5561.81
3420 3768 5559.97
3420 3769 5558.14
3420 3770 5556.3
3420 3771 5554.47
3420 3772 5552.63
3420 3773 5550.8
3420 3774 5548.97
3420 3775 5547.13
3420 3776 5545.3
3420 3777 5543.48
3420 3778 5541.65
3420 3779 5539.82
3420 3780 5537.99
3420 3781 5536.17
3420 3782 5534.34
3420 3783 5532.52
3420 3784 5530.7
3420 3785 5528.88
3420 3786 5527.06
3420 3787 5525.24
3420 3788 5523.42
3420 3789 5521.6
3420 3790 5519.78
3420 3791 5517.97
3420 3792 5516.15
3420 3793 5514.34
3420 3794 5512.53
3420 3795 5510.72
3420 3796 5508.9
3420 3797 5507.09
3420 3798 5505.29
3420 3799 5503.48
3420 3800 5501.67
3420 3801 5499.87
3420 3802 5498.06
3420 3803 5496.26
3420 3804 5494.45
3420 3805 5492.65
3420 3806 5490.85
3420 3807 5489.05
3420 3808 5487.25
3420 3809 5485.45
3420 3810 5483.66
3420 3811 5481.86
3420 3812 5480.06
3420 3813 5478.27
3420 3814 5476.48
3420 3815 5474.68
3420 3816 5472.89
3420 3817 5471.1
3420 3818 5469.31
3420 3819 5467.52
3420 3820 5465.73
3420 3821 5463.95
3420 3822 5462.16
3420 3823 5460.38
3420 3824 5458.59
3420 3825 5456.81
3420 3826 5455.03
3420 3827 5453.25
3420 3828 5451.47
3420 3829 5449.69
3420 3830 5447.91
3420 3831 5446.13
3420 3832 5444.36
3420 3833 5442.58
3420 3834 5440.81
3420 3835 5439.03
3420 3836 5437.26
3420 3837 5435.49
3420 3838 5433.72
3420 3839 5431.95
3420 3840 5430.18
3420 3841 5428.41
3420 3842 5426.64
3420 3843 5424.88
3420 3844 5423.11
3420 3845 5421.35
3420 3846 5419.58
3420 3847 5417.82
3420 3848 5416.06
3420 3849 5414.3
3420 3850 5412.54
3420 3851 5410.78
3420 3852 5409.02
3420 3853 5407.27
3420 3854 5405.51
3420 3855 5403.76
3420 3856 5402.0
3420 3857 5400.25
3420 3858 5398.5
3420 3859 5396.75
3420 3860 5395.0
3420 3861 5393.25
3420 3862 5391.5
3420 3863 5389.75
3420 3864 5388.0
3420 3865 5386.26
3420 3866 5384.51
3420 3867 5382.77
3420 3868 5381.03
3420 3869 5379.28
3420 3870 5377.54
3420 3871 5375.8
3420 3872 5374.06
3420 3873 5372.33
3420 3874 5370.59
3420 3875 5368.85
3420 3876 5367.12
3420 3877 5365.38
3420 3878 5363.65
3420 3879 5361.91
3420 3880 5360.18
3420 3881 5358.45
3420 3882 5356.72
3420 3883 5354.99
3420 3884 5353.26
3420 3885 5351.54
3420 3886 5349.81
3420 3887 5348.08
3420 3888 5346.36
3420 3889 5344.64
3420 3890 5342.91
3420 3891 5341.19
3420 3892 5339.47
3420 3893 5337.75
3420 3894 5336.03
3420 3895 5334.31
3420 3896 5332.59
3420 3897 5330.88
3420 3898 5329.16
3420 3899 5327.45
3420 3900 5325.73
3420 3901 5324.02
3420 3902 5322.31
3420 3903 5320.6
3420 3904 5318.89
3420 3905 5317.18
3420 3906 5315.47
3420 3907 5313.76
3420 3908 5312.05
3420 3909 5310.35
3420 3910 5308.64
3420 3911 5306.94
3420 3912 5305.23
3420 3913 5303.53
3421 3235 5301.83
3422 3235 5300.13
3423 3235 5298.43
3424 3235 5296.73
3424 3914 5295.03
3424 3915 5293.34
3424 3455 5291.64
3424 3916 5289.95
3424 3917 5288.25
3424 3918 5286.56
3424 3919 5284.87
3424 3920 5283.17
3424 3921 5281.48
3424 3922 5279.79
3424 3923 5278.1
