1 2 1808220000.0
1 4 483845000.0
1 8 175039000.0
1 15 76190100.0
1 16 70136300.0
1 17 64909500.0
1 21 49661100.0
1 24 41993200.0
1 25 39902400.0
1 27 36248000.0
1 29 33163700.0
1 30 31796200.0
1 31 30528600.0
1 33 28253500.0
1 34 27229200.0
1 39 22988600.0
1 40 22283100.0
1 43 20387000.0
1 44 19819400.0
1 51 16538200.0
1 52 16149800.0
1 54 15421300.0
1 57 14435300.0
1 58 14132000.0
1 60 13559100.0
1 63 12775600.0
1 68 11640300.0
1 72 10857800.0
1 74 10501800.0
1 76 10166700.0
1 79 9699260.0
1 80 9552120.0
1 81 9409020.0
1 83 9134310.0
1 84 9002400.0
1 87 8626890.0
1 90 8279120.0
1 91 8168860.0
1 92 8061250.0
1 95 7753520.0
1 96 7655680.0
1 97 7560090.0
1 99 7375320.0
1 101 7198670.0
1 102 7113230.0
1 105 6867710.0
1 108 6637300.0
1 109 6563620.0
1 112 6351330.0
1 113 6283340.0
1 115 6151290.0
1 117 6024240.0
1 118 5962510.0
1 119 5901930.0
1 120 5842460.0
1 121 5784090.0
1 122 5726770.0
1 123 5670490.0
1 125 5560910.0
1 126 5507570.0
1 128 5403660.0
1 129 5353040.0
1 135 5066710.0
1 143 4726140.0
1 144 4686500.0
1 149 4497160.0
1 152 4390160.0
1 153 4355520.0
1 155 4287730.0
1 157 4221850.0
1 158 4189600.0
1 160 4126440.0
1 162 4065010.0
1 164 4005230.0
1 165 3975940.0
1 168 3890380.0
1 169 3862610.0
1 173 3755070.0
1 175 3703340.0
1 178 3628140.0
1 179 3603700.0
1 180 3579550.0
1 182 3532140.0
1 183 3508860.0
1 184 3485870.0
1 186 3440690.0
1 187 3418510.0
1 188 3396580.0
1 190 3353500.0
1 191 3332330.0
1 194 3270270.0
1 197 3210290.0
1 200 3152310.0
1 202 3114710.0
1 204 3077920.0
2 207 2989350.0
2 208 2972190.0
2 209 2955210.0
2 210 2938420.0
2 211 2921790.0
2 97 2872940.0
2 217 2810080.0
2 220 2764580.0
3 1 2749710.0
3 221 2734980.0
3 223 2705960.0
4 224 2677510.0
4 225 2663480.0
4 226 2649590.0
4 227 2635830.0
4 228 2622200.0
4 137 2608710.0
4 229 2595330.0
231 7 2568960.0
231 14 2517670.0
231 237 2468220.0
231 240 2432290.0
231 242 2408870.0
231 245 2374500.0
246 249 2341010.0
246 251 2319170.0
246 253 2297700.0
246 254 2287090.0
246 255 2276580.0
246 259 2235410.0
246 261 2215330.0
246 264 2185830.0
246 265 2176150.0
246 269 2138220.0
246 270 2128930.0
246 272 2110560.0
246 273 2101490.0
246 274 2092490.0
246 280 2039920.0
246 281 2031390.0
246 282 2022930.0
246 284 2006200.0
246 285 1997930.0
246 287 1981580.0
246 289 1965470.0
246 291 1949600.0
246 293 1933960.0
246 294 1926220.0
246 296 1910930.0
246 298 1895850.0
246 300 1880990.0
246 301 1873640.0
246 303 1859100.0
246 305 1844760.0
246 306 1837670.0
246 308 1823630.0
246 310 1809790.0
246 312 1796140.0
246 316 1769400.0
246 318 1756300.0
246 321 1736980.0
246 323 1724320.0
246 325 1711820.0
246 327 1699490.0
5 1 1687320.0
5 332 1663460.0
5 333 1657590.0
5 335 1645970.0
5 18 1640210.0
5 336 1634490.0
5 337 1628810.0
5 28 1623160.0
5 339 1611970.0
5 340 1600920.0
5 341 1595450.0
5 54 1584610.0
5 343 1579240.0
5 106 1558090.0
5 349 1532370.0
5 350 1527320.0
5 352 1517310.0
224 360 1473720.0
224 361 1469020.0
224 365 1450480.0
369 370 1432370.0
369 372 1423470.0
369 376 1405970.0
369 378 1397360.0
369 380 1388850.0
369 382 1380440.0
369 383 1376270.0
369 385 1368000.0
369 387 1359810.0
369 390 1347700.0
369 391 1343710.0
369 393 1335790.0
369 394 1331860.0
369 396 1324070.0
369 397 1320210.0
369 398 1316360.0
369 400 1308740.0
369 401 1304950.0
369 402 1301190.0
369 403 1297440.0
369 407 1282670.0
369 408 1279020.0
369 409 1275390.0
369 410 1271780.0
369 412 1264620.0
369 416 1250520.0
369 419 1240130.0
369 420 1236700.0
369 422 1229900.0
369 423 1226520.0
369 424 1223160.0
369 432 1196880.0
369 434 1190470.0
369 435 1187290.0
369 437 1180970.0
369 439 1174720.0
369 440 1171620.0
369 442 1165450.0
369 444 1159350.0
369 445 1156320.0
369 446 1153300.0
369 448 1147310.0
369 449 1144340.0
369 451 1138440.0
369 452 1135510.0
369 453 1132590.0
369 456 1123920.0
369 457 1121060.0
369 458 1118210.0
369 459 1115370.0
369 460 1112550.0
369 462 1106940.0
369 463 1104160.0
369 470 1085020.0
369 471 1082340.0
369 472 1079660.0
369 473 1077000.0
369 478 1063880.0
369 479 1061290.0
369 480 1058720.0
369 481 1056150.0
369 484 1048520.0
369 485 1046000.0
369 486 1043490.0
369 487 1040990.0
369 488 1038500.0
369 489 1036030.0
369 490 1033560.0
369 491 1031100.0
369 495 1021390.0
369 496 1018990.0
370 369 1016590.0
370 373 1009480.0
370 499 1002450.0
370 501 997818.0
370 503 986404.0
370 388 984149.0
370 504 981905.0
370 391 975226.0
370 393 968631.0
370 394 964279.0
370 398 955682.0
370 399 953555.0
370 513 947225.0
370 514 945132.0
370 517 938904.0
370 519 934793.0
370 522 926670.0
370 523 924660.0
370 526 918676.0
370 421 916697.0
370 528 912763.0
370 529 908860.0
370 428 901144.0
370 533 897331.0
370 534 895435.0
370 434 889793.0
370 536 887926.0
370 539 882370.0
370 540 880532.0
370 541 878701.0
370 543 875060.0
370 446 862532.0
370 548 860769.0
370 549 859012.0
370 451 855519.0
370 551 853782.0
370 553 846899.0
370 554 845195.0
370 555 843496.0
370 556 841804.0
370 558 838438.0
370 560 835096.0
370 471 826848.0
370 564 825217.0
370 476 820357.0
370 479 818748.0
370 567 817146.0
370 568 815549.0
370 570 812373.0
370 573 807650.0
370 490 802978.0
370 575 801432.0
370 577 796825.0
371 370 792267.0
371 579 790758.0
371 581 787756.0
371 584 783292.0
371 381 778874.0
371 382 773055.0
371 502 765891.0
371 592 764473.0
371 384 761651.0
371 594 760248.0
371 386 757454.0
371 596 754680.0
371 600 749186.0
371 602 746467.0
371 604 743765.0
371 392 739747.0
371 606 738416.0
371 607 737090.0
371 395 733137.0
371 610 731828.0
371 613 727927.0
371 615 724063.0
371 620 715193.0
371 621 713943.0
371 622 712696.0
371 623 711453.0
371 625 708979.0
371 626 707748.0
371 627 706521.0
371 630 702863.0
371 632 700443.0
371 633 699239.0
371 635 696842.0
371 636 695650.0
371 637 694461.0
371 641 689742.0
371 642 688571.0
371 643 687404.0
371 645 685081.0
371 646 683925.0
371 407 681624.0
371 649 678198.0
371 650 677063.0
371 652 674804.0
371 413 673679.0
371 653 672558.0
371 656 669215.0
371 658 667004.0
371 659 665903.0
371 660 664805.0
371 662 662620.0
371 664 660448.0
371 665 659367.0
371 667 657215.0
371 670 654010.0
371 672 651890.0
371 674 649782.0
371 530 648732.0
371 675 647686.0
371 677 643532.0
371 535 639427.0
371 681 638408.0
371 682 637392.0
371 683 636379.0
371 684 635369.0
371 439 633358.0
371 685 632357.0
371 687 630363.0
371 688 629370.0
371 689 628381.0
371 690 626410.0
371 691 625429.0
371 692 624450.0
371 449 623475.0
371 693 622502.0
371 695 620565.0
371 462 615769.0
371 702 611982.0
371 704 610104.0
371 706 608237.0
371 707 606380.0
371 712 601784.0
371 713 600872.0
371 714 599963.0
371 715 599056.0
371 716 598152.0
371 717 597251.0
371 721 593669.0
371 722 592780.0
371 490 591008.0
371 727 587495.0
371 728 586622.0
371 729 585752.0
371 730 584885.0
371 731 584019.0
371 733 582296.0
579 371 580581.0
579 735 579728.0
579 738 577180.0
579 740 575493.0
579 385 573816.0
579 742 572980.0
579 747 568836.0
579 749 567193.0
579 750 566375.0
579 751 564746.0
579 752 563934.0
579 756 560709.0
579 757 559909.0
579 761 556726.0
579 766 552794.0
579 767 552013.0
579 769 550459.0
579 770 549684.0
579 772 548142.0
579 773 547373.0
579 775 545843.0
579 663 545080.0
579 671 544320.0
579 777 542805.0
579 778 542050.0
579 779 541297.0
579 781 539797.0
579 784 537562.0
579 786 536081.0
579 787 535343.0
579 789 533874.0
579 790 533142.0
579 791 532411.0
579 793 530956.0
579 794 530232.0
579 796 528787.0
579 798 527351.0
579 799 526635.0
579 800 525921.0
579 801 525208.0
579 802 524498.0
579 804 523082.0
579 806 521674.0
579 807 520972.0
579 810 518877.0
579 814 516108.0
579 815 515420.0
579 817 514049.0
579 819 512684.0
579 820 512005.0
579 821 511327.0
579 823 509975.0
579 824 509302.0
579 825 508631.0
579 826 507961.0
579 829 505961.0
579 833 503316.0
579 836 501350.0
579 837 500697.0
579 730 498749.0
579 840 498103.0
579 841 497458.0
579 842 496815.0
579 843 496173.0
579 844 495533.0
579 847 493622.0
579 848 492988.0
579 849 492355.0
372 370 491094.0
372 373 489839.0
372 374 489214.0
372 378 487347.0
372 379 486727.0
372 852 484264.0
372 853 483652.0
372 854 483041.0
372 386 482431.0
372 856 480612.0
372 388 480008.0
372 391 478204.0
372 394 475819.0
372 395 475227.0
372 859 474635.0
372 861 473456.0
372 863 471698.0
372 864 471114.0
372 867 468793.0
372 868 468216.0
372 409 467067.0
372 773 464214.0
372 523 463648.0
372 525 463082.0
372 419 462518.0
372 873 461394.0
372 876 459160.0
372 877 458604.0
372 428 458050.0
372 532 457497.0
372 878 456946.0
372 879 456395.0
372 446 453661.0
372 448 453118.0
372 449 452035.0
372 884 451495.0
372 887 449348.0
372 457 447750.0
372 461 447220.0
372 891 445635.0
372 892 445110.0
372 893 444062.0
372 471 441979.0
372 896 441461.0
372 897 440428.0
372 476 439914.0
372 477 439400.0
372 898 438888.0
372 570 438377.0
372 899 437867.0
372 573 437357.0
372 484 436849.0
372 901 435837.0
372 902 435332.0
372 488 434828.0
372 904 433824.0
372 493 432824.0
372 907 431828.0
6 1 431332.0
6 908 430837.0
6 911 429357.0
6 912 428866.0
6 914 427887.0
6 916 426912.0
6 917 426426.0
6 920 424974.0
6 921 424492.0
6 922 424011.0
6 923 423531.0
6 926 422097.0
6 927 421621.0
928 25 419727.0
928 70 419256.0
928 930 418316.0
928 931 417848.0
928 933 416915.0
928 934 416449.0
928 935 415985.0
928 939 414137.0
928 940 413677.0
928 948 409582.0
928 950 408682.0
928 951 408233.0
928 952 407785.0
928 953 407338.0
928 954 406892.0
928 955 406447.0
928 962 403357.0
928 965 402045.0
928 966 401610.0
928 967 401175.0
928 968 400742.0
928 971 399446.0
928 973 398586.0
928 974 398158.0
928 976 397303.0
928 977 396877.0
928 978 396452.0
928 979 396028.0
928 980 395604.0
928 982 394760.0
928 984 393918.0
928 985 393499.0
928 986 393080.0
928 988 392246.0
928 990 391414.0
928 995 389350.0
928 997 388529.0
928 1001 386898.0
928 1004 385683.0
928 1005 385280.0
928 1006 384877.0
928 1007 384475.0
928 1009 383674.0
928 1010 383274.0
928 1011 382875.0
928 1014 381683.0
928 1015 381287.0
928 1017 380498.0
928 1018 380104.0
928 1020 379319.0
928 1022 378537.0
928 1024 377758.0
928 1025 377370.0
928 1028 376209.0
928 1029 375824.0
928 1033 374289.0
928 1034 373907.0
928 1036 373145.0
928 1037 372765.0
928 1039 372008.0
928 1040 371630.0
928 1041 371253.0
928 1046 369379.0
928 1047 369006.0
928 1048 368634.0
928 1049 368263.0
928 1052 367153.0
928 1056 365682.0
928 1057 365316.0
928 1058 364951.0
928 1059 364587.0
928 1060 364223.0
928 1066 362053.0
928 1068 361335.0
928 1069 360977.0
928 1070 360619.0
928 1072 359907.0
928 1073 359551.0
928 1075 358842.0
928 1079 357432.0
928 1080 357081.0
928 1082 356381.0
7 1084 354642.0
7 1086 353262.0
7 48 352233.0
7 1087 351891.0
7 1089 351210.0
7 1090 350870.0
1093 19 349854.0
1093 498 349517.0
1093 1094 349180.0
1093 1095 348508.0
8 1 347171.0
8 1099 346506.0
8 1084 345844.0
8 1100 345513.0
8 1085 345183.0
8 1101 344197.0
8 1102 343870.0
8 1103 343543.0
8 1086 343217.0
8 43 342565.0
8 47 342241.0
8 48 341917.0
354 224 340948.0
1099 1106 339664.0
1099 1108 339025.0
1099 1109 338706.0
1083 8 338071.0
1083 233 337754.0
1083 14 337122.0
1083 47 336492.0
1083 1110 335864.0
1083 1112 334614.0
1083 239 334303.0
1083 1113 333993.0
1083 1114 333683.0
1083 1115 333065.0
1083 1117 332448.0
1083 1118 332141.0
1083 1119 331834.0
1083 1120 331528.0
9 1121 330308.0
9 1123 329701.0
9 1125 329096.0
9 1126 328795.0
9 1129 327893.0
9 1131 327294.0
9 1133 326697.0
9 1134 326399.0
9 971 325214.0
9 1138 324919.0
9 1141 324036.0
9 1144 323158.0
9 1147 322284.0
9 1150 321125.0
9 1151 320837.0
9 1009 320262.0
9 1153 319975.0
9 1154 319688.0
9 1157 318831.0
9 1158 318547.0
9 1159 318262.0
9 1160 317979.0
9 1162 317413.0
9 1164 316849.0
9 1169 315446.0
9 1170 315167.0
9 1171 314888.0
9 1172 314610.0
9 1177 313226.0
9 1179 312400.0
9 1183 311306.0
9 1185 310762.0
9 1187 310219.0
9 1188 309948.0
9 1189 309678.0
9 1190 309408.0
10 29 308601.0
10 1192 308333.0
10 1193 307798.0
10 1194 307531.0
10 51 307265.0
10 1195 306733.0
10 1196 306468.0
10 77 305411.0
10 89 304361.0
10 91 304100.0
10 1201 303839.0
10 1202 303058.0
10 1203 302799.0
10 1204 302540.0
10 1210 300739.0
10 1213 299973.0
10 1214 299718.0
10 1216 299210.0
10 1218 298704.0
10 1220 298199.0
10 1223 297445.0
10 1224 297194.0
10 197 296944.0
10 199 295947.0
10 1228 295698.0
10 1230 295203.0
10 1231 294956.0
10 1233 294462.0
11 1 294216.0
11 2 293971.0
11 1235 293481.0
12 1 293236.0
12 1238 292505.0
12 1239 292261.0
12 1240 292019.0
12 1241 291776.0
12 1242 291535.0
12 1243 291293.0
232 233 289851.0
232 1248 289612.0
232 243 289373.0
232 1249 289135.0
233 1083 288422.0
233 1251 287949.0
233 1254 287006.0
233 1255 286772.0
1084 1258 285603.0
1084 1259 285370.0
1084 1260 284906.0
1084 1262 284443.0
1256 1084 284212.0
1265 1267 282149.0
1265 1270 281468.0
1265 77 280789.0
1265 1272 280564.0
1265 1273 280114.0
1265 1274 279889.0
1265 1275 279665.0
1265 1276 279441.0
1265 1277 279218.0
1265 1284 277662.0
1265 1287 277000.0
1265 1288 276780.0
1265 1289 276560.0
1265 1290 276341.0
1265 1291 276122.0
1265 1293 275685.0
1265 1297 274815.0
1251 1299 274165.0
1251 1300 273949.0
1251 1301 273734.0
1251 1306 272661.0
1251 1310 271808.0
1312 1313 271383.0
1312 1317 270537.0
1312 1274 270116.0
1312 1320 269697.0
1312 1322 269278.0
1312 1324 268861.0
1312 1327 268237.0
1312 1331 267409.0
1312 1333 266997.0
1312 1334 266791.0
1312 1335 266586.0
1312 1336 266381.0
1312 1338 265971.0
1312 1339 265767.0
1312 1340 265563.0
1312 1341 265156.0
1100 8 264751.0
1100 1343 264548.0
1100 1346 263942.0
1100 1350 263139.0
1100 1351 262938.0
1100 1353 262539.0
1085 8 262140.0
1085 13 261942.0
1085 48 261347.0
1085 1113 260557.0
1085 1114 260361.0
13 1 259968.0
13 7 259577.0
13 8 259382.0
13 1356 258409.0
13 1101 258022.0
13 1358 257829.0
13 1359 257636.0
13 1360 257444.0
13 1361 257251.0
13 1363 256676.0
14 231 256293.0
14 7 256103.0
14 8 255912.0
14 1083 255722.0
14 1085 255532.0
14 13 255342.0
14 1355 255153.0
14 1356 254963.0
14 1357 254775.0
14 1101 254586.0
14 1358 254397.0
14 1359 254209.0
14 1366 252899.0
14 1367 252713.0
14 911 252527.0
14 1354 252156.0
14 1363 251786.0
14 1370 251601.0
1355 13 251417.0
1355 14 251232.0
1355 1356 251048.0
1355 1101 250865.0
1355 1373 250315.0
1355 1358 250132.0
1355 1374 249768.0
1355 1360 249586.0
1355 1375 249404.0
1356 13 248680.0
1356 14 248499.0
1356 1379 247959.0
1356 1381 247421.0
1356 1382 247242.0
1356 1384 246885.0
1356 1385 246707.0
1357 14 246351.0
1101 13 245997.0
1101 1355 245643.0
1101 1371 245290.0
1101 1372 245114.0
1101 1373 244763.0
1101 1360 243889.0
1101 1375 243714.0
1101 1376 243540.0
1101 1388 243020.0
1101 1389 242847.0
1101 1398 241129.0
1101 1401 240617.0
1101 1403 240278.0
1101 1404 240108.0
1101 1405 239939.0
1371 1355 239601.0
1371 1407 238928.0
1371 1408 238760.0
1371 1409 238593.0
1371 1413 237925.0
1371 1415 237592.0
1371 1416 237426.0
1371 1418 237094.0
1371 1419 236929.0
1371 1421 236599.0
1371 1422 236434.0
1371 1423 236269.0
1371 1426 235777.0
1371 1427 235613.0
1371 1428 235450.0
1371 1430 235123.0
1371 1431 234960.0
1372 1101 234635.0
1372 1371 234473.0
1372 1375 233665.0
1372 1393 233182.0
1102 1101 232862.0
1102 1372 232701.0
1102 1374 232542.0
1102 1376 232382.0
1102 1387 232063.0
1102 1391 231745.0
1102 1377 231587.0
1102 1393 231428.0
1102 1399 231112.0
1102 1402 230954.0
1102 1434 230482.0
1102 1437 230011.0
1102 1438 229855.0
1102 1404 229231.0
1102 1443 228920.0
1102 1405 228765.0
1102 1444 228610.0
1379 1356 228456.0
1373 1101 228147.0
1373 1372 227993.0
1373 1359 227839.0
1358 1355 227378.0
1358 1360 227072.0
1359 14 226766.0
1359 1355 226614.0
1359 1356 226462.0
1359 1101 226309.0
1359 1360 226006.0
1374 1355 225854.0
1374 1101 225703.0
1374 1103 225250.0
1374 1445 224799.0
234 231 224649.0
234 1446 224499.0
1386 1447 224051.0
1360 13 223902.0
1360 1101 223455.0
1360 1359 223159.0
1361 1448 222715.0
1361 1449 222568.0
1361 1450 222421.0
1361 1451 222273.0
1361 1453 221980.0
1361 1455 221687.0
1361 1456 221540.0
1361 1457 221394.0
1361 1459 221103.0
1361 1460 220957.0
1361 1461 220812.0
1448 1361 220667.0
1450 1361 220377.0
1450 1463 220088.0
1450 1464 219943.0
1375 1101 219511.0
1375 1371 219368.0
1375 1372 219224.0
1375 1466 219081.0
1375 1467 218938.0
1375 1469 218652.0
1375 1470 218510.0
1375 1471 218225.0
1375 1472 218083.0
1375 1480 216952.0
1375 1481 216812.0
1375 1485 216251.0
1375 1486 216112.0
1375 1487 215972.0
1375 1488 215833.0
1375 1491 215415.0
1375 1494 215000.0
1375 1497 214585.0
1375 1502 213898.0
1375 1505 213488.0
1375 1506 213351.0
1375 1507 213215.0
1375 1509 212943.0
1375 1511 212671.0
1451 1361 211995.0
1452 1361 211860.0
15 1 211726.0
15 1518 211323.0
15 1519 211189.0
15 1520 211055.0
15 1522 210788.0
15 1523 210655.0
15 1525 210389.0
15 1526 210256.0
908 14 209990.0
908 1527 209858.0
908 20 209330.0
908 1533 208673.0
908 1536 208281.0
908 1538 208020.0
908 912 207501.0
908 1542 207242.0
908 1543 207112.0
908 1544 206983.0
908 1548 206468.0
908 1549 206340.0
908 1552 205956.0
908 1556 205446.0
1453 1557 205191.0
1453 1460 205064.0
1466 1375 204938.0
1466 1558 204811.0
1466 1559 204684.0
1466 1561 204432.0
1466 1563 204180.0
1466 1564 204054.0
1467 1375 203929.0
1468 1375 203803.0
1468 1566 203552.0
1468 1567 203427.0
1468 1573 202680.0
1468 1576 202308.0
1469 1375 201814.0
1376 1372 201323.0
1376 1375 201078.0
1376 1387 200955.0
1376 1581 200346.0
1376 1395 200103.0
1376 1584 199619.0
1376 1399 199378.0
1376 1400 199258.0
1376 1439 198777.0
1590 1591 197942.0
1590 1592 197823.0
1590 1593 197704.0
1590 1596 197349.0
1590 1598 197113.0
1590 1603 196525.0
1590 1604 196407.0
1590 1605 196290.0
1590 1606 196173.0
1590 1607 196056.0
1590 1609 195823.0
1590 1614 195242.0
1590 1615 195126.0
1590 1618 194779.0
1590 1619 194664.0
1590 1628 193631.0
1590 1629 193517.0
1590 1631 193289.0
1590 1632 193175.0
1590 1633 193062.0
1590 1634 192948.0
1590 1635 192835.0
1590 1636 192722.0
1590 1637 192608.0
1590 1639 192382.0
1590 1641 192157.0
1527 908 191932.0
1527 1643 191708.0
1527 1529 191484.0
1527 1555 191149.0
1472 1473 190926.0
1472 1644 190815.0
1472 1645 190703.0
1472 1486 190371.0
1472 1647 190260.0
1472 1491 190150.0
1472 1648 190039.0
1472 1501 189929.0
1473 1375 189599.0
1473 1477 189270.0
1473 1651 189161.0
1644 1472 188615.0
1655 1657 188398.0
1655 1658 188289.0
1655 1660 188072.0
1655 1662 187856.0
1655 1664 187640.0
1655 1666 187425.0
1655 1513 186782.0
1655 1672 186675.0
1655 1678 186036.0
1655 1679 185930.0
1655 1685 185296.0
1655 1690 184771.0
1655 1692 184561.0
1655 1693 184457.0
1655 1694 184353.0
1655 1697 184040.0
1655 1699 183832.0
1655 1700 183728.0
1655 1701 183625.0
1655 1702 183521.0
1655 1703 183418.0
1655 1706 183108.0
1655 1707 183005.0
1655 1708 182902.0
1655 1709 182799.0
1655 1710 182697.0
1407 1716 181981.0
1407 1408 181879.0
1407 1717 181777.0
1407 1411 181676.0
1407 1718 181574.0
1407 1721 181270.0
1407 1722 181169.0
1407 1723 181068.0
1407 1727 180665.0
1407 1728 180564.0
1407 1730 180364.0
1407 1731 180263.0
1407 1733 180063.0
1407 1735 179864.0
1407 1736 179764.0
1407 1737 179664.0
1407 1740 179366.0
1407 1741 179267.0
1407 1742 179168.0
1407 1743 179069.0
1407 1747 178674.0
1407 1750 178379.0
1407 1752 178183.0
1407 1753 178085.0
1407 1754 177987.0
1407 1759 177499.0
1407 1762 177207.0
1407 1763 177110.0
1407 1765 176916.0
1407 1766 176820.0
1407 1417 176627.0
1407 1768 176530.0
1407 1770 176338.0
1407 1771 176241.0
1407 1774 175954.0
1407 1776 175762.0
1407 1777 175667.0
1407 1780 175381.0
1407 1783 175095.0
1407 1788 174622.0
1407 1789 174527.0
1407 1791 174339.0
1407 1792 174245.0
1407 1794 174057.0
1407 1798 173682.0
1407 1803 173215.0
1407 1804 173122.0
1407 1805 173029.0
1407 1807 172843.0
1407 1811 172473.0
1528 1527 172197.0
1528 1643 172105.0
1591 1592 171737.0
1591 1813 171646.0
1591 1593 171554.0
1591 1814 171463.0
1591 1596 171189.0
1591 1599 171007.0
1591 1816 170644.0
1591 1605 170554.0
1591 1611 170373.0
1591 1819 170102.0
1591 1618 169833.0
1591 1822 169743.0
1591 1825 169474.0
1591 1625 169117.0
1591 1626 169028.0
1591 1830 168584.0
1591 1831 168496.0
1591 1633 168319.0
1591 1634 168231.0
1591 1832 168142.0
1591 1636 168054.0
1591 1833 167966.0
1591 1637 167878.0
1591 1640 167615.0
1645 1472 167440.0
1643 1527 167265.0
1643 1837 166830.0
1643 911 166569.0
1643 1840 166483.0
1643 1841 166396.0
1103 8 166310.0
1103 1101 166223.0
1103 1102 166137.0
1103 1374 166051.0
1103 1387 165965.0
1103 1845 165450.0
1387 1101 165279.0
1387 1102 165194.0
1387 1376 165108.0
1847 1851 164513.0
1847 1852 164429.0
1847 1853 164344.0
1847 117 164091.0
1847 1856 164007.0
1847 1857 163923.0
1847 1859 163754.0
1847 1860 163671.0
1847 1863 163419.0
1847 1864 163336.0
1847 1865 163252.0
1847 1869 162919.0
1847 1871 162752.0
1847 1872 162669.0
1847 1875 162421.0
1847 1876 162338.0
1847 145 162256.0
1847 1878 162091.0
1847 1879 162008.0
1847 1881 161844.0
1847 1882 161762.0
1847 1884 161597.0
1847 1886 161434.0
1847 1887 161352.0
1847 1891 161026.0
1847 1893 160863.0
1847 1894 160782.0
1895 1851 160700.0
1895 1896 160619.0
1895 1898 160457.0
1895 1855 160377.0
1895 117 160296.0
1895 1901 159973.0
1895 1865 159813.0
1895 1903 159732.0
1895 1904 159652.0
1895 1905 159572.0
1895 1871 159492.0
1895 1906 159252.0
1895 1908 159093.0
1895 1910 158934.0
1895 1911 158854.0
1895 1912 158775.0
1895 1913 158695.0
1895 1914 158537.0
1895 1915 158458.0
1895 1916 158379.0
1895 1917 158300.0
1895 1918 158221.0
1895 1919 158142.0
1388 1101 157828.0
1388 1374 157671.0
1388 1390 157514.0
1388 1923 157436.0
1388 1393 157280.0
1388 1924 157124.0
1389 1101 157046.0
1389 1376 156891.0
1389 1926 156736.0
1389 1927 156658.0
1389 1928 156581.0
1656 1935 155888.0
1656 1936 155811.0
1656 1938 155658.0
1656 1939 155581.0
1656 1940 155505.0
1656 1941 155429.0
1390 1101 155352.0
1390 1388 155276.0
1390 1943 155048.0
1923 1944 154744.0
1923 1945 154669.0
1942 1390 154593.0
1925 1929 154291.0
1926 1389 154216.0
1926 1946 154066.0
329 5 153916.0
329 1121 153841.0
329 1848 153691.0
329 1948 153542.0
329 106 153467.0
329 1954 153021.0
329 1955 152947.0
329 1956 152873.0
329 1961 152504.0
329 1963 152356.0
329 1964 152283.0
330 5 152209.0
330 1966 151916.0
330 28 151843.0
330 1967 151770.0
330 90 151624.0
330 1968 151551.0
330 1969 151478.0
330 1112 151405.0
330 1972 151187.0
330 1974 151043.0
330 1975 150970.0
330 1977 150753.0
330 1980 150537.0
331 5 150465.0
331 333 150393.0
331 1981 150250.0
331 1982 150178.0
1965 1984 149963.0
1965 1985 149892.0
1965 1986 149821.0
1965 1987 149749.0
332 928 149607.0
332 908 149536.0
332 333 149394.0
332 90 149252.0
332 1971 149110.0
332 1550 148898.0
332 1990 148757.0
332 1991 148687.0
333 331 148476.0
333 332 148406.0
333 1966 148336.0
333 1992 148266.0
333 1993 148196.0
333 1192 148126.0
333 36 148056.0
333 54 147987.0
333 1848 147917.0
333 69 147778.0
333 70 147708.0
333 90 147292.0
333 344 147223.0
333 1998 147154.0
333 1999 147085.0
333 2000 147016.0
333 2001 146947.0
333 2003 146809.0
333 2005 146672.0
333 2006 146603.0
333 2010 146330.0
333 962 146261.0
333 2012 146125.0
333 136 146057.0
333 2013 145989.0
333 2016 145717.0
333 2018 145514.0
333 2021 145177.0
333 2022 145109.0
333 2023 145042.0
333 2025 144908.0
333 2026 144841.0
333 2027 144774.0
335 5 144573.0
335 2029 144506.0
335 2030 144439.0
335 2031 144373.0
1966 333 144239.0
1966 90 144106.0
1966 2034 143974.0
1966 2035 143907.0
1966 2036 143841.0
1966 2037 143775.0
1966 1155 143709.0
1966 2039 143577.0
1966 2040 143511.0
1966 2043 143313.0
1966 2044 143247.0
1966 2045 143182.0
17 2046 143051.0
17 2048 142920.0
17 1992 142854.0
17 2054 142398.0
17 2055 142333.0
18 2059 141944.0
18 2060 141880.0
18 2063 141686.0
18 2066 141429.0
2059 18 141109.0
2059 2062 141045.0
2059 2071 140981.0
2059 2067 140726.0
2059 2074 140663.0
2059 2077 140472.0
2046 1992 140345.0
2046 2050 140282.0
2046 2053 140219.0
1391 1387 139904.0
1391 1842 139841.0
1391 2078 139778.0
1391 2080 139652.0
1391 2081 139590.0
1391 2082 139527.0
1391 2083 139464.0
336 5 139277.0
336 2087 139090.0
336 2089 138966.0
336 2090 138904.0
336 2092 138779.0
336 2093 138717.0
336 2094 138655.0
336 2095 138594.0
336 2097 138470.0
336 2102 138162.0
336 2103 138100.0
336 2110 137672.0
336 2111 137610.0
336 2112 137549.0
337 336 137428.0
337 2113 137367.0
337 2115 137245.0
337 2116 137184.0
337 2117 137124.0
337 2119 137002.0
337 2120 136942.0
19 1 136881.0
19 1093 136821.0
19 77 136580.0
19 2121 136399.0
19 2123 136279.0
19 106 136219.0
19 2124 136160.0
19 2128 135920.0
19 2129 135861.0
19 2130 135801.0
19 2131 135682.0
19 2132 135623.0
19 2134 135504.0
19 2135 135444.0
19 2136 135385.0
19 2137 135326.0
19 2138 135267.0
19 2139 135208.0
19 2141 135090.0
19 2142 135031.0
19 2144 134913.0
19 2149 134619.0
19 2150 134560.0
19 2152 134443.0
19 2153 134385.0
19 2155 134268.0
19 2157 134151.0
1086 8 133803.0
1086 1842 133629.0
1086 1844 133571.0
1086 2162 133398.0
1086 911 133283.0
1086 1354 133225.0
1086 1114 133168.0
1086 2164 133053.0
1377 1101 132881.0
1377 1392 132424.0
1377 2168 132367.0
1377 2169 132310.0
1377 1393 132254.0
1377 1398 132197.0
2166 1377 132084.0
2166 2174 131857.0
2166 2178 131632.0
2166 2179 131576.0
2166 2180 131519.0
2166 2181 131463.0
2166 2182 131407.0
2166 2183 131351.0
2166 2184 131295.0
2166 2186 131183.0
2166 2187 131127.0
2166 2188 131071.0
2166 2189 131016.0
2166 2193 130793.0
2047 17 130682.0
1392 1377 130515.0
2048 2195 130349.0
1992 2046 130184.0
1992 2048 130128.0
1992 2011 130018.0
1992 2012 129963.0
1992 2024 129854.0
20 7 129689.0
20 13 129525.0
20 1643 129307.0
20 1086 129252.0
20 2201 129089.0
20 1196 129035.0
20 2202 128981.0
20 2209 128602.0
20 2210 128495.0
20 2211 128441.0
20 911 128333.0
20 2214 128226.0
20 2215 128172.0
20 1541 128119.0
20 1542 128065.0
2199 2203 127798.0
2199 2205 127692.0
2199 2220 127638.0
2199 2223 127479.0
2199 2224 127426.0
2199 2226 127320.0
2199 2227 127267.0
2199 2228 127214.0
2199 2229 127161.0
2199 2231 127056.0
2199 2233 126950.0
2199 2234 126898.0
2199 2235 126845.0
2199 2236 126793.0
2199 2237 126688.0
2199 2239 126583.0
2199 2215 126426.0
2199 2241 126374.0
2199 2242 126321.0
2199 2244 126217.0
2199 2245 126165.0
2199 2246 126113.0
2199 2247 126061.0
2199 2251 125853.0
2199 2252 125802.0
2199 2253 125750.0
2200 20 125646.0
2200 2254 125595.0
2200 2255 125543.0
2200 2256 125492.0
22 2258 125286.0
22 2262 125080.0
22 2263 125029.0
22 2266 124876.0
22 2267 124825.0
22 2269 124723.0
22 2271 124621.0
22 2272 124570.0
22 2273 124519.0
22 2280 124164.0
22 2281 124114.0
22 2282 124063.0
22 2284 123962.0
22 2285 123912.0
22 2287 123811.0
22 2288 123761.0
22 2289 123711.0
22 2290 123660.0
2113 337 123560.0
2114 2291 123460.0
2114 2294 123310.0
2114 2295 123260.0
2114 2296 123210.0
24 1 123160.0
24 2297 123111.0
24 2298 123061.0
24 2299 123011.0
2115 337 122961.0
1842 1103 122862.0
1842 1391 122813.0
1842 1844 122714.0
1842 2302 122516.0
1842 1432 122417.0
1842 2304 122368.0
1842 2305 122319.0
1842 2306 122270.0
1842 2307 122221.0
1842 2309 122122.0
1842 2310 122073.0
1842 2312 121975.0
1842 2314 121878.0
1842 2316 121780.0
1842 2318 121682.0
1842 2319 121634.0
1842 2322 121488.0
1842 2324 121391.0
1842 2325 121342.0
1842 2326 121294.0
1842 2328 121197.0
1842 2329 121149.0
1842 2333 120956.0
1842 2334 120908.0
1842 2335 120859.0
1842 2337 120763.0
1842 2341 120523.0
1842 2346 120284.0
1842 2350 120094.0
1842 2351 120046.0
1842 2352 119999.0
1842 2353 119951.0
25 1 119762.0
25 34 119620.0
25 1393 119573.0
25 2357 119526.0
25 2362 119290.0
25 2364 119150.0
25 2365 119103.0
25 2368 118962.0
25 120 118916.0
25 1130 118869.0
25 2370 118776.0
25 2371 118729.0
25 1136 118589.0
25 2374 118497.0
25 1140 118357.0
25 2379 118219.0
25 2380 118126.0
25 2381 118080.0
25 2384 117896.0
25 2386 117758.0
25 2387 117712.0
25 2388 117667.0
25 2391 117529.0
25 2392 117484.0
25 2393 117392.0
25 1163 117347.0
25 1172 117165.0
25 2397 117074.0
25 2398 117028.0
25 2399 116983.0
25 2400 116938.0
25 2401 116892.0
25 2402 116847.0
25 2405 116712.0
25 2407 116621.0
25 2408 116576.0
25 2410 116486.0
25 2414 116307.0
25 2415 116262.0
25 2420 116038.0
25 2421 115994.0
25 2425 115815.0
25 2426 115771.0
25 2428 115682.0
25 2429 115638.0
25 2431 115549.0
26 17 115372.0
26 2434 115195.0
2049 17 115107.0
27 1 115063.0
2050 17 115019.0
1121 9 114931.0
1121 2436 114712.0
1121 2438 114625.0
1121 2441 114451.0
1121 2443 114364.0
1121 2444 114320.0
1121 2445 114277.0
1121 2446 114233.0
1121 2448 114147.0
1121 2449 114103.0
1121 1009 114060.0
1121 2451 113973.0
1121 2453 113887.0
1121 2456 113758.0
1121 2458 113672.0
1121 2459 113629.0
1121 2461 113543.0
1121 2462 113500.0
1121 2463 113457.0
1121 2464 113414.0
1121 2465 113371.0
28 330 113243.0
28 2467 113158.0
28 86 113115.0
29 10 112945.0
29 1994 112775.0
29 2469 112733.0
29 2475 112353.0
29 2476 112311.0
29 2479 112185.0
29 2480 112143.0
29 2482 112059.0
29 2483 112017.0
29 2484 111975.0
29 2485 111892.0
29 2487 111808.0
29 1233 111766.0
2060 18 111683.0
2060 86 111600.0
2060 2488 111558.0
2060 2069 111434.0
2060 2492 111351.0
2060 2493 111309.0
1928 1389 111185.0
2195 2048 111144.0
2051 2495 111062.0
30 2496 110938.0
30 2498 110856.0
225 227 110692.0
1380 1356 110610.0
1380 1362 110569.0
1380 2499 110528.0
2201 20 110487.0
2201 2500 110447.0
2201 2502 110365.0
2201 2503 110324.0
1381 1356 110284.0
2467 28 110243.0
2504 2506 110162.0
2504 2507 110121.0
2504 2508 110081.0
2504 2512 109919.0
2504 2513 109878.0
2504 2514 109838.0
2504 2518 109677.0
2504 2519 109636.0
2504 2521 109556.0
2504 2523 109476.0
2504 2524 109435.0
1658 1690 109275.0
2526 2527 109235.0
2526 2529 109155.0
2526 2532 109036.0
2526 2534 108956.0
2526 2535 108916.0
2526 2537 108837.0
2526 2538 108797.0
2526 2539 108757.0
2526 2542 108639.0
2526 2546 108480.0
2526 2549 108362.0
2526 2551 108283.0
2526 2553 108205.0
2526 2554 108166.0
2526 2555 108126.0
2500 1850 108048.0
2500 1241 108009.0
2500 2556 107930.0
2500 1242 107891.0
2500 1243 107852.0
2500 2557 107813.0
2500 2558 107774.0
2500 2559 107735.0
2500 2560 107696.0
2501 2201 107657.0
1843 1103 107580.0
2527 2526 107502.0
2527 2564 107308.0
2527 2565 107269.0
2527 2532 107231.0
2527 2566 107192.0
2527 2570 107038.0
2527 2571 106999.0
2527 2572 106961.0
2527 2573 106922.0
2527 2491 106884.0
2576 2577 106769.0
2576 2578 106731.0
2576 2579 106692.0
2576 2581 106616.0
2061 2587 106387.0
2061 2589 106311.0
1993 333 106235.0
2062 2059 106159.0
2062 2593 106045.0
2591 2062 106007.0
2591 2594 105969.0
31 1 105894.0
31 2596 105856.0
31 2597 105818.0
31 2598 105781.0
1192 333 105705.0
1192 35 105592.0
1192 2599 105480.0
1192 2601 105330.0
1192 2603 105181.0
1192 2605 105106.0
1192 1209 105069.0
1192 2606 105032.0
1192 2607 104994.0
1192 2608 104957.0
1192 135 104846.0
1192 2612 104772.0
1192 2613 104735.0
1192 1285 104698.0
1192 2615 104624.0
1192 2616 104587.0
1192 176 104513.0
1192 2618 104476.0
34 1129 103999.0
34 2626 103963.0
34 2627 103926.0
34 966 103890.0
34 2628 103853.0
34 2629 103817.0
34 2631 103744.0
34 2633 103672.0
34 2133 103599.0
34 2636 103526.0
34 2637 103490.0
34 2638 103454.0
34 2639 103418.0
34 2640 103382.0
34 2641 103346.0
34 2642 103309.0
2052 2643 103237.0
1844 1103 103201.0
1844 1086 103165.0
1844 1842 103129.0
1844 2645 103057.0
2300 1842 103021.0
2300 2646 102986.0
2300 2649 102806.0
2300 2650 102771.0
2300 2655 102592.0
2300 2656 102557.0
2300 2658 102485.0
2300 2659 102450.0
2300 2661 102343.0
2300 2662 102308.0
2300 2663 102272.0
2300 2666 102166.0
2300 2668 102096.0
2300 2669 102060.0
35 2358 101814.0
35 1196 101779.0
35 2362 101708.0
35 2671 101673.0
35 2674 101568.0
35 120 101533.0
35 2675 101498.0
35 2607 101429.0
35 2679 101324.0
35 2681 101254.0
35 2684 101150.0
35 2689 100977.0
35 2692 100873.0
35 2693 100839.0
339 5 100804.0
339 342 100735.0
339 2694 100666.0
1266 1265 100597.0
1266 2697 100529.0
1266 2700 100426.0
1266 2701 100392.0
1266 2702 100357.0
1266 2703 100323.0
1266 2704 100289.0
1266 2706 100221.0
1266 2707 100186.0
1266 2710 100084.0
1266 2711 100050.0
1266 2712 100016.0
1266 2713 99982.2
1266 2716 99880.3
1266 2719 99778.6
1266 2720 99744.8
1266 2721 99710.9
1266 2722 99677.1
1266 2723 99643.3
1266 2728 99474.7
1266 2729 99441.1
1266 2731 99373.8
1266 2733 99306.6
1266 2737 99172.5
1266 2739 99105.6
1266 2741 99038.7
1266 2742 99005.3
1266 2743 98972.0
1266 2744 98938.6
1266 2745 98905.3
1266 2748 98805.4
1266 2751 98705.7
1266 2754 98606.2
1266 2755 98573.1
1266 2756 98540.0
1266 2757 98506.9
1266 2758 98473.9
1266 2759 98440.8
1266 2763 98308.8
1266 2772 98013.1
1266 2773 97980.3
1266 2774 97947.6
1266 2776 97882.2
1266 2777 97849.5
1266 2779 97784.2
1266 2780 97751.6
1266 2783 97653.8
1266 2784 97621.3
1266 2785 97588.8
1266 2786 97556.2
1266 2787 97523.8
1266 2788 97491.3
1266 2791 97394.0
1266 2792 97361.7
1266 2794 97296.9
1266 2796 97232.3
1266 2797 97200.0
1266 2798 97167.8
1266 2799 97135.5
1266 2800 97103.3
1266 2801 97071.1
1266 2804 96974.6
1266 2806 96910.4
1266 2807 96878.3
1266 2808 96846.2
1266 2812 96718.1
1967 330 96654.2
1967 2815 96558.5
1258 1084 96526.6
2168 1377 96494.7
1929 1925 96431.1
1378 1355 96367.5
1646 1472 96335.7
2118 337 96304.0
36 5 96240.6
36 10 96208.9
36 329 96177.2
36 333 96145.6
36 1192 96113.9
36 54 95987.6
36 2818 95924.6
36 1848 95861.6
36 1196 95830.2
36 2820 95798.7
36 2825 95641.8
36 2826 95610.5
36 69 95579.2
36 2830 95454.2
36 2831 95423.0
36 1199 95360.6
36 2833 95329.5
36 1948 95298.3
36 84 95267.2
36 2834 95205.0
36 2835 95174.0
36 89 95142.9
36 2837 94988.0
36 103 94957.1
36 2839 94895.2
36 2842 94771.8
36 2008 94710.3
36 2843 94679.5
36 2844 94648.7
36 2845 94618.0
36 2846 94587.3
36 2847 94556.6
36 2848 94525.9
36 1209 94495.3
36 2849 94464.6
36 135 94281.2
36 2856 94189.7
36 2857 94128.8
36 2479 94098.4
36 2859 94037.6
36 2860 94007.3
36 2862 93946.6
36 2864 93886.0
36 1218 93825.4
36 2866 93795.2
36 2618 93765.0
36 2868 93704.6
36 199 93614.1
36 2871 93584.0
1454 1361 93553.9
37 1 93523.8
2872 2876 93373.7
2872 2877 93343.7
2872 2881 93224.0
2872 2882 93194.1
2872 2884 93134.4
2872 630 92985.4
2872 2888 92955.6
2872 2891 92836.8
2872 2892 92807.2
2872 2894 92718.3
2872 2896 92659.1
2872 2898 92600.0
2872 2900 92541.0
2872 2903 92452.6
2872 2908 92305.6
2872 2910 92246.9
2872 2911 92217.6
2872 2912 92188.3
2872 2916 92071.3
2872 2917 92042.1
2872 2918 92012.9
2872 2919 91983.7
2872 2921 91925.4
2872 2922 91896.3
2872 2924 91838.1
2872 2926 91779.9
2872 2927 91750.9
2872 2931 91634.9
2872 2933 91577.0
2872 2934 91548.0
2872 2938 91432.5
2872 2940 91374.8
2872 2944 91259.7
2872 2947 91173.5
2872 2949 91116.2
2872 2950 91087.5
2872 2952 91030.2
2872 2955 90944.4
2872 2957 90887.3
2872 2960 90801.8
2872 2962 90744.9
2872 2964 90688.0
2872 2968 90574.4
2872 2970 90517.8
2872 2971 90489.4
2872 2972 90461.1
2872 2973 90432.9
2872 2974 90404.6
2872 2976 90348.1
2872 2979 90263.5
2872 835 90235.3
2872 2980 90207.2
2872 2984 90094.7
2872 2989 89926.5
2872 2994 89786.8
2872 2996 89731.0
2872 2998 89675.3
2872 2999 89647.5
2872 3000 89619.6
2872 3001 89591.8
2872 3002 89564.1
2872 3003 89536.3
2872 3006 89453.1
2872 3009 89370.0
2872 3010 89342.3
1944 1923 89259.4
1259 1084 89231.8
38 1265 89121.6
38 1267 89039.1
38 2357 89011.6
38 3017 88901.9
38 3018 88874.5
38 3020 88819.7
38 1994 88765.1
38 3021 88737.7
38 2264 88710.4
38 3026 88574.1
38 135 88546.9
38 3027 88519.7
38 3028 88492.6
38 1242 88465.4
38 3030 88411.1
38 3031 88384.0
38 149 88356.9
38 3034 88275.7
38 3037 88194.6
38 3038 88167.6
1475 1375 88005.9
1475 3045 87952.1
1475 3046 87898.4
1475 3048 87844.8
1475 3049 87818.0
1475 3050 87791.2
1475 3051 87764.4
1475 3052 87737.7
1475 3053 87710.9
1475 3054 87684.2
1475 3055 87657.5
1475 3057 87604.1
1475 3058 87577.4
1475 3060 87524.2
1475 1496 87497.5
1475 3061 87470.9
1475 3062 87444.3
1475 3064 87391.2
1475 3065 87364.6
1475 3066 87338.1
1475 3067 87311.6
1475 3068 87285.1
1475 3069 87258.6
1475 3070 87232.1
1475 3072 87179.2
1475 3073 87152.8
1475 3074 87100.0
1475 3075 87073.6
1475 3076 87047.2
1475 3080 86941.9
1475 3081 86915.6
1475 3084 86836.8
1475 3086 86784.3
1475 3087 86758.1
1362 1380 86679.5
1362 3089 86653.4
1362 3090 86627.2
1362 3091 86601.1
1362 3092 86575.0
1476 1375 86548.9
1476 1473 86496.8
1476 3097 86340.7
1476 1486 86314.7
1476 1647 86262.8
1476 3099 86211.0
1476 1648 86159.2
1476 3100 86133.3
1476 3101 86107.5
1476 3103 86055.8
1476 3104 86030.0
1476 3105 86004.2
1476 3106 85978.4
1476 1501 85926.9
1476 3109 85875.4
1476 3110 85849.7
1476 3111 85824.0
341 5 85798.4
3112 3117 85670.2
3112 3119 85619.0
3112 3123 85516.8
3112 3125 85465.8
3112 3126 85440.3
3112 3129 85363.9
3112 3130 85338.5
3112 3132 85287.7
3112 3133 85262.3
3112 3134 85236.9
3112 3136 85186.2
3112 3137 85160.8
3112 3140 85084.9
3112 3141 85059.6
3112 3145 84958.7
3112 3147 84908.3
3112 3148 84883.1
3112 3150 84832.8
3112 3151 84807.6
3112 3152 84782.5
3112 3153 84757.4
3112 3154 84732.3
3112 3155 84707.2
3112 3158 84632.0
3112 3159 84607.0
1365 14 84582.0
3160 3161 84557.0
3160 3163 84507.0
3160 3164 84482.0
3160 3165 84457.1
3160 3166 84432.1
3160 3167 84407.2
3160 3168 84382.3
3160 3171 84307.6
3160 3172 84282.8
3160 3173 84257.9
3160 3174 84233.1
3160 3175 84208.3
3160 1883 84133.9
3160 3180 84059.7
3160 3181 84035.0
3160 3182 84010.3
3160 3183 83985.6
3160 3186 83911.5
3160 3187 83886.9
3160 3190 83813.1
3160 3192 83763.9
3160 3193 83739.3
3160 3194 83714.8
3160 3196 83665.7
3160 3197 83641.2
342 5 83616.7
2078 2080 83518.8
227 225 83396.8
227 3199 83348.1
227 3203 83250.8
227 3207 83129.5
3210 3211 83056.9
3210 3212 83032.7
3210 3213 83008.5
39 2471 82887.8
39 3216 82863.7
39 3217 82839.7
39 3218 82815.6
39 3219 82791.5
39 3220 82767.5
39 3221 82743.5
39 2482 82575.6
39 177 82551.7
3198 3227 82480.0
3198 3228 82456.1
3198 3231 82384.5
3198 3232 82360.7
3198 3236 82265.5
3198 3237 82241.8
3198 3238 82218.0
3198 3240 82170.5
3198 3241 82146.8
3198 3242 82123.1
3198 3243 82099.4
3198 3247 82004.8
3198 3248 81981.2
3198 3250 81934.0
1477 1473 81886.8
1477 1476 81863.2
1477 3251 81839.7
1477 3253 81769.1
1651 1477 81675.2
3013 38 81581.4
3013 3254 81558.0
3013 3255 81511.3
3013 2468 81464.5
3227 3198 81394.6
3227 3260 81324.7
3227 3240 81278.2
3227 3261 81231.7
3227 3262 81208.5
3113 3263 81138.9
3113 3264 81115.7
3113 3265 81092.5
3113 3267 81046.3
3113 3268 81023.1
3113 3270 80976.9
3229 3198 80907.7
2169 1377 80861.6
3230 3198 80838.6
3273 3274 80815.6
3273 3275 80769.6
3273 3281 80631.9
3273 3284 80563.2
3273 3285 80540.3
3273 3286 80517.5
3273 3287 80494.6
3273 3289 80449.0
3273 3290 80426.2
3273 3291 80403.4
3273 3293 80357.8
3273 3294 80335.0
3296 3298 80244.1
3296 3299 80221.4
3296 3300 80198.7
3296 3301 80176.0
3296 3302 80153.4
3296 3303 80130.7
3296 3305 80085.4
3014 3306 80017.6
3014 3308 79972.4
3014 3309 79949.9
3014 3310 79927.3
3014 3311 79904.8
3014 3312 79882.2
3014 3314 79837.2
3014 3317 79769.8
3014 3318 79747.3
3014 3322 79657.6
3014 3323 79635.2
3014 3324 79612.8
3014 3325 79590.4
3014 3327 79545.7
3014 3328 79523.4
3014 3329 79501.0
3014 3330 79478.7
3014 3331 79456.4
3014 3333 79411.8
3014 3334 79367.3
3259 3336 79300.6
3259 3337 79278.3
3259 3338 79256.1
41 1 79233.9
41 3340 79167.4
41 3341 79145.3
41 3343 79101.0
41 3344 79078.9
41 3345 79056.8
41 3016 79034.7
41 58 79012.6
41 3346 78990.5
41 3347 78968.5
41 3350 78902.4
41 3351 78880.4
41 3352 78836.4
41 3353 78814.4
41 3354 78792.4
41 3355 78770.5
3335 3259 78726.6
3337 3259 78682.7
3338 3259 78638.9
3200 227 78595.2
3252 1477 78573.3
1267 1265 78551.5
1267 38 78529.7
1478 1375 78507.8
2080 1391 78442.4
2080 2078 78420.7
1194 3360 78377.1
1194 3366 78225.1
1194 3369 78160.2
1194 3370 78138.5
1194 3371 78116.9
1194 3374 78052.1
1194 3375 78030.5
1194 3378 77965.8
1194 3381 77879.8
1194 3382 77858.3
1194 3386 77772.4
1194 3388 77729.5
1194 3390 77686.7
1194 3391 77665.3
1194 3394 77601.2
1194 3398 77515.9
2817 36 77494.5
2817 1200 77473.2
42 1 77430.7
3260 3227 77409.4
3260 3400 77324.4
3260 3401 77282.0
3231 3198 77260.8
3231 3233 77218.5
3232 3198 77091.7
3233 3231 77028.4
3233 3399 77007.4
3233 3400 76965.3
3233 3405 76944.2
3234 3198 76923.2
3399 3233 76839.2
3399 3402 76776.3
3399 3411 76713.6
3399 3414 76650.9
3399 3400 76609.1
3235 3420 76484.2
3235 3424 76401.1
3235 3425 76380.3
3235 3428 76318.1
3235 3430 76276.7
3235 3436 76152.7
3235 3438 76111.5
3235 3440 76070.3
3235 3441 76049.7
3235 3445 75967.4
3235 3447 75926.4
3235 3448 75905.9
3235 3449 75885.4
3235 3451 75844.4
3235 3453 75803.4
3235 3456 75742.1
3235 3459 75680.9
3235 3460 75660.5
3235 3462 75619.7
3235 3463 75599.3
3235 3467 75518.0
3235 3468 75497.7
3235 3471 75436.8
3235 3472 75416.5
3235 3473 75396.3
3235 3474 75376.0
3235 3477 75315.3
3235 3478 75295.1
3235 3479 75274.9
3235 3480 75254.7
3235 3481 75234.5
3235 3486 75133.7
3235 3487 75113.6
3235 3490 75053.3
3407 3399 75033.2
3407 3415 75013.1
3491 3492 74953.0
3491 3493 74932.9
3494 3496 74892.9
3494 3502 74773.0
3494 3506 74693.3
3494 3507 74673.3
3494 3508 74653.4
3494 3509 74633.6
3494 962 74613.7
3494 3511 74573.9
3494 3514 74514.4
3494 3515 74494.6
3494 3516 74474.8
3494 3520 74395.6
3494 3522 74356.1
3494 127 74336.4
3494 3523 74316.6
3494 3524 74296.9
3494 3525 74277.2
3494 3527 74237.8
3494 3529 74198.4
3494 3531 74159.1
3494 3533 74119.8
3494 3534 74100.2
3494 3536 74061.0
3494 3538 74021.8
3494 3539 74002.2
3494 3540 73982.6
3494 3541 73943.5
3494 3542 73924.0
3494 3546 73845.9
3494 3547 73826.4
3494 3548 73806.9
3494 3549 73787.4
3494 3554 73690.2
3494 3555 73670.7
3494 3561 73554.4
3494 3563 73515.7
3494 3564 73496.4
3494 3565 73477.0
3494 3568 73419.1
3494 3569 73399.8
3297 3571 73342.0
3297 3573 73303.5
3297 3574 73284.3
3297 3575 73265.0
3297 3576 73245.8
355 224 73226.6
355 356 73188.2
355 3578 73169.1
355 3579 73149.9
355 3581 73092.4
3582 3583 73035.1
3582 71 73015.9
3582 3584 72977.8
3582 84 72939.6
3582 3586 72920.6
3582 3587 72901.5
3582 3588 72882.5
3582 3589 72863.4
3582 1998 72844.4
3582 3590 72825.4
3582 2208 72787.4
3582 3594 72730.4
3582 3597 72673.6
3582 3598 72654.7
3582 3600 72616.8
3582 3604 72541.3
3582 3606 72503.5
3238 3198 72484.7
3238 3239 72447.0
3402 3233 72390.5
3402 3404 72334.2
3402 3607 72315.4
3409 3399 72277.9
3239 3238 72221.7
3239 3609 72184.3
3240 3198 72165.6
3240 3227 72146.9
3240 3260 72128.2
3240 3238 72090.8
3240 3610 72053.5
3240 3249 72016.3
3610 3240 71997.7
3241 3198 71941.8
3241 3612 71923.3
3241 3615 71867.6
3241 3616 71849.0
3241 3619 71793.4
3241 3621 71756.4
3241 3622 71737.9
3241 3623 71719.4
3241 3626 71664.0
3241 3627 71645.5
3241 3630 71590.2
3241 3632 71553.4
3241 3633 71535.0
3241 3635 71498.2
3241 3638 71443.1
3241 3639 71424.8
3241 3640 71406.4
3241 3641 71388.1
3241 3642 71369.8
3241 3644 71333.1
3241 3645 71314.8
3241 3646 71296.6
3241 3648 71260.0
3241 3649 71241.7
3241 3650 71223.5
3241 3652 71187.0
3241 3655 71132.3
3241 3657 71095.9
3241 3660 71041.4
3241 3662 71005.1
3241 3663 70986.9
3241 3665 70950.7
3241 3669 70878.3
3241 3670 70860.2
3241 3672 70824.0
43 1 70806.0
43 8 70787.9
43 47 70715.8
43 3678 70607.9
43 3680 70572.0
43 3682 70536.1
43 3683 70518.2
43 3686 70464.4
43 3691 70375.1
3412 3414 70285.9
3412 3415 70268.1
3201 227 70232.5
3201 3694 70214.7
44 55 70072.7
44 3700 70055.0
44 77 70037.3
44 86 70019.6
44 3701 70002.0
44 3703 69931.3
44 2143 69878.4
44 2145 69860.8
2297 24 69825.6
3413 3709 69737.7
3413 3415 69720.1
1236 12 69702.6
1236 3710 69685.0
1236 3711 69667.5
3707 3413 69632.5
3708 3413 69614.9
3414 3399 69597.4
3414 3714 69545.0
1479 1375 69475.2
3205 227 69422.9
3205 3717 69405.5
1237 12 69370.7
3709 3413 69353.3
3709 3719 69335.9
3706 2297 69318.6
3706 3720 69301.2
3722 3723 69266.5
3722 3727 69197.2
3722 3729 69162.6
3420 3730 69128.0
3420 3732 69093.5
3420 3734 69059.0
3420 3736 69024.5
3420 3737 69007.3
3420 3738 68990.1
3420 3740 68938.4
3420 2378 68904.1
3420 3742 68886.9
3420 3743 68869.7
3420 3745 68835.4
3420 3746 68818.3
3420 3747 68801.2
3420 3748 68784.0
3420 3750 68749.8
3420 3752 68715.6
3420 3753 68698.5
3420 3757 68630.3
3420 3759 68596.2
3420 3763 68528.1
3420 3765 68494.1
3420 3770 68409.3
3420 3772 68375.4
3420 3773 68358.4
3420 3774 68341.5
3420 3778 68273.9
3420 3783 68189.5
3420 3786 68139.0
3420 3787 68122.2
3420 3789 68088.6
3420 3790 68071.8
3420 3791 68055.0
3420 3792 68038.2
3420 3794 68004.6
3420 3795 67987.9
3420 3796 67971.1
3420 3799 67920.9
3420 3800 67904.2
3420 3801 67887.5
3420 3802 67870.8
3420 3804 67837.4
3420 3805 67820.7
3420 3806 67804.0
3420 3807 67787.3
3420 3808 67770.6
3420 3810 67737.3
3420 3813 67687.4
3420 3814 67670.8
3420 3817 67621.0
3420 3819 67587.8
3420 3820 67571.2
3420 3825 67488.5
3420 3826 67472.0
3420 3828 67438.9
3420 3830 67405.9
3420 3831 67389.4
3420 3832 67372.9
3420 3833 67356.4
3420 3834 67340.0
3420 3836 67307.1
3420 3839 67257.7
3420 3841 67224.9
3420 3843 67192.1
3420 3848 67110.1
3420 3855 66995.8
3420 3856 66979.5
3420 3857 66963.2
3420 3858 66946.9
3420 3859 66930.6
3420 3860 66914.3
3420 3864 66849.2
3420 3868 66784.3
3420 3869 66768.1
3420 3870 66751.9
3420 3871 66735.7
3420 3872 66719.5
3420 3878 66622.5
3420 3879 66606.3
3420 3882 66557.9
3420 3885 66509.6
3420 3886 66493.5
3420 3888 66461.3
3420 3892 66397.1
3420 3894 66365.0
3420 3895 66349.0
3420 3896 66333.0
3420 3899 66284.9
3420 3902 66237.0
3420 3903 66221.0
3420 3906 66173.1
3420 3910 66109.4
3421 3235 66045.8
3423 3235 66014.0
3424 3235 65998.1
3424 3455 65950.5
3424 3917 65918.8
3424 3918 65903.0
3424 3919 65887.2
3424 3920 65871.4
3424 3921 65855.6
3424 3927 65760.8
3424 3929 65729.3
3424 3930 65713.6
3424 3931 65697.8
3424 3932 65682.1
3424 3934 65650.6
3424 3936 65619.2
3424 3938 65587.8
3424 3939 65572.1
3424 3942 65525.1
3424 3943 65509.4
3424 3946 65446.9
3424 3950 65384.4
3424 3951 65368.8
3424 3952 65353.2
3424 3956 65290.9
3424 3958 65259.8
3424 3961 65213.2
3424 3964 65166.7
3424 3965 65151.2
3424 3966 65135.7
3424 3967 65120.2
3424 3969 65089.2
3424 3972 65042.8
3424 3973 65027.4
3424 3975 64996.5
3424 3977 64965.6
3424 3979 64934.8
3424 3984 64857.9
3424 3985 64842.5
3424 3988 64796.4
3424 3989 64781.1
3424 3990 64765.8
3424 3994 64704.5
3424 3996 64673.9
3424 3997 64658.6
3425 3235 64628.0
3242 3198 64612.8
3999 4001 64582.3
3999 4002 64567.0
3999 4004 64536.5
3999 4005 64521.3
3999 4006 64506.1
3999 4007 64490.9
3999 4008 64475.6
3571 3297 64460.4
45 4009 64430.1
3426 4011 64369.4
3426 4013 64339.1
3426 4014 64323.9
3426 4016 64293.6
3426 4018 64263.4
3426 4020 64233.2
3426 4021 64218.1
3426 4022 64203.0
3426 4025 64157.8
3426 4026 64142.7
3426 4027 64127.6
3426 4028 64112.6
3426 4030 64082.5
3426 4031 64067.5
3426 4033 64022.4
3426 4034 64007.4
3426 4035 63992.4
3426 4036 63977.4
3426 4042 63887.5
3426 4044 63857.7
3426 4045 63842.7
3426 4048 63797.9
3426 4050 63768.1
3426 4053 63723.5
3426 4055 63693.7
3426 4059 63634.3
3426 4060 63619.4
3426 4062 63589.8
3426 4064 63560.1
3426 4067 63515.7
3426 4069 63471.4
3426 4073 63412.3
3426 4075 63382.8
3426 4076 63368.1
3426 4080 63309.2
3426 4083 63265.1
3426 4085 63235.8
3426 4086 63221.1
3426 4087 63206.4
3426 4088 63191.8
3426 4089 63177.1
4090 4091 63147.8
4090 4093 63118.6
4090 4095 63089.3
4090 4096 63074.7
4090 4097 63060.1
4090 4098 63045.5
4090 4104 62958.1
4090 4105 62943.5
4090 4109 62870.8
4090 4111 62841.8
4090 4112 62827.3
3243 3198 62668.2
1393 1388 62596.1
1393 1377 62581.7
1393 25 62567.3
1393 1394 62552.9
1393 4121 62538.5
1393 4122 62524.1
1393 4125 62481.0
1393 1398 62452.3
1393 4127 62438.0
1393 4128 62423.7
1393 4132 62366.4
1393 4133 62352.1
1393 1402 62337.8
1393 4135 62309.2
1393 4137 62266.4
1393 4138 62252.1
1394 4123 62209.4
1394 4139 62195.1
1394 4141 62152.5
1394 4142 62138.2
1394 4144 62109.8
3673 49 62038.9
1235 4146 61982.3
4121 1393 61968.1
205 2 61954.0
4122 4131 61925.7
4122 4147 61911.6
4122 4149 61883.4
4122 4151 61855.2
4122 4152 61841.1
4122 4154 61812.9
4122 4156 61784.8
4122 4158 61756.7
206 4159 61714.6
206 4160 61700.5
206 4164 61644.5
206 4168 61588.5
206 4169 61574.5
206 4174 61504.7
206 4176 61476.8
206 4177 61462.9
206 4178 61449.0
206 4179 61435.1
46 4181 61393.3
46 4184 61351.7
46 4185 61337.8
4181 4187 61296.2
3674 43 61282.3
3674 4189 61254.6
207 2 61226.9
47 1085 61157.9
47 1086 61144.1
47 43 61130.3
47 2257 61075.1
47 4191 61033.9
47 4192 61020.1
47 4193 61006.4
47 4194 60992.6
47 4195 60978.9
47 4196 60965.2
48 1083 60896.6
48 1085 60882.9
49 43 60855.6
49 3673 60841.9
49 47 60828.2
49 4199 60787.2
49 3689 60773.6
49 4200 60760.0
49 4201 60746.3
4123 1393 60732.7
4123 4205 60651.0
4123 4206 60637.4
4123 4207 60623.9
4123 4210 60583.1
4123 4129 60569.6
4123 4211 60556.0
4123 4213 60528.9
4123 4214 60515.4
4123 4218 60461.3
4123 4221 60420.7
4123 4228 60326.4
4123 4234 60245.7
4123 4236 60218.9
4123 4237 60205.5
4123 4239 60178.6
4123 4240 60165.2
4123 4242 60138.5
4123 4244 60111.7
4123 4246 60085.0
4123 4247 60071.6
4123 4249 60044.9
4123 4250 60031.6
4123 4253 59991.6
4123 4254 59978.3
3675 4258 59885.2
3675 4260 59858.6
209 2 59818.8
4257 4260 59792.3
4258 3675 59779.1
1269 1265 59765.8
1269 4263 59752.6
1269 4265 59726.2
1269 4267 59699.8
1269 4271 59647.0
1269 4276 59581.1
1269 4277 59568.0
1269 4280 59528.5
1269 4281 59515.4
1269 4282 59502.3
1269 4284 59476.0
1269 4285 59462.9
1269 4286 59449.8
1269 4287 59436.7
1269 4288 59423.6
1269 4294 59345.1
1269 4296 59319.0
1269 4299 59279.9
1269 4300 59266.9
1269 4301 59253.8
1269 3546 59240.8
1269 4303 59214.8
1269 4306 59175.8
1269 4307 59162.8
1269 4309 59136.8
1269 4312 59097.9
1269 4313 59085.0
1269 4314 59072.0
4263 1269 59020.2
210 2 59007.3
3427 3235 58994.4
3415 3407 58968.5
3415 3402 58955.6
3415 3412 58942.7
3415 4317 58916.9
3415 4318 58904.1
3415 4319 58891.2
3415 4321 58865.4
3699 4322 58839.7
3699 4323 58826.8
3699 4325 58801.2
3699 4326 58788.3
3677 1263 58762.6
1263 3677 58724.2
1263 4327 58711.4
1239 12 58673.0
1239 1243 58660.2
3246 3198 58634.6
50 99 58609.1
50 4329 58596.3
3400 3260 58583.6
3400 3399 58545.3
3429 4331 58507.1
3430 3235 58469.0
3247 3198 58456.2
3431 3235 58430.8
3678 4334 58405.5
3678 4335 58392.8
3678 4336 58380.1
3432 3235 58367.4
3432 4337 58354.8
3611 4338 58329.4
1110 1083 58316.8
1110 4340 58291.5
51 54 58228.4
51 77 58215.7
51 2844 58203.1
52 58 58140.2
52 4342 58127.6
52 4344 58089.9
52 4347 58052.2
52 4350 58014.6
3679 43 57939.5
4124 4356 57889.6
4124 4357 57877.1
4124 4358 57864.6
4124 4359 57839.7
4124 4360 57827.2
4124 4361 57814.8
4124 4362 57802.3
4124 4363 57789.9
4124 4365 57765.0
4124 4209 57727.7
4124 4368 57702.9
4124 4369 57690.5
4124 4213 57653.3
4124 4372 57640.9
4124 4374 57616.2
4124 4375 57603.8
4124 4376 57591.5
4124 4377 57579.1
4124 4379 57554.4
4124 4380 57529.7
4124 4384 57480.4
4124 1729 57468.1
4124 4385 57455.8
4124 4386 57443.4
4124 4388 57418.8
4124 4389 57406.6
4124 4391 57382.0
4124 4392 57369.7
4124 4393 57357.4
4124 4394 57332.9
4124 4395 57320.6
4124 4397 57296.1
4124 4399 57271.6
4124 4407 57173.9
4124 4226 57125.1
4124 4227 57113.0
4124 4411 57100.8
4124 4412 57088.6
4124 4414 57064.3
4124 4418 57015.7
4124 4420 56991.4
4124 4422 56967.2
4124 4423 56955.1
4124 4425 56930.9
4124 4426 56918.8
4124 4427 56906.7
4124 4428 56894.6
4124 4434 56822.1
4124 4435 56810.1
4124 4436 56798.0
4124 4437 56786.0
4124 4439 56761.9
4124 4440 56749.8
4124 4443 56713.8
4124 4447 56665.7
4124 4449 56629.7
4124 4451 56605.8
4124 4251 56593.8
4124 4453 56569.8
4124 4255 56510.1
4124 4256 56498.1
4124 4458 56486.2
4124 4459 56474.3
3680 43 56450.4
3680 4461 56438.5
53 1 56426.6
53 4462 56414.7
4202 4123 56402.8
3681 43 56390.9
3433 3235 56379.0
1580 1376 56367.1
1581 1376 56355.2
1581 4463 56343.4
1395 1376 56307.8
1395 1396 56295.9
1395 1432 56248.5
1395 4467 56213.0
3248 3198 56189.4
1396 1101 56165.7
1396 1395 56142.1
1396 4468 56095.0
2643 4469 56071.4
2643 4472 56036.1
2643 4474 56012.6
2643 4475 56000.9
2643 4476 55989.1
2643 4478 55965.7
2643 4479 55953.9
2643 4480 55942.2
1583 1842 55895.4
1583 1400 55860.3
1583 4464 55813.5
1583 1432 55790.2
1583 4488 55743.6
1583 4489 55731.9
1583 4490 55720.3
1583 4492 55697.0
1583 4497 55639.0
1583 4498 55627.4
1583 4499 55615.8
1583 4500 55604.2
1583 4502 55581.0
1583 4503 55569.4
1583 4504 55557.8
1583 4507 55523.1
1583 4508 55511.6
1583 4510 55488.5
1583 4512 55465.4
1583 2325 55453.8
1583 4513 55442.3
1583 4514 55430.8
1583 4519 55361.7
1583 2329 55327.2
1583 4522 55315.7
1583 4524 55292.8
1583 4525 55281.3
1583 4526 55269.8
1583 4528 55246.9
1583 4531 55212.6
1583 4533 55189.7
1583 1439 55155.4
1583 4538 55121.2
1583 4539 55109.8
1583 4547 55018.7
1583 4548 55007.3
1583 4549 54995.9
1583 4550 54984.6
1583 4552 54961.9
1583 4558 54893.9
1583 4560 54871.2
1583 4563 54837.3
1583 4564 54826.0
1583 4566 54803.4
1583 4567 54792.1
1583 4568 54780.8
1583 4570 54758.3
1583 4571 54747.0
1583 4572 54724.5
1583 4573 54713.2
1583 4574 54702.0
1583 4576 54679.5
1583 4468 54634.6
4581 4582 54612.1
4581 4583 54600.9
4581 4584 54589.7
4581 4585 54578.5
4581 4586 54567.3
4581 4587 54556.1
4581 4589 54533.7
4581 4590 54522.5
4581 4592 54500.2
4581 4595 54466.7
4581 4597 54444.4
4581 4599 54422.1
4581 4600 54410.9
4581 4603 54377.5
4581 4604 54366.4
4581 4605 54355.3
4581 4606 54344.2
4581 4609 54310.8
4614 4619 54200.0
4614 4620 54189.0
4614 4622 54166.9
4614 4629 54089.6
4614 4630 54078.6
4614 4632 54056.6
4614 4633 54045.6
4614 4634 54034.6
4356 4124 53946.7
4356 4358 53935.7
4356 4204 53924.8
4356 4359 53913.8
4356 4205 53902.9
4356 4640 53859.1
4356 4642 53837.2
4356 4379 53826.3
4356 4643 53815.4
4356 4647 53771.8
4356 4648 53760.9
4356 4650 53739.1
4356 4652 53717.3
4356 4653 53706.4
4356 4655 53673.8
4356 4657 53652.1
4356 4658 53641.2
4356 4660 53619.5
4356 4661 53608.7
4356 4662 53597.8
4356 4663 53587.0
4356 4668 53532.9
4356 4669 53522.1
4356 4671 53500.5
4356 4672 53489.7
4356 4675 53457.3
4356 4676 53446.5
4356 4679 53414.2
4356 4682 53381.9
4356 4683 53371.2
1584 4684 53349.7
1584 4685 53338.9
1584 4686 53328.2
4125 4687 53306.7
4125 4688 53296.0
4125 4689 53285.3
4182 46 53274.5
4687 4691 53242.4
4687 4694 53199.6
4687 4695 53188.9
4357 4124 53178.2
4357 4358 53167.6
4357 4204 53156.9
4357 4205 53146.2
4357 4364 53135.5
4357 4699 53092.9
4357 4250 53061.0
4357 4453 53039.7
4357 4702 53018.5
4357 4256 53007.8
2357 4703 52965.4
2357 4704 52954.8
2357 4705 52944.2
3684 3679 52912.4
4358 4124 52891.3
4358 4357 52870.1
4358 4203 52859.5
4358 4709 52827.9
4358 4363 52796.2
4358 4208 52775.1
4358 4209 52764.6
4358 4711 52754.1
4358 4712 52743.6
4358 4715 52701.5
4358 4716 52691.0
4358 4717 52680.5
4358 4718 52670.0
4358 4719 52659.5
4358 4720 52649.0
4358 4721 52638.5
4358 4724 52607.1
4358 4727 52575.7
4358 4730 52523.4
4358 4251 52492.1
4358 4453 52471.3
4358 4733 52450.4
4358 4734 52440.0
4203 4124 52388.0
4203 4737 52367.2
4203 4740 52336.1
4203 4741 52325.7
4203 4743 52305.0
4203 4204 52273.9
4203 4208 52242.9
4203 4209 52232.5
4203 4367 52211.9
4203 4213 52191.2
4203 4747 52180.9
4203 4726 52129.4
4203 4225 52108.8
4203 4753 52067.6
4203 4754 52057.4
4203 4755 52047.1
4203 4757 52026.6
4203 4758 52016.3
4203 4760 51995.8
4203 4247 51975.3
4203 4763 51954.8
4203 4250 51944.6
4203 4768 51862.9
4203 4769 51852.7
4737 4203 51842.5
4737 4775 51781.4
4737 4776 51771.2
4737 4778 51750.8
4737 4780 51730.5
4737 4782 51710.2
4738 4790 51608.9
4738 4793 51578.6
4738 4794 51568.5
4738 4797 51538.2
4126 1393 51487.9
3404 3231 51477.8
54 5 51447.6
54 51 51387.4
54 3016 51377.3
54 4800 51337.3
54 77 51327.2
54 4801 51317.2
54 344 51287.2
54 1999 51267.2
54 4805 51237.3
54 4806 51227.3
54 101 51207.4
54 4808 51187.4
54 4811 51157.6
54 4812 51147.6
54 113 51137.7
54 4814 51117.8
54 4816 51088.0
54 4817 51078.1
54 4818 51068.2
54 4820 51048.4
54 4822 51028.5
54 4823 51018.6
54 4827 50969.2
54 4829 50939.5
54 1877 50929.7
54 4832 50900.1
54 4833 50890.2
54 173 50870.5
54 4838 50831.2
54 4840 50811.5
54 4842 50791.9
54 4843 50782.0
54 4844 50772.2
4740 4203 50733.0
4740 4846 50713.4
4741 4203 50693.8
4741 4739 50684.1
4741 4742 50674.3
4742 4741 50645.0
4743 4848 50615.7
4743 4850 50596.2
4743 4853 50566.9
4743 4855 50547.5
4743 4856 50537.7
4743 4250 50518.3
4743 4251 50508.5
1195 36 50469.7
1195 4859 50440.6
1195 1140 50392.2
1195 4863 50382.5
1195 4865 50363.1
1195 4867 50343.8
1195 2855 50334.2
1195 4869 50305.2
1195 4870 50295.5
1195 1217 50285.9
1195 1219 50266.6
1195 1888 50257.0
1195 4873 50237.7
1195 4874 50228.1
1195 4878 50189.7
1195 4879 50180.1
1195 4880 50170.5
3340 4881 50141.7
1397 1101 50132.1
1397 4882 50112.9
4744 4749 50093.8
4744 4883 50074.6
4707 4713 50055.5
4707 4714 50045.9
4707 4729 50036.4
4707 4731 50007.7
4707 4886 49998.2
4707 4732 49988.7
4707 4887 49979.1
4707 4733 49969.6
4881 3340 49960.1
4708 4889 49931.5
4708 4890 49922.0
4708 4892 49903.0
4708 4893 49893.5
4708 4894 49883.9
4708 4895 49874.5
4708 4898 49846.0
4708 4899 49836.5
4708 4901 49817.5
4708 4714 49808.1
4708 4902 49798.6
4708 4904 49779.6
4708 4906 49760.7
4708 4907 49751.3
4708 4909 49732.4
4708 4912 49704.0
4708 4917 49656.9
4708 4919 49638.1
4708 4920 49628.6
4708 4925 49581.6
4708 4926 49572.2
4708 4927 49562.8
4708 4930 49515.9
4708 4932 49497.2
4708 4935 49469.1
4708 4937 49450.4
4708 4939 49431.7
4708 4940 49422.4
4708 4941 49413.1
4708 4943 49394.4
4708 4944 49385.1
4708 4948 49347.8
4708 4951 49319.8
4708 4952 49310.5
4708 4179 49301.2
4888 4923 49273.4
4888 4954 49264.1
4888 4955 49254.8
3574 3297 49236.2
55 44 49217.7
55 2358 49208.4
3685 43 49171.4
4957 4100 49152.9
4957 4958 49143.6
4957 4960 49125.2
4957 4961 49115.9
4957 4962 49106.7
4957 2385 49088.2
4957 4964 49079.0
4957 4968 49042.2
4957 4969 49033.0
4957 4971 49014.6
4957 4972 49005.4
4957 4973 48996.2
1480 1375 48977.8
1480 4974 48968.6
1480 1560 48959.4
1480 4978 48922.7
4469 2643 48913.6
2301 1842 48876.9
2301 2312 48867.8
2301 4661 48840.3
2301 4981 48831.2
2301 4982 48822.1
4472 2643 48794.7
4472 4986 48776.4
4472 4988 48758.2
4472 4989 48749.1
1398 1401 48685.4
3687 43 48658.2
3687 4992 48649.1
4199 49 48631.0
4327 1263 48612.8
4327 4996 48585.7
4327 4998 48567.6
1399 1101 48558.5
1399 1102 48549.5
3249 3198 48522.4
3249 3240 48513.4
4091 4999 48486.3
4091 5000 48477.3
4091 5003 48450.2
4091 5004 48441.2
4091 626 48432.2
4091 5005 48423.2
4091 5006 48414.2
4091 4111 48387.3
4091 5008 48378.3
4091 5009 48369.3
4091 5012 48342.4
1400 1101 48333.4
1400 1395 48315.5
1400 1396 48306.5
1400 1583 48297.6
1400 1432 48279.7
1400 1439 48270.7
4473 2643 48252.9
2358 25 48243.9
2358 55 48226.1
2358 106 48208.2
2358 5013 48190.4
2358 5014 48181.5
2358 2607 48163.6
2358 2611 48145.8
2358 2616 48136.9
2358 5016 48128.0
2358 1078 48119.1
4474 2643 48092.5
1401 5018 48056.9
1401 5019 48048.1
1401 5021 48030.3
1401 5023 48012.6
4991 1398 48003.8
4991 5024 47994.9
4991 5025 47986.1
4991 5026 47977.2
4991 5027 47968.4
4991 5031 47933.0
5024 4991 47924.2
5024 5032 47915.4
5024 5033 47888.9
1270 1265 47871.3
1586 1376 47853.7
1586 1583 47844.9
1586 1432 47836.1
1586 5036 47809.7
1586 5040 47765.8
1586 4499 47704.5
1586 4506 47678.2
1586 2325 47669.5
1586 4522 47634.5
1586 4525 47625.8
1586 1439 47590.9
1586 5050 47582.2
1586 5051 47573.5
1586 5052 47564.8
5026 5027 47503.9
4464 1400 47460.5
4464 5057 47451.8
4464 5059 47425.9
4464 5062 47399.9
4464 5064 47382.6
4464 4568 47365.3
4464 4574 47356.7
4464 5066 47348.0
4464 5067 47339.4
4709 4358 47304.9
4709 5071 47287.7
4709 5075 47253.2
4709 4902 47244.6
4709 5076 47236.0
4709 4910 47210.3
4709 5083 47167.4
4709 4925 47158.8
4709 5085 47141.7
4709 5087 47124.5
4709 5089 47107.4
4709 5090 47098.9
4709 5091 47090.3
4709 5092 47081.8
4709 5093 47073.2
4709 5095 47056.1
4709 5101 47005.0
4709 5102 46996.5
4709 5103 46988.0
4709 5104 46979.4
4709 5105 46970.9
4709 5106 46962.4
4709 5107 46953.9
4709 5109 46936.9
4709 5110 46928.4
4475 2643 46903.0
3608 3402 46894.5
3341 41 46886.0
3341 3345 46877.5
3341 5112 46869.0
3341 5117 46826.7
3341 3349 46809.8
3341 5118 46801.3
3341 3350 46792.9
3341 5122 46759.1
3341 5124 46742.2
3341 5125 46733.8
3341 5127 46717.0
3341 5129 46700.1
3341 5130 46691.7
4684 1584 46666.5
3343 3344 46649.7
5131 5134 46624.5
5131 5135 46616.1
5131 5136 46607.7
5131 5138 46590.9
5131 5139 46582.5
4476 2643 46523.9
5027 4991 46498.9
5027 5026 46482.2
3344 41 46465.5
3344 3343 46457.1
3344 5144 46448.8
3345 41 46440.5
3345 3341 46432.1
3015 3016 46407.2
3015 5145 46398.9
5028 5024 46373.9
4745 4203 46365.6
57 1 46357.3
57 38 46349.0
57 5148 46307.5
57 5149 46299.2
57 3032 46282.7
57 5151 46274.4
5153 5154 46249.6
4265 5158 46208.2
4265 5162 46175.2
4189 5166 46134.0
4189 5167 46125.8
5169 5166 46101.1
5169 5171 46092.9
5169 5172 46084.7
5169 5177 46043.6
5169 5182 46002.7
5169 5184 45986.3
5169 5185 45969.9
5169 5186 45961.8
5169 5189 45937.2
5169 5191 45920.9
5169 5195 45888.3
5169 5197 45872.0
5169 5198 45863.8
5169 5199 45855.7
5169 5200 45847.6
5201 5204 45823.2
5201 5207 45798.8
5201 5208 45790.6
5201 5212 45758.2
5201 5213 45750.1
5201 5214 45742.0
5201 5215 45733.9
5201 5216 45725.8
5201 5217 45717.7
5201 5222 45677.2
5029 4991 45669.1
3689 47 45653.0
3689 49 45644.9
5223 5227 45612.6
5223 5228 45604.6
5223 5230 45588.5
5223 5232 45572.4
5223 5233 45564.3
5223 5234 45556.3
4200 49 45540.2
2819 1200 45516.1
4339 4340 45484.0
4339 5238 45467.9
4339 5239 45459.9
4339 5240 45451.9
236 231 45443.9
236 1083 45435.9
236 1085 45419.9
236 1086 45411.9
236 4343 45395.9
236 5241 45371.9
236 5244 45340.0
236 1354 45332.1
236 5245 45324.1
236 241 45316.1
236 5247 45292.2
236 242 45284.3
236 1090 45268.4
236 5249 45260.4
236 5250 45252.5
236 5252 45236.6
236 5254 45220.7
3016 38 45212.8
3016 3017 45181.1
3016 3019 45165.2
3016 5258 45141.5
3016 5262 45109.9
4985 4472 45094.1
4986 4472 45086.2
221 3 45070.4
4092 4090 45062.5
4092 5264 45046.7
4092 5266 45031.0
4092 5268 45015.2
4092 5269 45007.4
4092 5270 44999.5
4092 5274 44968.1
4092 5277 44944.5
4092 5279 44928.8
4092 5280 44921.0
4092 5281 44913.1
4092 5282 44905.3
4092 5283 44897.5
4092 5284 44889.6
4092 5287 44866.2
3017 38 44850.5
4988 4472 44834.9
3018 38 44827.1
3018 5291 44803.7
3018 5293 44780.3
3018 149 44772.5
3018 5294 44764.7
3018 5296 44749.1
4093 4090 44725.8
4093 4092 44718.0
4093 5299 44702.4
4093 5300 44694.7
4093 5301 44686.9
4093 5302 44679.1
4093 5303 44671.4
4093 5304 44663.6
4093 5305 44648.1
4093 5306 44640.4
4093 5307 44632.6
4093 5309 44609.4
4093 5279 44555.3
4093 5317 44509.0
4093 5284 44501.3
4093 5319 44485.9
4093 5321 44470.5
4093 5323 44455.1
4093 5287 44447.4
4093 5325 44432.0
5264 5270 44393.6
5264 5331 44347.6
5264 5332 44340.0
5264 5276 44324.7
4261 3675 44278.8
4261 5339 44271.2
3714 5342 44240.7
3714 5343 44233.0
5340 3714 44225.4
2696 2697 44202.6
2696 2698 44195.0
2696 2702 44187.4
2696 2703 44179.8
2696 2725 44149.4
2696 5348 44119.0
2696 2727 44111.4
2696 5349 44103.8
2696 5352 44073.5
2696 5353 44066.0
2696 5354 44058.4
2696 5355 44050.8
2696 5356 44043.3
2696 2734 44028.2
2696 5359 44013.0
2696 5363 43982.9
2696 5364 43975.3
2696 5366 43945.2
2696 5367 43930.1
2696 2764 43922.6
2696 5370 43900.0
2696 2788 43877.5
2696 5371 43870.0
2696 5372 43862.5
2696 5373 43855.0
2696 5374 43847.5
2696 5375 43840.0
2696 5376 43832.5
2696 5379 43810.0
2696 5380 43802.5
2696 2801 43787.6
2696 5382 43780.1
2696 5383 43772.6
2696 5385 43757.7
2503 2201 43735.3
5339 5387 43720.3
5339 5388 43712.9
5301 4093 43698.0
5301 5303 43690.5
5301 5270 43683.1
5301 5317 43660.7
5302 4093 43645.9
5302 5284 43631.0
5302 5323 43616.1
5302 5393 43601.3
5302 5394 43593.9
4204 4123 43549.4
4204 4356 43542.0
4204 4359 43512.4
4204 4361 43505.0
4204 4364 43490.2
4204 4365 43482.8
4204 4209 43468.0
4204 4368 43460.7
4204 4370 43445.9
4204 4379 43431.2
4204 5396 43423.8
4204 5397 43416.4
4204 4407 43401.7
4204 4417 43394.3
4204 4430 43372.3
4204 5401 43357.6
4204 4449 43328.2
4204 4251 43320.9
4204 4455 43298.9
4999 5406 43255.0
4999 5409 43233.0
4999 5410 43225.7
4999 5411 43218.4
4999 5415 43189.2
4999 5416 43181.9
4999 626 43174.6
4999 5422 43130.9
4999 5423 43123.7
4999 5428 43087.3
4999 5432 43058.3
4999 5434 43043.8
4999 5435 43036.5
4999 5438 43014.8
4999 5441 42993.1
5403 5405 42949.7
5403 5407 42920.9
5403 5449 42899.2
5403 389 42892.0
5403 5450 42884.8
5403 5452 42870.4
5403 5412 42834.5
5403 5457 42827.3
5403 5458 42820.1
5403 5414 42805.8
5403 5460 42791.4
5403 5462 42777.1
5403 5463 42769.9
5403 5465 42755.6
5403 5466 42741.3
5403 5420 42734.1
5403 5467 42727.0
5403 5468 42712.7
5403 5471 42691.2
5403 5472 42684.1
5403 5474 42669.8
5403 5476 42641.3
5403 5478 42627.0
5403 5479 42619.9
5403 5426 42605.7
5403 5427 42591.5
5403 5484 42563.0
5403 5486 42548.8
5403 5488 42534.6
5403 5492 42499.2
5403 5494 42470.9
5403 5495 42463.8
5403 5497 42442.6
5403 5499 42428.5
5403 5500 42421.4
5403 5501 42414.4
5403 5504 42379.1
5403 5508 42351.0
5403 5510 42336.9
5403 5511 42329.9
5403 5512 42322.8
5403 5442 42315.8
5403 5513 42308.8
5403 5516 42287.7
5403 5518 42273.7
5403 5519 42266.7
5403 5520 42259.7
5403 5521 42252.6
4359 4356 42217.6
4359 5527 42182.7
4359 5528 42175.7
4359 5529 42168.7
4359 4379 42161.7
4359 3512 42140.8
4359 5532 42133.8
4359 5534 42119.9
4359 5535 42112.9
4359 5536 42106.0
4010 3426 42099.0
4011 3426 42078.1
4011 5539 42050.3
4011 5537 42043.4
4011 5541 42029.5
4011 5542 42022.6
4012 3426 41994.8
4012 5546 41981.0
4014 4044 41918.7
4015 3426 41904.9
4015 5548 41891.1
4015 5555 41836.0
4015 5558 41815.4
4015 5559 41808.5
4015 5561 41794.8
4015 5562 41787.9
4015 5563 41781.0
4015 5567 41753.6
4015 5569 41739.9
4015 5573 41712.5
4015 5576 41692.0
4015 5577 41685.1
4015 5579 41671.5
4015 5580 41664.6
4015 5581 41657.8
4015 5585 41630.5
4015 5586 41623.7
4015 5589 41603.3
4015 5592 41582.8
4015 5594 41569.2
4015 5595 41562.4
4015 5596 41555.6
4015 5597 41548.8
4015 5599 41535.3
4015 5601 41521.7
4015 5603 41508.1
4015 5604 41501.3
4015 5605 41494.6
4015 5610 41460.7
4015 5611 41453.9
4015 5612 41447.2
4015 5613 41440.4
4015 5615 41426.9
4015 5617 41413.4
4015 5618 41406.6
4015 5622 41379.6
4015 5624 41366.1
4015 5625 41359.4
4015 5631 41319.0
4015 5635 41292.1
4015 5637 41278.7
4015 5640 41258.6
4015 5641 41251.8
4015 5644 41231.7
4015 5649 41198.3
4015 5650 41191.6
4015 5651 41184.9
4015 5652 41178.2
4015 5654 41164.8
4015 5655 41158.2
4015 5658 41138.1
4015 5660 41124.8
4015 5661 41118.1
4015 5662 41111.5
4015 5664 41098.1
4015 5665 41091.5
4015 5666 41084.8
4015 5668 41071.5
4015 5670 41058.2
4015 5675 41025.0
4015 5677 41011.7
4015 5680 40991.8
4015 5681 40985.2
4015 5682 40978.6
4015 5683 40972.0
4015 5686 40952.1
4015 5688 40938.9
4015 5689 40932.3
4015 5690 40925.6
4015 5695 40892.6
4015 5696 40886.0
4015 5698 40872.8
4015 5699 40866.2
4015 5701 40853.1
4015 5702 40846.5
4015 5706 40820.1
4015 5707 40813.6
4015 5708 40807.0
4015 5709 40800.4
4015 5710 40793.9
4015 5712 40780.7
4015 5713 40774.2
4015 5715 40761.0
4015 5716 40754.5
4015 5720 40728.3
4015 5721 40721.7
4015 5723 40708.6
4015 5725 40695.5
4015 5727 40682.4
4015 5728 40675.9
4015 5731 40656.3
4015 5732 40649.8
4015 5733 40643.3
4015 5734 40636.7
4015 5735 40630.2
4015 5739 40604.1
4015 5741 40591.1
4015 5743 40578.1
4015 5746 40558.6
4015 5747 40552.1
4015 5748 40545.6
4015 5750 40532.6
4015 5753 40513.1
4016 3426 40500.2
4016 5757 40467.8
5303 5301 40435.4
5303 5759 40429.0
5760 4361 40422.5
5760 4369 40409.6
5760 5763 40377.3
5760 5764 40370.9
5760 5768 40345.1
5760 5772 40319.4
5760 5773 40312.9
5760 5774 40306.5
4018 3426 40293.7
4019 4016 40274.4
4019 5775 40268.0
4020 3426 40255.2
5267 4092 40248.7
5267 5327 40223.1
5267 5329 40216.7
5267 5330 40210.3
5267 5777 40191.1
5267 5778 40178.3
5267 5333 40172.0
5267 5276 40165.6
5267 5779 40159.2
5267 5781 40146.4
5267 5334 40140.0
5267 5335 40133.7
5267 5783 40114.5
5267 5787 40082.7
5267 5789 40070.0
5304 4093 40063.6
5304 5324 40057.3
4094 4090 40050.9
4094 5790 40044.6
5791 5796 40012.8
5791 5797 40006.5
5791 5798 40000.2
5791 5799 39993.8
5791 5800 39987.5
5791 5806 39949.5
5791 5810 39924.3
5791 5811 39917.9
5791 5812 39911.6
5791 5814 39899.0
5791 5815 39892.7
5791 5817 39880.1
5791 5819 39867.5
5791 5823 39842.3
5791 5824 39836.0
5791 5826 39823.4
5828 5830 39798.3
5828 5831 39792.0
5828 5832 39785.8
5828 5834 39766.9
5828 5838 39741.9
5828 5839 39735.6
5828 5844 39704.3
5828 5846 39691.8
5828 5850 39666.8
5828 5851 39660.6
5828 5855 39635.7
5828 5859 39610.8
5828 5860 39604.5
5861 5862 39598.3
5861 5863 39592.1
5268 5866 39561.0
5268 5868 39548.6
5268 5870 39536.2
5268 5873 39517.6
5268 5875 39505.2
5268 5876 39499.0
5268 5878 39486.6
5268 5879 39480.4
5268 5881 39468.1
5268 5883 39455.7
5268 5884 39449.5
5268 5885 39443.3
5268 5887 39431.0
5268 5894 39381.7
5268 5895 39375.5
5268 5896 39369.3
5268 5897 39363.2
5268 5898 39357.0
5268 5899 39350.9
5268 5900 39344.7
5268 888 39326.3
5268 5903 39320.2
5268 5904 39314.0
5268 5906 39301.7
5268 5907 39295.6
5268 5911 39271.1
5268 5912 39265.0
5268 5326 39240.5
5268 5916 39234.3
5268 5917 39228.2
5918 4022 39216.0
5918 5922 39197.7
5918 5923 39191.6
5918 5924 39185.5
5918 5929 39155.0
5918 5930 39148.9
5918 5931 39142.8
5918 5932 39136.7
5918 5933 39130.6
5918 5934 39124.5
5918 5935 39118.4
5918 5939 39094.1
5918 5944 39063.8
5918 5945 39057.7
5918 5948 39039.5
5918 5950 39027.4
5918 5952 39015.3
5918 5954 39003.2
5918 5957 38985.0
5918 5959 38972.9
5918 5960 38966.9
5918 5963 38948.8
5918 5968 38918.6
5918 5969 38912.6
5918 5972 38894.5
5918 5973 38888.5
5918 5974 38882.5
5918 5975 38876.5
5918 5976 38870.5
5918 5977 38864.4
5918 5979 38852.4
5918 5980 38846.4
5918 5982 38834.4
5918 5985 38816.4
5918 5986 38810.4
5918 5988 38798.4
5918 5990 38786.4
5918 5991 38780.5
5918 5994 38762.5
5918 5995 38756.5
5918 5996 38750.5
5918 5997 38744.6
5918 5999 38732.6
5918 6000 38726.6
5918 6004 38702.8
5918 6011 38661.0
5918 6013 38649.1
5918 6016 38631.3
5918 6017 38625.3
5918 6018 38619.4
5918 6021 38601.6
5918 6023 38589.7
5918 6024 38583.8
5918 6026 38571.9
5918 6028 38560.1
5918 6029 38554.1
5918 6030 38548.2
5918 6031 38542.3
5918 6032 38536.4
5918 6034 38524.5
5918 6036 38512.7
5918 6037 38506.8
5918 6038 38500.9
5918 6039 38495.0
5918 6040 38489.1
5918 6042 38477.3
4021 3426 38471.4
5919 6053 38383.0
6055 6056 38371.3
6055 6057 38359.6
6055 5926 38353.7
4022 5918 38324.4
4022 6061 38318.5
4022 4025 38312.7
4022 6062 38306.8
4022 5920 38300.9
4022 5923 38265.9
4022 5924 38248.3
4022 6065 38242.5
4022 6067 38230.8
4022 6068 38225.0
4022 6071 38207.5
4022 6072 38201.7
4023 4049 38184.2
4023 6075 38172.6
6077 4035 38161.0
6077 6079 38149.3
6077 6080 38143.5
6077 6081 38137.7
6077 6082 38131.9
6077 3367 38114.5
6077 6087 38097.1
6077 6089 38085.5
6077 6090 38079.7
6077 6091 38073.9
6077 6092 38068.1
6077 6095 38050.8
6077 6098 38033.4
6077 6099 38027.7
6077 6101 38016.1
6077 6103 38004.6
6077 6104 37998.8
6077 6105 37993.0
6077 6107 37981.5
6077 6070 37952.7
6077 6112 37947.0
6077 6113 37941.2
6077 6117 37918.2
6077 6118 37912.5
6077 6120 37901.0
6077 6123 37883.8
6077 6125 37872.3
6077 6127 37860.8
6077 6130 37843.6
6077 6133 37826.5
6077 6136 37809.3
6077 6140 37786.5
6077 6143 37769.4
6077 6150 37729.5
6077 6152 37718.1
6077 6153 37712.4
6077 6155 37701.0
6077 6161 37666.9
6077 6162 37661.2
6077 6164 37649.9
5145 3015 37644.2
6061 6166 37627.2
6061 6169 37610.2
6061 6170 37604.6
6061 6173 37587.6
6061 6174 37582.0
6061 6175 37576.3
6061 6176 37570.7
6061 6177 37565.0
6061 6178 37559.4
6061 6179 37553.7
6061 6180 37548.1
6061 6181 37542.4
6061 6184 37525.5
6061 6185 37519.9
6061 6188 37503.0
6061 6189 37497.3
6061 6190 37491.7
6061 6191 37486.1
6061 6192 37480.5
6061 6195 37463.6
6061 6197 37452.4
6061 6200 37435.5
6061 6201 37429.9
6061 6202 37424.3
6061 6204 37413.1
6061 6209 37385.1
6061 6210 37379.5
6061 6211 37373.9
6061 6214 37351.5
6061 6215 37345.9
6061 6219 37323.6
6061 6220 37318.0
6061 6221 37312.4
6061 6222 37306.8
6061 6225 37290.1
6061 6229 37267.8
6061 6232 37251.1
6061 6233 37245.6
6061 6234 37240.0
6061 6235 37234.5
6061 6237 37223.3
6061 6238 37217.8
6061 6239 37212.2
6061 6240 37206.7
6061 6242 37195.6
6061 6243 37190.0
6061 6245 37179.0
6061 6247 37167.9
6061 6253 37134.7
6061 6254 37129.1
6061 6256 37118.1
6061 6258 37107.0
6061 6259 37101.5
6061 6261 37090.5
6061 6262 37085.0
6061 6264 37073.9
6061 6267 37057.4
6061 6268 37051.9
6061 6270 37040.9
6061 6273 37024.4
6061 6274 37018.9
6061 6276 37007.9
6061 6280 36985.9
6061 6284 36964.0
6061 6285 36958.5
6061 6286 36953.0
6061 6287 36947.5
6061 6289 36936.6
6061 6291 36925.6
6061 6293 36914.7
6061 6299 36881.9
6061 6303 36860.0
5305 4093 36854.6
6304 4037 36849.1
6304 6307 36832.8
6304 6309 36821.9
6304 6310 36816.4
6304 6311 36811.0
6304 6316 36783.8
6304 6317 36778.4
6304 6320 36762.1
6304 6321 36756.6
6304 6323 36740.4
6304 6324 36735.0
6304 6326 36724.1
1848 1847 36702.4
1848 333 36691.6
1848 36 36686.2
1848 3582 36680.8
1848 6331 36670.0
1848 1196 36659.2
1848 6333 36648.4
1848 89 36626.8
1848 6335 36621.4
1848 6337 36610.6
1848 6338 36599.9
1848 1999 36594.5
1848 6339 36589.1
1848 6340 36578.3
1848 6341 36567.6
1848 6343 36556.8
1848 6344 36551.5
1848 1852 36540.7
1848 6346 36535.4
1848 6347 36530.0
1848 6348 36519.3
1848 6349 36513.9
1848 6350 36508.5
1848 3598 36497.8
1848 4818 36492.5
1848 6352 36487.1
1848 6353 36476.4
1848 6354 36471.0
1848 2090 36465.7
1848 145 36460.4
1848 6355 36455.0
1848 6356 36449.7
1848 6362 36417.6
1848 6363 36412.3
6330 6336 36396.3
4024 6365 36375.0
4024 6366 36369.7
5546 4012 36359.0
6331 71 36348.4
6331 6367 36343.1
6331 347 36332.4
6331 6369 36327.1
6331 4869 36305.9
6331 6372 36300.6
6331 6375 36284.7
6331 6376 36279.4
6331 6377 36274.1
6331 6381 36252.9
4340 4339 36237.0
4025 3426 36221.2
4025 5920 36205.3
4025 6043 36163.1
4025 6044 36157.9
4025 5924 36152.6
4025 4035 36147.3
4025 6046 36142.1
4025 6385 36131.6
4025 6386 36126.3
4025 6388 36115.8
4025 6391 36100.0
4025 6049 36094.8
4025 6392 36089.5
4025 6394 36079.0
4025 6395 36073.8
4025 6396 36068.5
4025 6398 36058.1
4025 6401 36042.3
4025 6402 36037.1
4025 6406 36016.2
4025 6410 35995.3
4025 6412 35984.8
4025 6413 35979.6
4025 6414 35974.4
4025 6417 35958.8
4025 6418 35953.5
4025 6419 35948.3
4025 6420 35943.1
4025 6421 35937.9
4025 6423 35927.5
4025 6433 35875.5
4025 6434 35870.3
4025 6437 35854.8
4025 6438 35849.6
4025 6439 35844.4
4025 6443 35823.7
4025 6445 35813.3
4025 6446 35808.2
4025 6447 35803.0
4025 6448 35797.8
4025 6449 35792.6
4025 6452 35777.1
4025 6453 35772.0
6454 6455 35766.8
6454 6456 35761.6
6454 6457 35756.5
6454 6461 35735.9
6454 6463 35725.6
6454 6464 35720.4
6454 6465 35715.3
6454 6467 35705.0
3583 6471 35674.1
3583 3591 35658.7
3583 6472 35653.6
3583 6473 35648.4
3583 6474 35643.3
3583 6475 35638.2
3583 6476 35633.0
3583 6478 35622.8
3019 6482 35592.1
3019 6484 35581.8
6062 5920 35566.5
6062 5924 35546.1
6062 6049 35530.8
4026 3426 35525.7
4026 6486 35515.5
4026 6489 35500.2
4027 4011 35490.0
4027 4016 35479.8
4027 4035 35474.8
4027 4044 35464.6
4027 6491 35459.5
4027 6493 35449.3
4027 6494 35444.3
4027 6497 35429.0
4027 6499 35418.9
4027 6500 35413.8
4027 6502 35403.7
4027 6507 35378.4
4027 6508 35373.3
4027 6509 35368.3
4027 6511 35358.1
4027 6512 35353.1
4027 6515 35337.9
4027 6516 35332.9
4027 6518 35322.8
4027 6520 35312.7
4027 6525 35287.5
4027 6528 35272.4
4027 6529 35267.4
4027 6530 35262.3
4027 6531 35257.3
4027 6532 35252.3
4027 6533 35247.3
4027 6535 35237.2
4027 6536 35232.2
4027 6538 35222.1
4027 6543 35197.1
4027 6544 35192.1
4027 6545 35187.0
4027 6552 35152.0
4027 6554 35142.0
4027 6555 35137.0
4027 6558 35122.0
4027 6560 35112.0
4027 6561 35107.1
4027 6562 35102.1
4027 6563 35097.1
4027 6564 35092.1
4027 6566 35082.1
4027 6568 35072.2
4027 6571 35057.2
4027 6573 35047.3
4027 6580 35007.5
4027 6584 34987.7
4027 6585 34982.7
4027 6586 34977.8
4027 6587 34972.8
4027 6588 34967.9
4027 6594 34938.2
4027 6595 34933.2
4027 6596 34928.3
4027 6597 34923.3
4027 6598 34918.4
4027 6599 34913.5
4027 6601 34903.6
4027 6603 34893.7
4027 6606 34878.9
4027 6607 34874.0
4027 6608 34869.1
4027 6610 34859.2
4027 6611 34854.3
4027 6612 34849.4
4027 6613 34844.4
4027 6616 34829.7
4027 6619 34814.9
4027 6620 34810.0
4027 6624 34790.4
4027 6627 34770.8
4027 6628 34765.9
4027 6631 34751.2
4027 6633 34741.4
4027 6634 34736.5
4027 6637 34721.8
4027 6639 34712.0
4027 6641 34702.3
4027 6642 34697.4
4027 6644 34687.6
4027 6645 34682.7
4027 6646 34677.9
4027 6647 34673.0
4027 6649 34663.2
4027 6650 34658.4
4027 6652 34648.6
4027 6653 34643.7
4027 6656 34629.1
4027 6657 34624.3
4027 6659 34614.6
4027 6661 34604.8
4027 6662 34600.0
4027 6665 34585.4
4027 6668 34570.8
4027 6669 34566.0
4027 6672 34551.5
4027 6673 34546.6
4027 6675 34536.9
4027 6676 34532.1
4027 6679 34517.6
4027 6680 34512.7
4027 4075 34507.9
4027 6689 34459.6
4027 6693 34430.7
4027 4080 34416.3
4027 6696 34411.5
4027 6697 34406.7
4027 6701 34387.4
4027 4083 34382.6
4027 6707 34353.8
4027 6710 34339.5
4027 6711 34334.7
4027 6713 34325.1
4027 6715 34315.5
4027 6717 34306.0
4027 6719 34296.4
4027 6720 34291.6
4027 6723 34277.3
4027 6724 34272.5
4027 6725 34267.7
4027 6728 34253.4
4027 6730 34243.9
4027 6731 34239.1
4027 6733 34229.6
4027 4088 34220.1
4027 6735 34215.3
4027 6736 34210.5
4027 6737 34205.8
4027 6741 34186.8
4027 6742 34182.0
4027 6743 34177.3
4027 6744 34172.5
4027 6747 34158.3
5237 4339 34153.5
58 6748 34129.8
58 6753 34106.2
58 6755 34096.7
58 6756 34092.0
58 6760 34073.1
58 6761 34068.4
59 1 34063.6
59 6762 34058.9
59 70 34054.2
59 77 34049.5
59 6763 34044.8
59 6764 34040.0
59 6766 34030.6
59 6767 34025.9
59 6768 34021.2
59 6772 34002.4
4028 5548 33983.6
4028 4049 33978.9
4028 6775 33974.2
4028 6075 33969.5
4028 6776 33964.8
5920 5918 33960.1
5920 5919 33955.4
5920 4025 33946.0
5920 6062 33941.3
5920 5921 33936.6
5920 5922 33931.9
5920 5923 33922.5
5920 6043 33917.9
5920 5925 33908.5
5920 6777 33903.8
5920 6046 33899.1
5920 6779 33880.4
5920 5934 33866.4
5920 6781 33861.7
5920 6783 33852.4
5920 6785 33843.1
5920 6786 33838.4
5920 6787 33833.7
5920 6790 33819.8
5920 6791 33815.1
5920 6795 33796.5
5920 6797 33787.2
5920 6798 33782.5
5920 6799 33777.9
5920 6800 33773.2
5920 6801 33768.6
5920 6803 33759.3
5920 6804 33754.7
5920 6805 33750.0
5920 6806 33745.4
5920 6808 33736.1
5920 6809 33731.5
5920 6812 33717.6
5920 6813 33712.9
5920 6815 33703.7
5920 6818 33689.8
5920 6819 33685.2
5920 6820 33680.5
5920 6821 33675.9
5920 6822 33671.3
5920 6825 33657.4
5920 6826 33652.8
5920 6827 33648.2
5920 6828 33643.6
5920 6832 33625.1
5920 6833 33620.5
5920 6834 33615.9
5920 6835 33611.3
5920 6836 33606.7
5920 6837 33602.1
5920 6838 33597.5
5920 6839 33592.9
5920 6840 33588.3
5920 6843 33574.5
5920 6844 33569.9
5920 6846 33560.7
5920 6848 33551.5
5920 6849 33546.9
5920 6851 33537.7
5920 6852 33533.2
5920 6854 33524.0
5920 6861 33491.9
5920 6862 33487.3
5920 6863 33482.8
5920 6864 33478.2
5920 6868 33459.9
5920 6870 33450.8
5920 6872 33441.7
5920 6874 33432.5
5920 6875 33428.0
5920 6876 33423.4
5920 6878 33414.3
5920 6879 33409.7
5920 6881 33400.6
5920 6885 33382.4
5920 6887 33373.3
5920 6892 33350.6
5920 6895 33337.0
5920 6897 33327.9
5920 6898 33323.4
5920 6901 33309.8
5920 6903 33300.7
5920 6906 33287.1
5920 6907 33282.6
5920 6908 33278.1
5920 6909 33273.6
5920 6911 33264.5
5920 6914 33251.0
5920 6915 33246.5
5920 6916 33241.9
5920 6917 33237.4
5920 6918 33232.9
5920 6919 33223.9
5920 6920 33219.4
5920 6923 33205.9
5920 6925 33196.9
5920 6927 33187.9
5920 6928 33183.4
5920 6929 33178.9
5920 6931 33169.9
5920 6935 33151.9
5920 6936 33147.4
5920 6937 33142.9
5920 6942 33120.5
5920 6943 33116.0
5920 6945 33107.0
5920 6946 33102.5
5920 6950 33084.6
5920 6953 33071.2
5920 6957 33053.3
5920 6958 33048.9
5920 6959 33044.4
5920 6961 33035.5
5920 6962 33031.0
5920 6966 33013.2
5920 6967 33008.7
5920 6968 33004.3
5920 6972 32986.5
5920 6973 32977.6
5920 6974 32973.1
5920 6975 32968.7
6976 6978 32959.8
6976 6980 32946.4
6976 6982 32937.6
6976 6986 32919.8
6976 6988 32911.0
6976 6989 32902.1
6976 6990 32897.7
6976 6992 32888.8
6976 6993 32884.4
6976 6994 32880.0
6976 6995 32875.5
6976 6996 32871.1
6976 6997 32866.7
6976 6998 32862.3
6976 7000 32853.4
6976 7002 32844.6
6976 7005 32831.4
6976 7006 32826.9
6976 7008 32818.1
6976 7009 32813.7
6976 7014 32791.7
6976 7019 32769.7
6976 7021 32760.9
6976 7022 32756.5
6976 7023 32752.1
6976 7027 32734.5
6976 7037 32690.7
6976 7038 32686.3
6976 7039 32682.0
6976 7040 32677.6
6976 7041 32673.2
6976 7043 32664.5
6976 7044 32660.1
6976 7046 32651.4
6976 7047 32647.0
6976 7048 32642.6
6976 7049 32638.3
6976 7050 32633.9
6976 7053 32620.8
6976 7057 32603.4
5792 7061 32581.6
5792 7062 32577.3
5792 7064 32568.6
5792 7065 32564.2
5792 7070 32542.5
5792 7071 32538.2
5792 7072 32533.8
5792 7073 32529.5
5792 7076 32516.5
5792 7077 32512.1
5792 7078 32507.8
5792 7079 32503.5
5792 7080 32499.1
5792 7081 32494.8
5792 7082 32490.5
5792 7083 32486.1
5792 7087 32468.8
5792 7090 32451.6
5792 7091 32447.2
5792 7092 32442.9
5792 7093 32438.6
5792 7094 32434.3
5792 7096 32425.7
5792 7097 32421.3
5792 7098 32417.0
5792 7100 32408.4
5792 7103 32395.5
5792 7106 32382.6
5792 7111 32361.1
5792 7112 32356.8
5792 7113 32352.5
5792 7114 32348.2
5792 7115 32343.9
5792 7116 32339.6
5792 7117 32335.3
5792 7119 32326.7
5792 7123 32309.6
5792 7124 32305.3
5792 7126 32296.7
5792 7128 32288.2
5792 7129 32283.9
7132 7133 32271.1
7132 7137 32249.7
7132 6978 32241.2
7132 7138 32236.9
7132 7140 32228.4
7132 7143 32215.6
7132 7144 32211.3
7132 7151 32181.5
7132 7152 32177.3
7132 7154 32168.8
7132 7156 32160.3
7132 7051 32147.5
7132 7159 32139.0
7132 7052 32126.3
7132 7163 32117.8
7132 7167 32100.9
3020 38 32092.4
3020 7168 32084.0
3020 7169 32079.7
3020 7171 32071.3
3020 7172 32067.1
3020 7173 32062.8
3020 7175 32050.2
3020 7176 32045.9
3020 7177 32041.7
3020 7179 32033.3
3020 7180 32029.1
3020 7181 32024.8
3020 3032 32016.4
3020 7184 32008.0
3020 7185 32003.8
3020 7186 31999.6
3020 7188 31991.2
3020 7189 31986.9
3020 7190 31982.7
3020 7195 31961.7
3020 7196 31957.5
3020 7197 31953.3
3020 7198 31949.1
3020 7202 31932.3
6384 4025 31919.8
6384 7204 31915.6
6384 7205 31911.4
7209 7134 31886.3
7209 7139 31873.7
7209 7146 31865.4
7209 7212 31861.2
7209 7213 31857.0
7209 7215 31848.7
7209 7216 31844.5
7209 7217 31840.3
7209 7218 31836.2
7209 7219 31832.0
7209 7220 31827.8
7209 7221 31823.7
7209 7222 31819.5
7209 7225 31807.0
7133 7132 31802.8
7133 7209 31798.7
7133 7137 31782.0
7133 7227 31777.9
7133 7228 31773.7
7133 7229 31769.6
7133 7238 31723.9
7133 7160 31719.8
7133 7241 31703.2
7133 7242 31699.1
7133 7243 31695.0
7133 7244 31690.8
7133 7246 31682.5
7133 7250 31666.0
7133 7167 31657.8
7134 7132 31653.6
7134 7133 31645.4
7134 7226 31641.3
6977 6976 31637.1
7226 7133 31616.5
7226 7134 31612.4
7226 7255 31604.2
7226 7256 31600.1
7226 7257 31596.0
7226 7258 31591.9
7226 7261 31579.5
7226 7262 31575.4
7226 7158 31563.1
7226 7265 31559.0
7226 7266 31554.9
7226 7268 31546.7
7226 7269 31542.6
7226 7273 31526.2
7135 7132 31522.1
7135 7209 31518.0
7135 7276 31497.5
7135 7277 31493.5
7135 7278 31489.4
7135 7279 31485.3
7135 7283 31468.9
7135 7285 31460.8
7135 7218 31456.7
7135 7286 31452.6
7135 7288 31444.5
7135 7290 31432.2
7135 7292 31424.1
7135 7295 31407.8
7135 7244 31403.7
7135 7296 31399.7
7135 7297 31395.6
7135 7249 31387.5
7135 7298 31383.4
7135 7299 31379.4
7300 7308 31346.9
7300 7310 31338.8
7300 7313 31326.6
7300 7314 31322.6
7300 7318 31306.4
7300 7320 31298.3
7300 7323 31286.2
7300 7324 31278.1
7300 7328 31262.0
7300 7329 31258.0
7300 7331 31249.9
7300 7332 31245.9
7300 7333 31241.8
7300 7334 31237.8
7300 7336 31229.8
7300 7339 31217.7
7300 7340 31213.7
7300 7342 31205.6
7300 7343 31201.6
7300 7344 31197.6
7300 7346 31189.5
7300 7347 31185.5
7300 7348 31181.5
7300 7349 31177.5
7300 7351 31169.5
7300 7355 31153.4
7300 7356 31149.4
7300 7357 31145.4
7300 7358 31141.4
7300 7359 31137.4
7300 7360 31133.4
5342 3714 31117.4
7204 6384 31113.4
7204 7364 31101.4
5538 4011 31097.4
7366 7371 31065.5
7366 7375 31049.6
7366 7377 31041.6
7366 7379 31033.6
7366 7380 31029.6
7366 7383 31017.7
7366 7384 31013.7
7366 2629 30993.9
7366 7389 30989.9
7366 7391 30982.0
7366 7393 30974.0
7366 7394 30970.1
7366 7395 30966.1
7366 7396 30962.1
7366 7398 30954.2
7366 7399 30950.3
7366 7403 30934.4
7366 7404 30930.5
7366 7406 30922.6
7366 7407 30918.6
7366 7413 30894.9
7366 7415 30887.0
7366 7418 30875.2
7366 7422 30859.4
7366 7423 30855.5
7366 7424 30851.6
7366 7425 30847.6
7366 7426 30843.7
7366 7427 30839.7
7366 7429 30831.9
7366 7430 30828.0
7366 7431 30824.0
7366 7432 30820.1
7366 7434 30812.2
7366 7437 30800.5
7366 7438 30796.5
7366 7439 30792.6
7366 7440 30788.7
7366 1152 30784.8
7366 7443 30773.0
7366 7446 30761.3
7366 7448 30753.4
7366 7450 30745.6
7366 7451 30741.7
7366 7454 30730.0
7366 7456 30722.1
7366 7457 30718.2
7366 7459 30710.4
7366 7461 30702.6
7366 7462 30698.7
7366 7463 30694.8
7366 7464 30690.9
7366 7465 30687.0
7366 7466 30683.1
4029 3426 30667.5
6056 4025 30648.1
6056 7468 30640.3
6056 6046 30636.4
6056 5926 30632.5
6056 7475 30601.5
7477 7480 30586.0
7477 7481 30582.1
7477 7482 30578.2
7477 7484 30570.5
7477 7486 30562.7
7477 7487 30558.9
7477 7491 30543.4
7477 7492 30539.5
4031 5537 30527.9
6063 4022 30524.1
6063 4025 30520.2
6063 7494 30516.4
5548 4028 30504.8
5548 7497 30489.4
5388 5339 30474.0
7501 4037 30462.4
7501 7504 30458.6
7501 7505 30454.7
7501 7507 30447.0
7501 7508 30443.2
7501 7510 30435.5
7501 7512 30427.8
7501 7513 30424.0
4201 49 30420.2
4201 7514 30416.3
5921 4025 30401.0
5921 5548 30393.3
5921 5923 30389.5
5921 6043 30385.7
5921 6046 30381.9
5921 5926 30378.0
5921 7516 30374.2
5921 7519 30362.7
5921 7520 30358.9
5921 7521 30355.1
5921 7522 30351.3
5921 7527 30332.2
5921 1732 30328.4
5921 7528 30324.5
5921 7531 30313.1
5921 7532 30309.3
5921 7533 30305.5
5921 7534 30301.7
5921 7535 30297.9
5921 4650 30294.0
5921 7537 30286.4
5921 7541 30271.2
5921 7543 30263.6
5921 7544 30259.8
5921 7546 30252.2
5921 7547 30248.4
5921 7548 30244.6
5921 7551 30233.2
5921 7552 30229.4
5921 7557 30206.7
5921 7559 30199.1
5921 7560 30195.4
5921 7562 30187.8
5921 7564 30180.2
5921 7565 30176.4
5921 7566 30172.7
5921 7568 30165.1
5921 7569 30161.3
5921 7570 30157.5
5921 7572 30150.0
5921 7573 30146.2
5921 7574 30142.5
5921 7575 30138.7
5921 7576 30134.9
5921 7578 30127.4
5921 7580 30116.1
5921 7582 30108.5
5921 7583 30104.8
7502 7501 30101.0
7503 7501 30097.2
7503 7587 30082.2
7503 7588 30078.4
7503 7589 30074.7
7503 7591 30067.2
7503 7592 30063.4
7503 7595 30052.2
7503 7596 30048.4
7503 7602 30025.9
7503 7604 30018.4
7503 7605 30014.7
7503 7608 30003.5
7503 7610 29996.0
7503 7611 29992.2
7503 7613 29984.8
7503 7614 29981.0
7503 7616 29973.6
7503 7617 29969.8
7503 7619 29962.4
7503 7623 29947.4
3437 4049 29932.5
3437 7624 29928.8
3437 7626 29917.6
5306 4093 29913.9
5306 5270 29910.2
5306 5271 29906.5
60 1 29895.3
60 7628 29887.9
60 7629 29884.2
5922 5918 29880.5
5922 4025 29873.1
5922 5920 29869.3
5922 5923 29861.9
5922 6066 29850.8
5922 7630 29847.1
5922 7631 29843.4
5922 7633 29836.0
5922 7636 29824.9
5922 7637 29821.2
5922 7639 29813.8
5922 6070 29806.4
5922 7642 29799.0
5922 7643 29795.3
7478 7483 29776.9
7478 7645 29769.5
7478 7489 29758.4
7478 7651 29736.3
7478 7652 29732.6
7478 7654 29725.3
7478 7660 29703.2
7478 7662 29695.9
7478 7663 29692.2
7478 7664 29688.6
7478 7666 29681.2
7478 7667 29677.6
7478 7669 29670.2
7478 7671 29662.9
7478 7672 29659.2
7478 7673 29651.9
7478 7675 29644.6
7478 7676 29640.9
7478 7677 29637.3
7478 7678 29633.6
7478 7679 29630.0
7478 7681 29622.7
7478 7685 29608.0
7478 7687 29597.1
7478 7688 29593.4
7478 7689 29589.8
7478 7690 29586.2
7478 7691 29582.5
7478 7693 29575.2
7478 7694 29571.6
7478 7695 29567.9
7478 7696 29564.3
7478 7697 29560.7
7478 7698 29557.0
7478 7699 29553.4
7478 7700 29549.7
7478 7701 29546.1
7478 7702 29542.5
7478 7703 29538.8
7478 7704 29535.2
7478 7705 29531.6
7478 7706 29527.9
7707 7708 29524.3
7707 7710 29517.0
7707 7714 29502.5
7707 7715 29498.9
7707 7716 29495.3
7707 7718 29488.0
7707 7723 29469.9
7707 7724 29466.3
7707 7726 29459.0
7479 7477 29451.8
7480 7477 29448.2
7480 7728 29441.0
7480 7693 29433.7
7481 7477 29430.1
7481 7483 29426.5
7481 7489 29422.9
7481 7729 29419.3
7481 7730 29415.7
7481 7731 29412.1
7481 7732 29408.5
7481 3377 29401.3
7481 7735 29394.1
7481 7737 29383.3
7481 7738 29379.7
7481 7739 29376.1
7481 7740 29372.5
7481 7741 29368.9
7481 7742 29365.3
7481 7747 29343.7
7481 7748 29340.1
7481 7750 29332.9
7481 7751 29329.4
7481 7753 29322.2
7481 7754 29318.6
4032 3426 29304.3
7482 7477 29300.7
7482 7478 29297.1
7482 7758 29289.9
6064 4025 29272.0
6064 5920 29264.9
6064 6046 29250.6
6064 6047 29247.0
6064 6049 29239.9
6064 7762 29232.8
6064 7763 29229.2
6064 7764 29225.6
6064 7769 29207.8
6064 7770 29204.3
6064 7771 29200.7
6064 7772 29197.1
6064 7773 29193.6
6064 7774 29190.0
6064 7779 29172.3
6064 7782 29161.6
6064 7784 29154.5
6064 7792 29126.1
6064 7794 29119.1
6064 7797 29108.4
6064 7798 29104.9
6064 7799 29101.4
6064 7801 29094.3
6064 7802 29090.7
6064 7803 29083.7
6064 7805 29076.6
6064 7806 29073.1
6064 7807 29069.6
6064 7808 29066.0
6064 7812 29051.9
6064 7814 29044.9
6064 7816 29037.8
6064 7817 29034.3
6064 7819 29027.3
6064 7821 29020.2
6064 1296 29016.7
6064 7822 29013.2
6064 7823 29009.7
6064 7824 29006.1
6064 7827 28995.6
6064 7828 28992.1
6064 7832 28978.0
6064 7834 28971.0
6064 7837 28960.5
6064 7839 28953.5
5923 5918 28936.0
5923 6055 28932.5
