1 2 3220430000.0
1 3 1220320000.0
1 4 691743000.0
1 5 462413000.0
1 6 338342000.0
1 7 262122000.0
1 8 211240000.0
1 9 175222000.0
1 10 148585000.0
1 11 128208000.0
1 12 112193000.0
1 13 99325500.0
1 14 88796100.0
1 15 80045200.0
1 16 72675300.0
1 17 66396700.0
1 18 60993800.0
1 19 56303200.0
1 20 52198700.0
1 21 48581700.0
1 22 45374000.0
1 23 42513100.0
1 24 39948000.0
1 25 37637300.0
1 26 35546600.0
1 27 33647400.0
1 28 31915800.0
1 29 30331400.0
1 30 28877300.0
1 31 27538800.0
1 32 26303200.0
1 33 25159600.0
1 34 24098800.0
1 35 23112300.0
1 36 22193200.0
1 37 21334900.0
1 38 20532000.0
1 39 19779600.0
1 40 19073200.0
1 41 18409000.0
1 42 17783500.0
1 43 17193500.0
1 44 16636400.0
1 45 16109400.0
1 46 15610500.0
1 47 15137500.0
1 48 14688500.0
1 49 14261900.0
1 50 13856100.0
1 51 13469700.0
1 52 13101400.0
1 53 12750000.0
1 54 12414500.0
1 55 12093800.0
1 56 11787100.0
1 57 11493500.0
1 58 11212200.0
1 59 10942500.0
1 60 10683700.0
1 61 10435200.0
1 62 10196500.0
1 63 9967040.0
1 64 9746250.0
1 65 9533720.0
1 66 9329010.0
1 67 9131730.0
1 68 8941490.0
1 69 8757940.0
1 70 8580760.0
1 71 8409630.0
1 72 8244280.0
1 73 8084420.0
1 74 7929800.0
1 75 7780190.0
1 76 7635340.0
1 77 7495060.0
1 78 7359150.0
1 79 7227400.0
1 80 7099640.0
1 81 6975710.0
1 82 6855440.0
1 83 6738680.0
1 84 6625290.0
1 85 6515130.0
1 86 6408080.0
1 87 6304010.0
1 88 6202800.0
1 89 6104340.0
1 90 6008530.0
1 91 5915270.0
1 92 5824470.0
1 93 5736030.0
1 94 5649870.0
1 95 5565900.0
1 96 5484050.0
1 97 5404240.0
1 98 5326400.0
1 99 5250470.0
1 100 5176370.0
1 101 5104040.0
1 102 5033440.0
1 103 4964480.0
1 104 4897140.0
1 105 4831340.0
1 106 4767050.0
1 107 4704200.0
1 108 4642770.0
1 109 4582700.0
1 110 4523940.0
1 111 4466470.0
1 112 4410240.0
1 113 4355210.0
1 114 4301350.0
1 115 4248620.0
1 116 4196990.0
1 117 4146420.0
1 118 4096890.0
1 119 4048360.0
1 120 4000820.0
1 121 3954220.0
1 122 3908540.0
1 123 3863760.0
1 124 3819860.0
1 125 3776800.0
1 126 3734570.0
1 127 3693140.0
1 128 3652490.0
1 129 3612600.0
1 130 3573460.0
1 131 3535030.0
1 132 3497310.0
1 133 3460280.0
1 134 3423910.0
1 135 3388190.0
1 136 3353100.0
1 137 3318640.0
1 138 3284770.0
1 139 3251500.0
1 140 3218800.0
1 141 3186660.0
1 142 3155060.0
1 143 3124000.0
1 144 3093460.0
1 145 3063420.0
1 146 3033890.0
1 147 3004830.0
1 148 2976250.0
1 149 2948140.0
1 150 2920480.0
1 151 2893250.0
1 152 2866470.0
1 153 2840100.0
1 154 2814140.0
1 155 2788590.0
1 156 2763440.0
1 157 2738670.0
1 158 2714280.0
1 159 2690260.0
1 160 2666600.0
1 161 2643300.0
1 162 2620340.0
1 163 2597730.0
1 164 2575440.0
1 165 2553480.0
1 166 2531840.0
1 167 2510520.0
1 168 2489500.0
1 169 2468770.0
1 170 2448350.0
1 171 2428210.0
1 172 2408350.0
1 173 2388770.0
1 174 2369460.0
1 175 2350420.0
1 176 2331640.0
1 177 2313110.0
1 178 2294840.0
1 179 2276810.0
1 180 2259020.0
1 181 2241470.0
1 182 2224150.0
1 183 2207060.0
1 184 2190200.0
1 185 2173550.0
1 186 2157120.0
1 187 2140900.0
1 188 2124890.0
1 189 2109080.0
1 190 2093480.0
1 191 2078070.0
1 192 2062850.0
1 193 2047820.0
1 194 2032980.0
1 195 2018330.0
1 196 2003850.0
1 197 1989550.0
1 198 1975430.0
1 199 1961480.0
1 200 1947690.0
1 201 1934070.0
1 202 1920610.0
1 203 1907320.0
1 204 1894170.0
2 1 1881190.0
2 11 1868350.0
2 205 1855670.0
2 206 1843130.0
2 207 1830740.0
2 208 1818480.0
2 209 1806370.0
2 210 1794400.0
2 211 1782560.0
2 212 1770850.0
2 213 1759280.0
2 97 1747840.0
2 214 1736520.0
2 215 1725320.0
2 216 1714250.0
2 217 1703310.0
2 218 1692480.0
2 219 1681760.0
2 220 1671170.0
3 1 1660690.0
3 221 1650320.0
3 222 1640060.0
3 223 1629910.0
4 1 1619860.0
4 224 1609920.0
4 225 1600090.0
4 226 1590360.0
4 227 1580730.0
4 228 1571200.0
4 137 1561770.0
4 229 1552430.0
4 230 1543190.0
231 7 1534040.0
231 232 1524990.0
231 233 1516030.0
231 13 1507150.0
231 14 1498370.0
231 234 1489670.0
231 235 1481060.0
231 236 1472530.0
231 237 1464090.0
231 238 1455730.0
231 239 1447460.0
231 240 1439260.0
231 241 1431140.0
231 242 1423100.0
231 243 1415140.0
231 244 1407250.0
231 245 1399440.0
246 247 1391700.0
246 248 1384040.0
246 249 1376440.0
246 250 1368920.0
246 251 1361470.0
246 252 1354090.0
246 253 1346770.0
246 254 1339530.0
246 255 1332350.0
246 256 1325230.0
246 257 1318180.0
246 258 1311200.0
246 259 1304280.0
246 260 1297420.0
246 261 1290620.0
246 262 1283880.0
246 263 1277210.0
246 264 1270590.0
246 265 1264030.0
246 266 1257530.0
246 267 1251080.0
246 268 1244700.0
246 269 1238360.0
246 270 1232090.0
246 271 1225870.0
246 272 1219700.0
246 273 1213580.0
246 274 1207520.0
246 275 1201500.0
246 276 1195540.0
246 277 1189630.0
246 278 1183770.0
246 279 1177960.0
246 280 1172200.0
246 281 1166490.0
246 282 1160820.0
246 283 1155200.0
246 284 1149630.0
246 285 1144100.0
246 286 1138620.0
246 287 1133180.0
246 288 1127790.0
246 289 1122440.0
246 290 1117140.0
246 291 1111870.0
246 292 1106650.0
246 293 1101480.0
246 294 1096340.0
246 295 1091240.0
246 296 1086190.0
246 297 1081170.0
246 298 1076200.0
246 299 1071260.0
246 300 1066360.0
246 301 1061500.0
246 302 1056680.0
246 303 1051900.0
246 304 1047150.0
246 305 1042440.0
246 306 1037760.0
246 307 1033120.0
246 308 1028520.0
246 309 1023950.0
246 310 1019420.0
246 311 1014920.0
246 312 1010450.0
246 313 1006020.0
246 314 1001620.0
246 315 997258.0
246 316 992924.0
246 317 988623.0
246 318 984354.0
246 319 980116.0
246 320 975910.0
246 321 971734.0
246 322 967589.0
246 323 963474.0
246 324 959389.0
246 325 955334.0
246 326 951308.0
246 327 947311.0
246 328 943342.0
5 1 939402.0
5 329 935491.0
5 330 931607.0
5 331 927750.0
5 332 923921.0
5 333 920119.0
5 334 916343.0
5 335 912595.0
5 18 908872.0
5 336 905175.0
5 337 901504.0
5 28 897858.0
5 338 894238.0
5 339 890643.0
5 36 887072.0
5 340 883526.0
5 341 880004.0
5 342 876506.0
5 54 873031.0
5 343 869581.0
5 86 866153.0
5 90 862749.0
5 344 859367.0
5 106 856009.0
5 345 852672.0
5 346 849358.0
5 347 846066.0
5 348 842796.0
5 349 839547.0
5 350 836320.0
5 351 833114.0
5 352 829929.0
224 4 826765.0
224 353 823621.0
224 354 820498.0
224 355 817395.0
224 356 814312.0
224 357 811249.0
224 358 808206.0
224 359 805182.0
224 360 802178.0
224 361 799193.0
224 362 796226.0
224 363 793279.0
224 364 790350.0
224 365 787440.0
224 366 784548.0
224 367 781674.0
224 368 778818.0
369 370 775980.0
369 371 773160.0
369 372 770357.0
369 373 767572.0
369 374 764804.0
369 375 762053.0
369 376 759318.0
369 377 756601.0
369 378 753900.0
369 379 751216.0
369 380 748548.0
369 381 745896.0
369 382 743261.0
369 383 740641.0
369 384 738037.0
369 385 735449.0
369 386 732876.0
369 387 730318.0
369 388 727776.0
369 389 725249.0
369 390 722737.0
369 391 720240.0
369 392 717758.0
369 393 715290.0
369 394 712837.0
369 395 710398.0
369 396 707973.0
369 397 705563.0
369 398 703167.0
369 399 700784.0
369 400 698416.0
369 401 696061.0
369 402 693719.0
369 403 691391.0
369 404 689077.0
369 405 686775.0
369 406 684487.0
369 407 682212.0
369 408 679950.0
369 409 677701.0
369 410 675464.0
369 411 673240.0
369 412 671028.0
369 413 668829.0
369 414 666643.0
369 415 664468.0
369 416 662306.0
369 417 660155.0
369 418 658017.0
369 419 655891.0
369 420 653776.0
369 421 651673.0
369 422 649581.0
369 423 647501.0
369 424 645432.0
369 425 643375.0
369 426 641329.0
369 427 639294.0
369 428 637270.0
369 429 635257.0
369 430 633254.0
369 431 631263.0
369 432 629282.0
369 433 627312.0
369 434 625353.0
369 435 623404.0
369 436 621465.0
369 437 619537.0
369 438 617619.0
369 439 615711.0
369 440 613813.0
369 441 611925.0
369 442 610047.0
369 443 608179.0
369 444 606321.0
369 445 604473.0
369 446 602634.0
369 447 600804.0
369 448 598985.0
369 449 597174.0
369 450 595373.0
369 451 593581.0
369 452 591799.0
369 453 590025.0
369 454 588261.0
369 455 586506.0
369 456 584760.0
369 457 583022.0
369 458 581294.0
369 459 579574.0
369 460 577863.0
369 461 576160.0
369 462 574466.0
369 463 572781.0
369 464 571104.0
369 465 569436.0
369 466 567776.0
369 467 566124.0
369 468 564480.0
369 469 562844.0
369 470 561217.0
369 471 559598.0
369 472 557986.0
369 473 556383.0
369 474 554787.0
369 475 553200.0
369 476 551620.0
369 477 550048.0
369 478 548483.0
369 479 546926.0
369 480 545377.0
369 481 543835.0
369 482 542301.0
369 483 540774.0
369 484 539254.0
369 485 537742.0
369 486 536237.0
369 487 534739.0
369 488 533248.0
369 489 531764.0
369 490 530288.0
369 491 528818.0
369 492 527356.0
369 493 525900.0
369 494 524451.0
369 495 523009.0
369 496 521574.0
370 369 520146.0
370 371 518724.0
370 372 517309.0
370 373 515901.0
370 497 514499.0
370 498 513103.0
370 499 511714.0
370 500 510332.0
370 501 508956.0
370 382 507586.0
370 502 506223.0
370 385 504865.0
370 386 503515.0
370 503 502170.0
370 388 500831.0
370 504 499499.0
370 505 498172.0
370 390 496852.0
370 391 495537.0
370 506 494229.0
370 507 492926.0
370 393 491630.0
370 508 490339.0
370 394 489054.0
370 395 487775.0
370 509 486501.0
370 510 485233.0
370 398 483971.0
370 399 482714.0
370 511 481463.0
370 512 480218.0
370 513 478978.0
370 514 477743.0
370 515 476514.0
370 516 475291.0
370 517 474072.0
370 518 472860.0
370 519 471652.0
370 520 470450.0
370 521 469253.0
370 414 468061.0
370 522 466874.0
370 523 465692.0
370 524 464516.0
370 525 463345.0
370 526 462178.0
370 421 461017.0
370 527 459861.0
370 528 458710.0
370 423 457563.0
370 529 456422.0
370 530 455285.0
370 531 454153.0
370 427 453027.0
370 428 451904.0
370 532 450787.0
370 533 449674.0
370 534 448566.0
370 433 447463.0
370 535 446364.0
370 434 445270.0
370 536 444181.0
370 537 443096.0
370 538 442016.0
370 539 440940.0
370 540 439869.0
370 541 438802.0
370 542 437739.0
370 543 436681.0
370 441 435627.0
370 544 434578.0
370 545 433533.0
370 546 432492.0
370 547 431456.0
370 445 430424.0
370 446 429396.0
370 548 428372.0
370 549 427352.0
370 550 426337.0
370 451 425326.0
370 551 424318.0
370 552 423315.0
370 458 422316.0
370 461 421321.0
370 553 420330.0
370 554 419343.0
370 555 418360.0
370 556 417381.0
370 557 416406.0
370 558 415435.0
370 559 414467.0
370 560 413504.0
370 561 412544.0
370 562 411588.0
370 563 410636.0
370 470 409688.0
370 471 408743.0
370 564 407802.0
370 565 406865.0
370 566 405931.0
370 476 405002.0
370 479 404075.0
370 567 403153.0
370 568 402234.0
370 569 401319.0
370 570 400407.0
370 571 399499.0
370 572 398594.0
370 573 397693.0
370 574 396795.0
370 488 395901.0
370 490 395010.0
370 575 394122.0
370 492 393238.0
370 576 392358.0
370 577 391481.0
370 578 390607.0
371 369 389736.0
371 370 388869.0
371 579 388005.0
371 580 387145.0
371 581 386287.0
371 582 385433.0
371 583 384582.0
371 584 383735.0
371 378 382890.0
371 380 382049.0
371 381 381211.0
371 585 380376.0
371 586 379544.0
371 587 378716.0
371 382 377890.0
371 588 377067.0
371 589 376248.0
371 590 375432.0
371 591 374618.0
371 502 373808.0
371 592 373000.0
371 593 372196.0
371 384 371395.0
371 594 370596.0
371 595 369801.0
371 386 369008.0
371 387 368218.0
371 596 367432.0
371 597 366648.0
371 598 365867.0
371 599 365088.0
371 600 364313.0
371 601 363541.0
371 602 362771.0
371 603 362004.0
371 604 361240.0
371 389 360478.0
371 605 359720.0
371 392 358964.0
371 606 358210.0
371 607 357460.0
371 608 356712.0
371 609 355967.0
371 395 355224.0
371 610 354485.0
371 611 353747.0
371 612 353013.0
371 613 352281.0
371 614 351552.0
371 397 350825.0
371 615 350101.0
371 510 349379.0
371 616 348660.0
371 617 347943.0
371 398 347229.0
371 618 346518.0
371 619 345809.0
371 620 345102.0
371 621 344398.0
371 622 343696.0
371 623 342997.0
371 624 342300.0
371 625 341606.0
371 626 340914.0
371 627 340225.0
371 628 339538.0
371 629 338853.0
371 630 338170.0
371 631 337490.0
371 632 336813.0
371 633 336137.0
371 634 335464.0
371 635 334794.0
371 636 334125.0
371 637 333459.0
371 638 332795.0
371 639 332133.0
371 640 331474.0
371 641 330817.0
371 642 330162.0
371 643 329509.0
371 644 328859.0
371 645 328211.0
371 646 327565.0
371 647 326921.0
371 407 326279.0
371 648 325639.0
371 409 325002.0
371 649 324367.0
371 650 323733.0
371 651 323102.0
371 652 322473.0
371 413 321847.0
371 653 321222.0
371 654 320599.0
371 655 319978.0
371 656 319360.0
371 657 318743.0
371 658 318129.0
371 659 317516.0
371 660 316906.0
371 661 316298.0
371 662 315691.0
371 663 315087.0
371 664 314484.0
371 665 313884.0
371 666 313285.0
371 667 312689.0
371 668 312094.0
371 669 311501.0
371 670 310911.0
371 671 310322.0
371 672 309735.0
371 673 309150.0
371 674 308567.0
371 530 307985.0
371 675 307406.0
371 676 306828.0
371 428 306253.0
371 431 305679.0
371 677 305107.0
371 678 304537.0
371 679 303969.0
371 680 303402.0
371 535 302837.0
371 681 302274.0
371 682 301713.0
371 683 301154.0
371 684 300596.0
371 438 300041.0
371 439 299487.0
371 685 298934.0
371 686 298384.0
371 687 297835.0
371 688 297288.0
371 689 296743.0
371 447 296199.0
371 690 295657.0
371 691 295117.0
371 692 294578.0
371 449 294042.0
371 693 293506.0
371 694 292973.0
371 695 292441.0
371 696 291911.0
371 697 291382.0
371 455 290855.0
371 698 290330.0
371 462 289806.0
371 699 289284.0
371 700 288764.0
371 701 288245.0
371 702 287728.0
371 703 287212.0
371 704 286698.0
371 705 286186.0
371 706 285675.0
371 465 285165.0
371 707 284658.0
371 708 284151.0
371 709 283647.0
371 710 283143.0
371 711 282642.0
371 712 282142.0
371 713 281643.0
371 714 281146.0
371 715 280650.0
371 716 280156.0
371 717 279664.0
371 718 279173.0
371 719 278683.0
371 720 278195.0
371 721 277708.0
371 722 277223.0
371 723 276739.0
371 490 276257.0
371 724 275776.0
371 725 275296.0
371 726 274818.0
371 727 274341.0
371 728 273866.0
371 729 273392.0
371 730 272920.0
371 731 272449.0
371 732 271979.0
371 733 271511.0
371 734 271044.0
579 371 270579.0
579 735 270115.0
579 736 269652.0
579 737 269191.0
579 738 268730.0
579 739 268272.0
579 740 267814.0
579 741 267358.0
579 385 266904.0
579 742 266450.0
579 743 265998.0
579 744 265548.0
579 745 265098.0
579 746 264650.0
579 747 264203.0
579 748 263758.0
579 749 263313.0
579 750 262870.0
579 610 262429.0
579 751 261988.0
579 752 261549.0
579 753 261111.0
579 754 260675.0
579 755 260239.0
579 756 259805.0
579 757 259372.0
579 758 258941.0
579 759 258510.0
579 760 258081.0
579 761 257653.0
579 762 257226.0
579 763 256801.0
579 764 256376.0
579 765 255953.0
579 766 255531.0
579 767 255110.0
579 768 254691.0
579 769 254272.0
579 770 253855.0
579 771 253439.0
579 772 253024.0
579 773 252610.0
579 774 252198.0
579 775 251786.0
579 663 251376.0
579 671 250967.0
579 776 250559.0
579 777 250152.0
579 778 249746.0
579 779 249342.0
579 780 248938.0
579 781 248536.0
579 782 248135.0
579 783 247735.0
579 784 247336.0
579 785 246938.0
579 786 246541.0
579 787 246145.0
579 788 245751.0
579 789 245357.0
579 790 244964.0
579 791 244573.0
579 792 244183.0
579 793 243793.0
579 794 243405.0
579 795 243018.0
579 796 242632.0
579 797 242247.0
579 798 241863.0
579 799 241480.0
579 800 241098.0
579 801 240717.0
579 802 240337.0
579 803 239959.0
579 804 239581.0
579 805 239204.0
579 806 238828.0
579 807 238453.0
579 808 238080.0
579 809 237707.0
579 810 237335.0
579 811 236964.0
579 812 236595.0
579 813 236226.0
579 814 235858.0
579 815 235491.0
579 816 235125.0
579 817 234761.0
579 818 234397.0
579 819 234034.0
579 820 233672.0
579 821 233311.0
579 822 232951.0
579 823 232592.0
579 824 232234.0
579 825 231876.0
579 826 231520.0
579 827 231165.0
579 828 230810.0
579 829 230457.0
579 830 230104.0
579 831 229753.0
579 832 229402.0
579 833 229052.0
579 834 228703.0
579 835 228355.0
579 836 228008.0
579 837 227662.0
579 838 227317.0
579 839 226973.0
579 730 226629.0
579 840 226287.0
579 841 225945.0
579 842 225604.0
579 843 225264.0
579 844 224925.0
579 845 224587.0
579 846 224250.0
579 847 223913.0
579 848 223578.0
579 849 223243.0
372 369 222909.0
372 370 222576.0
372 850 222244.0
372 373 221913.0
372 374 221582.0
372 376 221253.0
372 499 220924.0
372 378 220596.0
372 379 220269.0
372 851 219943.0
372 382 219617.0
372 589 219293.0
372 852 218969.0
372 853 218646.0
372 854 218324.0
372 386 218003.0
372 387 217682.0
372 855 217362.0
372 856 217043.0
372 388 216725.0
372 505 216408.0
372 390 216091.0
372 391 215776.0
372 857 215461.0
372 393 215147.0
372 858 214833.0
372 394 214521.0
372 395 214209.0
372 859 213898.0
372 860 213588.0
372 861 213278.0
372 862 212969.0
372 398 212662.0
372 863 212354.0
372 864 212048.0
372 865 211742.0
372 866 211437.0
372 405 211133.0
372 867 210830.0
372 868 210527.0
372 869 210225.0
372 409 209924.0
372 870 209624.0
372 871 209324.0
372 413 209025.0
372 872 208727.0
372 773 208429.0
372 523 208132.0
372 525 207836.0
372 419 207541.0
372 421 207246.0
372 873 206952.0
372 874 206659.0
372 875 206367.0
372 423 206075.0
372 876 205784.0
372 877 205493.0
372 428 205204.0
372 532 204915.0
372 878 204627.0
372 879 204339.0
372 880 204052.0
372 881 203766.0
372 882 203480.0
372 441 203196.0
372 446 202912.0
372 448 202628.0
372 883 202345.0
372 449 202063.0
372 884 201782.0
372 451 201501.0
372 885 201221.0
372 886 200942.0
372 887 200663.0
372 888 200385.0
372 889 200107.0
372 457 199830.0
372 461 199554.0
372 558 199279.0
372 890 199004.0
372 891 198730.0
372 892 198456.0
372 466 198184.0
372 893 197911.0
372 894 197640.0
372 468 197369.0
372 895 197098.0
372 471 196829.0
372 896 196560.0
372 566 196291.0
372 897 196023.0
372 476 195756.0
372 477 195490.0
372 898 195224.0
372 570 194959.0
372 899 194694.0
372 573 194430.0
372 484 194166.0
372 900 193903.0
372 901 193641.0
372 902 193380.0
372 488 193119.0
372 903 192858.0
372 904 192598.0
372 905 192339.0
372 493 192081.0
372 906 191823.0
372 907 191565.0
6 1 191308.0
6 908 191052.0
6 909 190796.0
6 910 190541.0
6 911 190287.0
6 912 190033.0
6 913 189780.0
6 914 189527.0
6 915 189275.0
6 916 189023.0
6 917 188772.0
6 918 188522.0
6 919 188272.0
6 920 188022.0
6 921 187774.0
6 922 187525.0
6 923 187278.0
6 924 187031.0
6 925 186784.0
6 926 186538.0
6 927 186293.0
353 224 186048.0
928 9 185804.0
928 332 185560.0
928 25 185317.0
928 70 185074.0
928 929 184832.0
928 930 184590.0
928 931 184349.0
928 932 184109.0
928 933 183869.0
928 934 183630.0
928 935 183391.0
928 936 183152.0
928 937 182914.0
928 938 182677.0
928 939 182440.0
928 940 182204.0
928 106 181969.0
928 941 181733.0
928 942 181499.0
928 943 181265.0
928 944 181031.0
928 945 180798.0
928 946 180565.0
928 947 180333.0
928 948 180101.0
928 949 179870.0
928 950 179640.0
928 951 179410.0
928 952 179180.0
928 953 178951.0
928 954 178723.0
928 955 178495.0
928 956 178267.0
928 957 178040.0
928 958 177813.0
928 959 177587.0
928 960 177362.0
928 961 177137.0
928 962 176912.0
928 963 176688.0
928 964 176464.0
928 965 176241.0
928 966 176019.0
928 967 175797.0
928 968 175575.0
928 969 175354.0
928 970 175133.0
928 971 174913.0
928 972 174693.0
928 973 174474.0
928 974 174255.0
928 975 174036.0
928 976 173818.0
928 977 173601.0
928 978 173384.0
928 979 173168.0
928 980 172952.0
928 981 172736.0
928 982 172521.0
928 983 172306.0
928 984 172092.0
928 985 171878.0
928 986 171665.0
928 987 171452.0
928 988 171240.0
928 989 171028.0
928 990 170816.0
928 991 170605.0
928 992 170395.0
928 993 170185.0
928 994 169975.0
928 995 169766.0
928 996 169557.0
928 997 169348.0
928 998 169140.0
928 999 168933.0
928 1000 168726.0
928 1001 168519.0
928 1002 168313.0
928 1003 168107.0
928 1004 167902.0
928 1005 167697.0
928 1006 167493.0
928 1007 167289.0
928 1008 167085.0
928 1009 166882.0
928 1010 166679.0
928 1011 166477.0
928 1012 166275.0
928 1013 166073.0
928 1014 165872.0
928 1015 165671.0
928 1016 165471.0
928 1017 165271.0
928 1018 165072.0
928 1019 164873.0
928 1020 164674.0
928 1021 164476.0
928 1022 164278.0
928 1023 164081.0
928 1024 163884.0
928 1025 163687.0
928 1026 163491.0
928 1027 163295.0
928 1028 163100.0
928 1029 162905.0
928 1030 162711.0
928 1031 162516.0
928 1032 162323.0
928 1033 162129.0
928 1034 161936.0
928 1035 161744.0
928 1036 161551.0
928 1037 161360.0
928 1038 161168.0
928 1039 160977.0
928 1040 160787.0
928 1041 160596.0
928 1042 160407.0
928 1043 160217.0
928 1044 160028.0
928 1045 159839.0
928 1046 159651.0
928 1047 159463.0
928 1048 159275.0
928 1049 159088.0
928 1050 158901.0
928 1051 158715.0
928 1052 158529.0
928 1053 158343.0
928 1054 158158.0
928 1055 157973.0
928 1056 157788.0
928 1057 157604.0
928 1058 157420.0
928 1059 157237.0
928 1060 157054.0
928 1061 156871.0
928 1062 156689.0
928 1063 156507.0
928 1064 156325.0
928 1065 156144.0
928 1066 155963.0
928 1067 155782.0
928 1068 155602.0
928 1069 155422.0
928 1070 155243.0
928 1071 155063.0
928 1072 154885.0
928 1073 154706.0
928 1074 154528.0
928 1075 154350.0
928 1076 154173.0
928 1077 153996.0
928 1078 153819.0
928 1079 153643.0
928 1080 153467.0
928 1081 153291.0
928 1082 153116.0
7 1 152941.0
7 231 152766.0
7 8 152592.0
7 1083 152418.0
7 1084 152245.0
7 1085 152071.0
7 13 151898.0
7 14 151726.0
7 1086 151554.0
7 20 151382.0
7 47 151210.0
7 48 151039.0
7 1087 150868.0
7 1088 150697.0
7 1089 150527.0
7 1090 150357.0
7 1091 150188.0
7 1092 150018.0
1093 19 149849.0
1093 498 149681.0
1093 1094 149512.0
1093 238 149344.0
1093 1095 149177.0
1093 1096 149010.0
1093 1097 148843.0
1093 1098 148676.0
8 1 148509.0
8 7 148343.0
8 1099 148178.0
8 1083 148012.0
8 1084 147847.0
8 1100 147682.0
8 1085 147518.0
8 13 147354.0
8 14 147190.0
8 1101 147027.0
8 1102 146863.0
8 1103 146700.0
8 1086 146538.0
8 20 146376.0
8 43 146214.0
8 47 146052.0
8 48 145891.0
8 238 145729.0
8 1090 145569.0
354 224 145408.0
1099 8 145248.0
1099 1104 145088.0
1099 1105 144929.0
1099 1106 144770.0
1099 1107 144611.0
1099 1108 144452.0
1099 1109 144294.0
1083 7 144136.0
1083 8 143978.0
1083 233 143820.0
1083 13 143663.0
1083 14 143506.0
1083 43 143350.0
1083 47 143194.0
1083 48 143038.0
1083 1110 142882.0
1083 236 142726.0
1083 237 142571.0
1083 1111 142417.0
1083 1112 142262.0
1083 239 142108.0
1083 1113 141954.0
1083 1114 141800.0
1083 242 141647.0
1083 1115 141494.0
1083 1116 141341.0
1083 1117 141188.0
1083 1118 141036.0
1083 1119 140884.0
1083 1120 140732.0
9 1 140581.0
9 928 140430.0
9 25 140279.0
9 1121 140128.0
9 1122 139978.0
9 1123 139828.0
9 1124 139678.0
9 1125 139529.0
9 1126 139379.0
9 1127 139231.0
9 1128 139082.0
9 1129 138934.0
9 1130 138785.0
9 1131 138638.0
9 1132 138490.0
9 1133 138343.0
9 1134 138196.0
9 1135 138049.0
9 1136 137902.0
9 1137 137756.0
9 971 137610.0
9 1138 137464.0
9 1139 137319.0
9 1140 137174.0
9 1141 137029.0
9 1142 136884.0
9 1143 136740.0
9 1144 136596.0
9 1145 136452.0
9 1146 136308.0
9 1147 136165.0
9 1148 136022.0
9 1149 135879.0
9 1005 135736.0
9 1150 135594.0
9 1151 135452.0
9 1152 135310.0
9 1009 135169.0
9 1153 135027.0
9 1154 134886.0
9 1155 134745.0
9 1156 134605.0
9 1157 134465.0
9 1158 134325.0
9 1159 134185.0
9 1160 134045.0
9 1161 133906.0
9 1162 133767.0
9 1163 133628.0
9 1164 133490.0
9 1165 133351.0
9 1166 133213.0
9 1167 133075.0
9 1168 132938.0
9 1169 132800.0
9 1170 132663.0
9 1171 132526.0
9 1172 132390.0
9 1173 132253.0
9 1174 132117.0
9 1175 131981.0
9 1176 131846.0
9 1177 131710.0
9 1178 131575.0
9 1052 131440.0
9 1179 131306.0
9 1180 131171.0
9 1181 131037.0
9 1182 130903.0
9 1183 130769.0
9 1184 130636.0
9 1185 130502.0
9 1186 130369.0
9 1187 130237.0
9 1188 130104.0
9 1189 129972.0
9 1190 129840.0
9 1191 129708.0
10 1 129576.0
10 29 129445.0
10 1192 129313.0
10 36 129182.0
10 1193 129052.0
10 1194 128921.0
10 51 128791.0
10 54 128661.0
10 1195 128531.0
10 1196 128401.0
10 1197 128272.0
10 69 128143.0
10 1198 128014.0
10 77 127885.0
10 1199 127756.0
10 1200 127628.0
10 87 127500.0
10 89 127372.0
10 91 127245.0
10 1201 127117.0
10 101 126990.0
10 106 126863.0
10 1202 126736.0
10 1203 126610.0
10 1204 126483.0
10 1205 126357.0
10 1206 126231.0
10 1207 126106.0
10 1208 125980.0
10 120 125855.0
10 1209 125730.0
10 1210 125605.0
10 1211 125481.0
10 1212 125356.0
10 1213 125232.0
10 1214 125108.0
10 1215 124984.0
10 1216 124861.0
10 1217 124737.0
10 1218 124614.0
10 1219 124491.0
10 1220 124369.0
10 1221 124246.0
10 1222 124124.0
10 1223 124002.0
10 1224 123880.0
10 197 123758.0
10 1225 123637.0
10 1226 123515.0
10 1227 123394.0
10 199 123273.0
10 1228 123153.0
10 1229 123032.0
10 1230 122912.0
10 1231 122792.0
10 1232 122672.0
10 1233 122552.0
11 1 122433.0
11 2 122314.0
11 1234 122195.0
11 1235 122076.0
12 1 121957.0
12 1236 121839.0
12 1237 121720.0
12 1238 121602.0
12 1239 121484.0
12 1240 121367.0
12 1241 121249.0
12 1242 121132.0
12 1243 121015.0
12 1244 120898.0
12 1245 120781.0
12 1246 120665.0
12 1247 120548.0
232 231 120432.0
232 233 120316.0
232 1248 120200.0
232 243 120085.0
232 1249 119970.0
232 1250 119854.0
233 231 119739.0
233 1083 119625.0
233 232 119510.0
233 1251 119396.0
233 235 119281.0
233 1252 119167.0
233 1253 119053.0
233 1254 118940.0
233 1255 118826.0
1084 7 118713.0
1084 8 118600.0
1084 1256 118487.0
1084 1257 118374.0
1084 1258 118262.0
1084 1259 118149.0
1084 236 118037.0
1084 1260 117925.0
1084 1261 117813.0
1084 1262 117701.0
1256 1084 117590.0
1256 1263 117479.0
1257 1084 117368.0
1257 1264 117257.0
1265 20 117146.0
1265 35 117035.0
1265 1266 116925.0
1265 38 116815.0
1265 41 116705.0
1265 1267 116595.0
1265 1268 116485.0
1265 1269 116376.0
1265 1270 116266.0
1265 70 116157.0
1265 1271 116048.0
1265 77 115939.0
1265 1272 115831.0
1265 106 115722.0
1265 1273 115614.0
1265 1274 115506.0
1265 1275 115398.0
1265 1276 115290.0
1265 1277 115183.0
1265 1278 115075.0
1265 1279 114968.0
1265 1280 114861.0
1265 1281 114754.0
1265 1282 114647.0
1265 1283 114541.0
1265 1284 114434.0
1265 1285 114328.0
1265 1286 114222.0
1265 1287 114116.0
1265 1288 114010.0
1265 1289 113905.0
1265 1290 113799.0
1265 1291 113694.0
1265 1292 113589.0
1265 1293 113484.0
1265 1294 113380.0
1265 1295 113275.0
1265 1296 113171.0
1265 1297 113066.0
1251 233 112962.0
1251 1298 112858.0
1251 1299 112755.0
1251 1300 112651.0
1251 1301 112548.0
1251 1302 112444.0
1251 1303 112341.0
1251 1304 112238.0
1251 1305 112136.0
1251 1306 112033.0
1251 1307 111931.0
1251 1308 111828.0
1251 1309 111726.0
1251 1310 111624.0
1251 1311 111523.0
1312 1313 111421.0
1312 1314 111319.0
1312 1315 111218.0
1312 1316 111117.0
1312 1317 111016.0
1312 1318 110915.0
1312 1274 110814.0
1312 1319 110714.0
1312 1320 110614.0
1312 1321 110513.0
1312 1322 110413.0
1312 1323 110313.0
1312 1324 110214.0
1312 1325 110114.0
1312 1326 110015.0
1312 1327 109915.0
1312 1328 109816.0
1312 1329 109717.0
1312 1330 109618.0
1312 1331 109520.0
1312 1332 109421.0
1312 1333 109323.0
1312 1334 109224.0
1312 1335 109126.0
1312 1336 109028.0
1312 1337 108931.0
1312 1338 108833.0
1312 1339 108736.0
1312 1340 108638.0
1312 1291 108541.0
1312 1341 108444.0
1312 1342 108347.0
1100 8 108251.0
1100 1343 108154.0
1100 1344 108057.0
1100 1345 107961.0
1100 1346 107865.0
1100 1347 107769.0
1100 1348 107673.0
1100 1349 107578.0
1100 1350 107482.0
1100 1351 107387.0
1100 1352 107291.0
1100 1353 107196.0
1085 7 107101.0
1085 8 107006.0
1085 13 106912.0
1085 14 106817.0
1085 47 106723.0
1085 48 106629.0
1085 236 106534.0
1085 237 106440.0
1085 1354 106347.0
1085 1113 106253.0
1085 1114 106159.0
1085 242 106066.0
13 1 105973.0
13 231 105880.0
13 7 105787.0
13 8 105694.0
13 1083 105601.0
13 1085 105509.0
13 14 105416.0
13 1355 105324.0
13 1356 105232.0
13 1357 105140.0
13 1101 105048.0
13 1358 104956.0
13 1359 104864.0
13 1360 104773.0
13 1361 104682.0
13 20 104590.0
13 1362 104499.0
13 1363 104409.0
14 1 104318.0
14 231 104227.0
14 7 104137.0
14 8 104046.0
14 1083 103956.0
14 1085 103866.0
14 13 103776.0
14 1355 103686.0
14 1356 103596.0
14 1357 103507.0
14 1101 103417.0
14 1358 103328.0
14 1359 103239.0
14 1360 103150.0
14 1361 103061.0
14 908 102972.0
14 1364 102883.0
14 20 102795.0
14 1365 102707.0
14 1366 102618.0
14 1367 102530.0
14 911 102442.0
14 1368 102354.0
14 1354 102267.0
14 1369 102179.0
14 1363 102091.0
14 1370 102004.0
1355 13 101917.0
1355 14 101830.0
1355 1356 101743.0
1355 1101 101656.0
1355 1371 101569.0
1355 1372 101483.0
1355 1373 101396.0
1355 1358 101310.0
1355 1359 101224.0
1355 1374 101138.0
1355 1360 101052.0
1355 1375 100966.0
1355 1376 100880.0
1355 1377 100795.0
1355 1378 100709.0
1356 13 100624.0
1356 14 100539.0
1356 1355 100453.0
1356 1101 100368.0
1356 1379 100284.0
1356 1359 100199.0
1356 1380 100114.0
1356 1381 100030.0
1356 1382 99945.5
1356 1383 99861.2
1356 1384 99777.1
1356 1385 99693.1
1357 13 99609.3
1357 14 99525.5
1101 8 99441.9
1101 13 99358.4
1101 14 99275.0
1101 1355 99191.7
1101 1356 99108.6
1101 1371 99025.6
1101 1372 98942.7
1101 1102 98859.9
1101 1373 98777.2
1101 1358 98694.7
1101 1359 98612.2
1101 1374 98529.9
1101 1386 98447.7
1101 1360 98365.6
1101 1375 98283.7
1101 1376 98201.8
1101 1103 98120.1
1101 1387 98038.5
1101 1388 97957.0
1101 1389 97875.6
1101 1390 97794.4
1101 1391 97713.2
1101 1377 97632.2
1101 1392 97551.3
1101 1393 97470.5
1101 1394 97389.8
1101 1395 97309.2
1101 1396 97228.7
1101 1397 97148.4
1101 1398 97068.2
1101 1399 96988.0
1101 1400 96908.0
1101 1401 96828.2
1101 1402 96748.4
1101 1403 96668.7
1101 1404 96589.2
1101 1405 96509.7
1101 1406 96430.4
1371 1355 96351.2
1371 1101 96272.1
1371 1372 96193.1
1371 1375 96114.2
1371 1407 96035.4
1371 1408 95956.7
1371 1409 95878.2
1371 1410 95799.8
1371 1411 95721.4
1371 1412 95643.2
1371 1413 95565.1
1371 1414 95487.1
1371 1415 95409.2
1371 1416 95331.4
1371 1417 95253.7
1371 1418 95176.2
1371 1419 95098.7
1371 1420 95021.3
1371 1421 94944.1
1371 1422 94867.0
1371 1423 94789.9
1371 1424 94713.0
1371 1425 94636.2
1371 1426 94559.5
1371 1427 94482.9
1371 1428 94406.4
1371 1429 94330.0
1371 1430 94253.7
1371 1431 94177.5
1372 1355 94101.5
1372 1101 94025.5
1372 1371 93949.6
1372 1102 93873.9
1372 1373 93798.2
1372 1374 93722.7
1372 1386 93647.2
1372 1375 93571.9
1372 1376 93496.7
1372 1377 93421.5
1372 1393 93346.5
1102 8 93271.6
1102 1101 93196.8
1102 1372 93122.0
1102 1374 93047.4
1102 1376 92972.9
1102 1103 92898.5
1102 1387 92824.2
1102 1388 92750.0
1102 1391 92675.9
1102 1377 92601.9
1102 1393 92528.0
1102 1398 92454.2
1102 1399 92380.5
1102 1402 92306.8
1102 1432 92233.3
1102 1433 92159.9
1102 1434 92086.6
1102 1435 92013.4
1102 1436 91940.3
1102 1437 91867.3
1102 1438 91794.4
1102 1439 91721.6
1102 1440 91648.9
1102 1441 91576.3
1102 1404 91503.8
1102 1442 91431.4
1102 1443 91359.1
1102 1405 91286.9
1102 1444 91214.8
1379 1356 91142.8
1373 1355 91070.8
1373 1101 90999.0
1373 1372 90927.3
1373 1359 90855.7
1358 13 90784.1
1358 14 90712.7
1358 1355 90641.4
1358 1101 90570.1
1358 1360 90499.0
1359 13 90427.9
1359 14 90357.0
1359 1355 90286.1
1359 1356 90215.3
1359 1101 90144.7
1359 1373 90074.1
1359 1360 90003.6
1374 1355 89933.2
1374 1101 89862.9
1374 1372 89792.7
1374 1102 89722.6
1374 1103 89652.6
1374 1388 89582.7
1374 1389 89512.9
1374 1445 89443.2
234 231 89373.5
234 1446 89304.0
1386 1101 89234.5
1386 1372 89165.2
1386 1447 89095.9
1360 13 89026.7
1360 14 88957.6
1360 1355 88888.6
1360 1101 88819.8
1360 1358 88750.9
1360 1359 88682.2
1361 13 88613.6
1361 14 88545.1
1361 1448 88476.6
1361 1449 88408.3
1361 1450 88340.0
1361 1451 88271.8
1361 1452 88203.8
1361 1453 88135.8
1361 1454 88067.9
1361 1455 88000.1
1361 1456 87932.3
1361 1457 87864.7
1361 1458 87797.2
1361 1459 87729.7
1361 1460 87662.3
1361 1461 87595.1
1448 1361 87527.9
1449 1361 87460.8
1450 1361 87393.8
1450 1462 87326.8
1450 1463 87260.0
1450 1464 87193.3
1450 1465 87126.6
1375 1355 87060.0
1375 1101 86993.5
1375 1371 86927.1
1375 1372 86860.8
1375 1466 86794.6
1375 1467 86728.4
1375 1468 86662.4
1375 1469 86596.4
1375 1470 86530.5
1375 1376 86464.8
1375 1471 86399.0
1375 1472 86333.4
1375 1473 86267.9
1375 1474 86202.4
1375 1475 86137.1
1375 1476 86071.8
1375 1477 86006.6
1375 1478 85941.5
1375 1479 85876.4
1375 1480 85811.5
1375 1481 85746.6
1375 1482 85681.8
1375 1483 85617.2
1375 1484 85552.5
1375 1485 85488.0
1375 1486 85423.6
1375 1487 85359.2
1375 1488 85294.9
1375 1489 85230.7
1375 1490 85166.6
1375 1491 85102.6
1375 1492 85038.7
1375 1493 84974.8
1375 1494 84911.0
1375 1495 84847.3
1375 1496 84783.7
1375 1497 84720.2
1375 1498 84656.7
1375 1499 84593.3
1375 1500 84530.0
1375 1501 84466.8
1375 1502 84403.7
1375 1503 84340.7
1375 1504 84277.7
1375 1505 84214.8
1375 1506 84152.0
1375 1507 84089.3
1375 1508 84026.6
1375 1509 83964.1
1375 1510 83901.6
1375 1511 83839.2
1375 1512 83776.8
1375 1513 83714.6
1375 1514 83652.4
1375 1515 83590.3
1451 1361 83528.3
1452 1361 83466.4
15 1 83404.5
15 1516 83342.8
15 1517 83281.1
15 1518 83219.4
15 1519 83157.9
15 1520 83096.4
15 1521 83035.1
15 1522 82973.8
15 1523 82912.5
15 1524 82851.4
15 1525 82790.3
15 1526 82729.3
908 6 82668.4
908 14 82607.5
908 1527 82546.8
908 1528 82486.1
908 332 82425.5
908 1086 82364.9
908 20 82304.5
908 1529 82244.1
908 1530 82183.8
908 1531 82123.5
908 1532 82063.4
908 1533 82003.3
908 1534 81943.3
908 1535 81883.4
908 1536 81823.5
908 1537 81763.7
908 1538 81704.0
908 911 81644.4
908 1539 81584.8
908 1540 81525.4
908 912 81465.9
908 1541 81406.6
908 1542 81347.3
908 1543 81288.2
908 1544 81229.0
908 1545 81170.0
908 1546 81111.0
908 1547 81052.2
908 1548 80993.3
908 1549 80934.6
908 1550 80875.9
908 1551 80817.3
908 1552 80758.8
908 1553 80700.3
908 1554 80642.0
908 1555 80583.6
908 1556 80525.4
1453 1361 80467.2
1453 1557 80409.1
1453 1460 80351.1
1466 1375 80293.2
1466 1558 80235.3
1466 1559 80177.5
1466 1560 80119.8
1466 1561 80062.1
1466 1562 80004.5
1466 1563 79947.0
1466 1564 79889.5
1467 1375 79832.1
1468 1375 79774.8
1468 1565 79717.6
1468 1566 79660.4
1468 1567 79603.3
1468 1568 79546.3
1468 1569 79489.3
1468 1570 79432.5
1468 1571 79375.6
1468 1572 79318.9
1468 1573 79262.2
1468 1574 79205.6
1468 1575 79149.1
1468 1576 79092.6
1468 1577 79036.2
1468 1578 78979.9
1468 1579 78923.6
1469 1375 78867.4
1470 1375 78811.3
1376 1355 78755.2
1376 1101 78699.2
1376 1372 78643.3
1376 1102 78587.4
1376 1375 78531.6
1376 1387 78475.9
1376 1388 78420.3
1376 1389 78364.7
1376 1377 78309.2
1376 1580 78253.7
1376 1581 78198.4
1376 1582 78143.0
1376 1395 78087.8
1376 1396 78032.6
1376 1583 77977.5
1376 1445 77922.4
1376 1584 77867.5
1376 1397 77812.6
1376 1399 77757.7
1376 1400 77702.9
1376 1585 77648.2
1376 1586 77593.6
1376 1432 77539.0
1376 1439 77484.5
1376 1587 77430.0
1376 1588 77375.6
1376 1589 77321.3
1471 1375 77267.1
1471 1490 77212.9
1471 1496 77158.7
1590 1591 77104.7
1590 1592 77050.7
1590 1593 76996.8
1590 1594 76942.9
1590 1595 76889.1
1590 1596 76835.3
1590 1597 76781.7
1590 1598 76728.1
1590 1599 76674.5
1590 1600 76621.0
1590 1601 76567.6
1590 1602 76514.3
1590 1603 76461.0
1590 1604 76407.8
1590 1605 76354.6
1590 1606 76301.5
1590 1607 76248.5
1590 1608 76195.5
1590 1609 76142.6
1590 1610 76089.7
1590 1611 76037.0
1590 1612 75984.2
1590 1613 75931.6
1590 1614 75879.0
1590 1615 75826.5
1590 1616 75774.0
1590 1617 75721.6
1590 1618 75669.2
1590 1619 75617.0
1590 1620 75564.7
1590 1621 75512.6
1590 1622 75460.5
1590 1623 75408.4
1590 1624 75356.5
1590 1625 75304.5
1590 1626 75252.7
1590 1627 75200.9
1590 1628 75149.2
1590 1629 75097.5
1590 1630 75045.9
1590 1631 74994.3
1590 1632 74942.9
1590 1633 74891.4
1590 1634 74840.1
1590 1635 74788.8
1590 1636 74737.5
1590 1637 74686.3
1590 1638 74635.2
1590 1639 74584.1
1590 1640 74533.1
1590 1641 74482.2
1590 1642 74431.3
1527 908 74380.5
1527 1528 74329.7
1527 1643 74279.0
1527 20 74228.4
1527 1529 74177.8
1527 1535 74127.2
1527 911 74076.8
1527 1555 74026.4
1472 1375 73976.0
1472 1473 73925.7
1472 1644 73875.5
1472 1645 73825.3
1472 1646 73775.2
1472 1476 73725.1
1472 1486 73675.1
1472 1647 73625.2
1472 1491 73575.3
1472 1648 73525.5
1472 1501 73475.7
1472 1649 73426.0
1472 1650 73376.3
1473 1375 73326.7
1473 1472 73277.2
1473 1476 73227.7
1473 1477 73178.3
1473 1651 73128.9
1473 1486 73079.6
1473 1652 73030.3
1473 1653 72981.1
1473 1654 72932.0
1644 1472 72882.9
1655 1656 72833.9
1655 1657 72784.9
1655 1658 72736.0
1655 1659 72687.1
1655 1660 72638.3
1655 1661 72589.6
1655 1662 72540.9
1655 1663 72492.3
1655 1664 72443.7
1655 1665 72395.2
1655 1666 72346.7
1655 1667 72298.3
1655 1668 72249.9
1655 1669 72201.6
1655 1670 72153.4
1655 1671 72105.2
1655 1513 72057.1
1655 1672 72009.0
1655 1673 71961.0
1655 1674 71913.0
1655 1675 71865.1
1655 1676 71817.2
1655 1677 71769.4
1655 1678 71721.7
1655 1679 71674.0
1655 1680 71626.3
1655 1681 71578.7
1655 1682 71531.2
1655 1683 71483.7
1655 1684 71436.3
1655 1685 71388.9
1655 1686 71341.6
1655 1687 71294.3
1655 1688 71247.1
1655 1689 71200.0
1655 1690 71152.9
1655 1691 71105.8
1655 1692 71058.8
1655 1693 71011.9
1655 1694 70965.0
1655 1695 70918.2
1655 1696 70871.4
1655 1697 70824.6
1655 1698 70778.0
1655 1699 70731.3
1655 1700 70684.8
1655 1701 70638.2
1655 1702 70591.8
1655 1703 70545.4
1655 1704 70499.0
1655 1705 70452.7
1655 1706 70406.4
1655 1707 70360.2
1655 1708 70314.1
1655 1709 70268.0
1655 1710 70221.9
1655 1711 70175.9
1655 1712 70130.0
1655 1713 70084.1
1655 1714 70038.2
1655 1715 69992.4
1407 1371 69946.7
1407 1716 69901.0
1407 1408 69855.4
1407 1717 69809.8
1407 1411 69764.2
1407 1718 69718.7
1407 1719 69673.3
1407 1720 69627.9
1407 1721 69582.6
1407 1722 69537.3
1407 1723 69492.1
1407 1724 69446.9
1407 1725 69401.7
1407 1726 69356.7
1407 1727 69311.6
1407 1728 69266.7
1407 1729 69221.7
1407 1730 69176.8
1407 1731 69132.0
1407 1732 69087.2
1407 1733 69042.5
1407 1734 68997.8
1407 1735 68953.2
1407 1736 68908.6
1407 1737 68864.1
1407 1738 68819.6
1407 1739 68775.1
1407 1740 68730.7
1407 1741 68686.4
1407 1742 68642.1
1407 1743 68597.9
1407 1744 68553.7
1407 1745 68509.5
1407 1746 68465.4
1407 1747 68421.4
1407 1748 68377.4
1407 1749 68333.5
1407 1750 68289.6
1407 1751 68245.7
1407 1752 68201.9
1407 1753 68158.1
1407 1754 68114.4
1407 1755 68070.8
1407 1756 68027.2
1407 1757 67983.6
1407 1758 67940.1
1407 1759 67896.6
1407 1760 67853.2
1407 1761 67809.8
1407 1762 67766.5
1407 1763 67723.2
1407 1764 67680.0
1407 1765 67636.8
1407 1766 67593.7
1407 1767 67550.6
1407 1417 67507.5
1407 1768 67464.6
1407 1769 67421.6
1407 1770 67378.7
1407 1771 67335.8
1407 1772 67293.0
1407 1773 67250.3
1407 1774 67207.6
1407 1775 67164.9
1407 1776 67122.3
1407 1777 67079.7
1407 1778 67037.2
1407 1779 66994.7
1407 1780 66952.3
1407 1781 66909.9
1407 1782 66867.5
1407 1783 66825.2
1407 1784 66783.0
1407 1785 66740.8
1407 1786 66698.6
1407 1787 66656.5
1407 1788 66614.4
1407 1789 66572.4
1407 1790 66530.4
1407 1791 66488.5
1407 1792 66446.6
1407 1793 66404.8
1407 1794 66363.0
1407 1795 66321.2
1407 1796 66279.5
1407 1797 66237.8
1407 1798 66196.2
1407 1799 66154.6
1407 1800 66113.1
1407 1801 66071.6
1407 1802 66030.2
1407 1803 65988.8
1407 1804 65947.4
1407 1805 65906.1
1407 1806 65864.9
1407 1807 65823.7
1407 1808 65782.5
1407 1809 65741.4
1407 1810 65700.3
1407 1811 65659.2
1407 1812 65618.2
1528 908 65577.3
1528 1527 65536.4
1528 1643 65495.5
1528 1529 65454.7
1528 1534 65413.9
1591 1590 65373.2
1591 1592 65332.5
1591 1813 65291.8
1591 1593 65251.2
1591 1814 65210.7
1591 1594 65170.2
1591 1815 65129.7
1591 1596 65089.2
1591 1597 65048.9
1591 1599 65008.5
1591 1600 64968.2
1591 1601 64927.9
1591 1603 64887.7
1591 1816 64847.6
1591 1605 64807.4
1591 1817 64767.3
1591 1611 64727.3
1591 1614 64687.3
1591 1818 64647.3
1591 1819 64607.4
1591 1820 64567.5
1591 1821 64527.7
1591 1618 64487.9
1591 1822 64448.1
1591 1823 64408.4
1591 1824 64368.8
1591 1825 64329.1
1591 1826 64289.6
1591 1622 64250.0
1591 1623 64210.5
1591 1625 64171.1
1591 1626 64131.6
1591 1827 64092.3
1591 1828 64052.9
1591 1829 64013.6
1591 1630 63974.4
1591 1830 63935.2
1591 1831 63896.0
1591 1632 63856.9
1591 1633 63817.8
1591 1634 63778.7
1591 1832 63739.7
1591 1636 63700.8
1591 1833 63661.9
1591 1637 63623.0
1591 1639 63584.1
1591 1834 63545.3
1591 1640 63506.6
1591 1835 63467.8
1645 1472 63429.2
1364 14 63390.5
1643 1527 63351.9
1643 1528 63313.4
1643 20 63274.9
1643 1529 63236.4
1643 1836 63197.9
1643 1837 63159.5
1643 1838 63121.2
1643 1839 63082.9
1643 911 63044.6
1643 1840 63006.3
1643 1841 62968.1
1103 8 62930.0
1103 1101 62891.9
1103 1102 62853.8
1103 1374 62815.7
1103 1387 62777.7
1103 1391 62739.8
1103 1377 62701.9
1103 1842 62664.0
1103 1843 62626.1
1103 1844 62588.3
1103 1845 62550.6
1103 1846 62512.8
1387 1101 62475.1
1387 1102 62437.5
1387 1376 62399.9
1387 1103 62362.3
1387 1391 62324.8
1387 1393 62287.3
1847 1848 62249.8
1847 1849 62212.4
1847 1850 62175.0
1847 1851 62137.7
1847 1852 62100.4
1847 1853 62063.1
1847 1854 62025.9
1847 1855 61988.7
1847 117 61951.6
1847 1856 61914.5
1847 1857 61877.4
1847 1858 61840.4
1847 1859 61803.4
1847 1860 61766.4
1847 1861 61729.5
1847 1862 61692.6
1847 1863 61655.8
1847 1864 61619.0
1847 1865 61582.2
1847 1866 61545.5
1847 1867 61508.8
1847 1868 61472.1
1847 1869 61435.5
1847 1870 61398.9
1847 1871 61362.4
1847 1872 61325.9
1847 1873 61289.4
1847 1874 61253.0
1847 1875 61216.6
1847 1876 61180.2
1847 145 61143.9
1847 1877 61107.6
1847 1878 61071.4
1847 1879 61035.1
1847 1880 60999.0
1847 1881 60962.8
1847 1882 60926.7
1847 1883 60890.7
1847 1884 60854.6
1847 1885 60818.7
1847 1886 60782.7
1847 1887 60746.8
1847 1888 60710.9
1847 1889 60675.1
1847 1890 60639.3
1847 1891 60603.5
1847 1892 60567.7
1847 1893 60532.0
1847 1894 60496.4
1895 1851 60460.8
1895 1896 60425.2
1895 1897 60389.6
1895 1898 60354.1
1895 1855 60318.6
1895 117 60283.1
1895 1861 60247.7
1895 1899 60212.4
1895 1900 60177.0
1895 1901 60141.7
1895 1902 60106.4
1895 1865 60071.2
1895 1903 60036.0
1895 1904 60000.8
1895 1905 59965.7
1895 1871 59930.6
1895 1873 59895.6
1895 1874 59860.5
1895 1906 59825.5
1895 1907 59790.6
1895 1908 59755.7
1895 1909 59720.8
1895 1910 59685.9
1895 1911 59651.1
1895 1912 59616.3
1895 1913 59581.6
1895 1887 59546.9
1895 1914 59512.2
1895 1915 59477.6
1895 1916 59443.0
1895 1917 59408.4
1895 1918 59373.9
1895 1919 59339.4
1895 1920 59304.9
1895 1921 59270.5
1895 1922 59236.1
1388 1101 59201.7
1388 1102 59167.4
1388 1374 59133.1
1388 1376 59098.8
1388 1390 59064.6
1388 1923 59030.4
1388 1377 58996.2
1388 1393 58962.1
1388 1399 58928.0
1388 1924 58893.9
1389 1101 58859.9
1389 1374 58825.9
1389 1376 58792.0
1389 1925 58758.0
1389 1926 58724.1
1389 1927 58690.3
1389 1928 58656.5
1389 1929 58622.7
16 1 58588.9
1656 1655 58555.2
1656 1930 58521.5
1656 1931 58487.8
1656 1932 58454.2
1656 1933 58420.6
1656 1934 58387.1
1656 1935 58353.5
1656 1936 58320.0
1656 1937 58286.6
1656 1938 58253.2
1656 1939 58219.8
1656 1940 58186.4
1656 1941 58153.1
1390 1101 58119.8
1390 1388 58086.5
1390 1923 58053.3
1390 1942 58020.1
1390 1943 57986.9
1390 1924 57953.8
1923 1388 57920.7
1923 1390 57887.6
1923 1944 57854.6
1923 1945 57821.6
1942 1390 57788.6
1943 1390 57755.7
1925 1389 57722.8
1925 1926 57689.9
1925 1929 57657.1
1926 1389 57624.2
1926 1925 57591.5
1926 1946 57558.7
1946 1926 57526.0
329 5 57493.3
329 1121 57460.7
329 36 57428.1
329 1848 57395.5
329 1947 57362.9
329 1948 57330.4
329 106 57297.9
329 1949 57265.4
329 1950 57233.0
329 1951 57200.6
329 1952 57168.2
329 1953 57135.9
329 1954 57103.6
329 1955 57071.3
329 1956 57039.1
329 1957 57006.9
329 1958 56974.7
329 1959 56942.6
329 1960 56910.4
329 1961 56878.4
329 1962 56846.3
329 1963 56814.3
329 1964 56782.3
330 5 56750.3
330 1965 56718.4
330 332 56686.5
330 333 56654.6
330 1966 56622.8
330 28 56591.0
330 1967 56559.2
330 86 56527.4
330 90 56495.7
330 1968 56464.0
330 1969 56432.4
330 1112 56400.8
330 1970 56369.2
330 1971 56337.6
330 1972 56306.1
330 1973 56274.6
330 1974 56243.1
330 1975 56211.7
330 1550 56180.2
330 1976 56148.9
330 1977 56117.5
330 1978 56086.2
330 1979 56054.9
330 1980 56023.6
331 5 55992.4
331 333 55961.2
331 86 55930.0
331 1981 55898.9
331 1982 55867.8
331 1983 55836.7
1965 330 55805.6
1965 1984 55774.6
1965 1985 55743.6
1965 1986 55712.6
1965 1987 55681.7
332 5 55650.8
332 928 55619.9
332 908 55589.1
332 330 55558.2
332 333 55527.4
332 70 55496.7
332 90 55466.0
332 1988 55435.3
332 1971 55404.6
332 1975 55373.9
332 1549 55343.3
332 1550 55312.7
332 1989 55282.2
332 1990 55251.6
332 1991 55221.2
333 5 55190.7
333 330 55160.2
333 331 55129.8
333 332 55099.4
333 1966 55069.1
333 1992 55038.8
333 1993 55008.5
333 1192 54978.2
333 36 54948.0
333 54 54917.7
333 1848 54887.6
333 1196 54857.4
333 69 54827.3
333 70 54797.2
333 1994 54767.1
333 1995 54737.1
333 1996 54707.0
333 86 54677.1
333 1997 54647.1
333 90 54617.2
333 344 54587.3
333 1998 54557.4
333 1999 54527.6
333 2000 54497.7
333 2001 54467.9
333 2002 54438.2
333 2003 54408.4
333 2004 54378.7
333 2005 54349.1
333 2006 54319.4
333 2007 54289.8
333 2008 54260.2
333 2009 54230.6
333 2010 54201.1
333 962 54171.6
333 2011 54142.1
333 2012 54112.6
333 136 54083.2
333 2013 54053.8
333 2014 54024.4
333 141 53995.1
333 2015 53965.8
333 2016 53936.5
333 2017 53907.2
333 173 53878.0
333 2018 53848.8
333 1978 53819.6
333 2019 53790.4
333 1979 53761.3
333 2020 53732.2
333 2021 53703.1
333 2022 53674.1
333 2023 53645.0
333 2024 53616.0
333 2025 53587.1
333 2026 53558.1
333 2027 53529.2
334 5 53500.3
334 2028 53471.5
335 5 53442.6
335 2029 53413.8
335 2030 53385.0
335 2031 53356.3
1966 330 53327.6
1966 333 53298.9
1966 2032 53270.2
1966 90 53241.5
1966 2033 53212.9
1966 2034 53184.3
1966 2035 53155.7
1966 2036 53127.2
1966 2037 53098.7
1966 1155 53070.2
1966 2038 53041.7
1966 2039 53013.3
1966 2040 52984.9
1966 2041 52956.5
1966 2042 52928.1
1966 2043 52899.8
1966 2044 52871.5
1966 2045 52843.2
17 1 52815.0
17 2046 52786.7
17 2047 52758.5
17 2048 52730.3
17 1992 52702.2
17 26 52674.1
17 2049 52646.0
17 2050 52617.9
17 2051 52589.8
17 2052 52561.8
17 2053 52533.8
17 2054 52505.8
17 2055 52477.9
17 2056 52450.0
17 2057 52422.1
17 2058 52394.2
18 1 52366.4
18 5 52338.5
18 2059 52310.7
18 2060 52283.0
18 2061 52255.2
18 2062 52227.5
18 2063 52199.8
18 2064 52172.1
18 86 52144.5
18 2065 52116.9
18 2066 52089.3
18 2067 52061.7
18 2068 52034.2
18 2069 52006.6
18 2070 51979.2
2059 18 51951.7
2059 2062 51924.2
2059 2071 51896.8
2059 2066 51869.4
2059 2072 51842.1
2059 2073 51814.7
2059 2067 51787.4
2059 2074 51760.1
2059 2075 51732.8
2059 2076 51705.6
2059 2077 51678.4
2046 17 51651.2
2046 1992 51624.0
2046 2050 51596.8
2046 2053 51569.7
2046 2057 51542.6
1391 1101 51515.5
1391 1102 51488.5
1391 1103 51461.5
1391 1387 51434.5
1391 1842 51407.5
1391 2078 51380.5
1391 2079 51353.6
1391 2080 51326.7
1391 2081 51299.8
1391 2082 51273.0
1391 2083 51246.1
1391 2084 51219.3
1391 2085 51192.5
336 5 51165.8
336 337 51139.0
336 2086 51112.3
336 2087 51085.6
336 2088 51059.0
336 2089 51032.3
336 2090 51005.7
336 2091 50979.1
336 2092 50952.6
336 2093 50926.0
336 2094 50899.5
336 2095 50873.0
336 2096 50846.5
336 2097 50820.1
336 2098 50793.6
336 2099 50767.2
336 2100 50740.9
336 2101 50714.5
336 2102 50688.2
336 2103 50661.9
336 2104 50635.6
336 2105 50609.3
336 2106 50583.1
336 2107 50556.8
336 2108 50530.7
336 2109 50504.5
336 2110 50478.3
336 2111 50452.2
336 2112 50426.1
337 5 50400.0
337 336 50374.0
337 2113 50347.9
337 2114 50321.9
337 2115 50296.0
337 2116 50270.0
337 2117 50244.1
337 2118 50218.1
337 2119 50192.2
337 2120 50166.4
19 1 50140.5
19 1093 50114.7
19 30 50088.9
19 35 50063.1
19 67 50037.4
19 77 50011.6
19 1998 49985.9
19 1999 49960.2
19 2121 49934.6
19 2122 49908.9
19 2123 49883.3
19 106 49857.7
19 2124 49832.1
19 2125 49806.6
19 2126 49781.0
19 2127 49755.5
19 2128 49730.1
19 2129 49704.6
19 2130 49679.1
19 120 49653.7
19 2131 49628.3
19 2132 49603.0
19 2133 49577.6
19 2134 49552.3
19 2135 49527.0
19 2136 49501.7
19 2137 49476.4
19 2138 49451.2
19 2139 49426.0
19 2140 49400.8
19 2141 49375.6
19 2142 49350.4
19 2143 49325.3
19 2144 49300.2
19 2145 49275.1
19 2146 49250.0
19 2147 49225.0
19 2148 49200.0
19 2149 49175.0
19 2150 49150.0
19 2151 49125.0
19 2152 49100.1
19 2153 49075.2
19 2154 49050.3
19 2155 49025.4
19 2156 49000.6
19 2157 48975.8
19 2158 48951.0
19 2159 48926.2
19 2160 48901.4
19 2161 48876.7
1086 7 48851.9
1086 8 48827.2
1086 908 48802.6
1086 20 48777.9
1086 1842 48753.3
1086 1844 48728.7
1086 47 48704.1
1086 236 48679.5
1086 2162 48655.0
1086 239 48630.4
1086 911 48605.9
1086 1354 48581.4
1086 1114 48557.0
1086 2163 48532.5
1086 2164 48508.1
1086 2165 48483.7
1377 1355 48459.3
1377 1101 48435.0
1377 1372 48410.6
1377 1102 48386.3
1377 1376 48362.0
1377 1103 48337.8
1377 1388 48313.5
1377 2166 48289.3
1377 2167 48265.1
1377 1392 48240.9
1377 2168 48216.7
1377 2169 48192.5
1377 1393 48168.4
1377 1398 48144.3
1377 2170 48120.2
2166 1377 48096.2
2166 2171 48072.1
2166 2172 48048.1
2166 2173 48024.1
2166 2174 48000.1
2166 2175 47976.1
2166 2176 47952.2
2166 2177 47928.3
2166 2178 47904.4
2166 2179 47880.5
2166 2180 47856.6
2166 2181 47832.8
2166 2182 47809.0
2166 2183 47785.2
2166 2184 47761.4
2166 2185 47737.6
2166 2186 47713.9
2166 2187 47690.1
2166 2188 47666.5
2166 2189 47642.8
2166 2190 47619.1
2166 2191 47595.5
2166 2192 47571.9
2166 2193 47548.3
2167 1377 47524.7
2047 17 47501.1
2047 2194 47477.6
1392 1101 47454.1
1392 1377 47430.6
2048 17 47407.1
2048 1992 47383.6
2048 2195 47360.2
1992 333 47336.8
1992 17 47313.4
1992 2046 47290.0
1992 2048 47266.6
1992 2196 47243.3
1992 2011 47220.0
1992 2012 47196.7
1992 2197 47173.4
1992 2024 47150.1
1992 2198 47126.9
20 1 47103.7
20 7 47080.5
20 8 47057.3
20 1265 47034.1
20 13 47011.0
20 14 46987.8
20 908 46964.7
20 1527 46941.7
20 1643 46918.6
20 1086 46895.5
20 2199 46872.5
20 2200 46849.5
20 2201 46826.5
20 1196 46803.6
20 2202 46780.6
20 2203 46757.7
20 2204 46734.8
20 2205 46711.9
20 2206 46689.0
20 2207 46666.1
20 2208 46643.3
20 2209 46620.5
20 1534 46597.7
20 2210 46574.9
20 2211 46552.2
20 2212 46529.4
20 911 46506.7
20 2213 46484.0
20 2214 46461.3
20 2215 46438.7
20 1541 46416.0
20 1542 46393.4
20 2216 46370.8
20 2217 46348.2
20 2218 46325.6
2199 20 46303.1
2199 2203 46280.6
2199 2219 46258.0
2199 2205 46235.6
2199 2220 46213.1
2199 2221 46190.6
2199 2222 46168.2
2199 2223 46145.8
2199 2224 46123.4
2199 2225 46101.0
2199 2226 46078.6
2199 2227 46056.3
2199 2228 46034.0
2199 2229 46011.7
2199 2230 45989.4
2199 2231 45967.1
2199 2232 45944.8
2199 2233 45922.6
2199 2234 45900.4
2199 2235 45878.2
2199 2236 45856.0
2199 2212 45833.9
2199 2237 45811.7
2199 2238 45789.6
2199 2239 45767.5
2199 2240 45745.4
2199 2213 45723.3
2199 2215 45701.3
2199 2241 45679.3
2199 2242 45657.3
2199 2243 45635.3
2199 2244 45613.3
2199 2245 45591.3
2199 2246 45569.4
2199 2247 45547.5
2199 2248 45525.6
2199 2249 45503.7
2199 2250 45481.8
2199 2251 45460.0
2199 2252 45438.1
2199 2253 45416.3
21 1 45394.5
2200 20 45372.7
2200 2254 45351.0
2200 2255 45329.2
2200 2256 45307.5
22 1 45285.8
22 2257 45264.1
22 1112 45242.4
22 2258 45220.8
22 2259 45199.2
22 2260 45177.5
22 2261 45155.9
22 2262 45134.4
22 2263 45112.8
22 2264 45091.2
22 2265 45069.7
22 2266 45048.2
22 2267 45026.7
22 2268 45005.2
22 2269 44983.8
22 2270 44962.3
22 2271 44940.9
22 2272 44919.5
22 2273 44898.1
22 2274 44876.7
22 2275 44855.4
22 2276 44834.1
22 2277 44812.7
22 2278 44791.4
22 2279 44770.2
22 2280 44748.9
22 2281 44727.6
22 2282 44706.4
22 2283 44685.2
22 2284 44664.0
22 2285 44642.8
22 2286 44621.6
22 2287 44600.5
22 2288 44579.4
22 2289 44558.3
22 2290 44537.2
23 1 44516.1
2113 337 44495.0
2114 337 44474.0
2114 2291 44453.0
2114 2292 44431.9
2114 2293 44411.0
2114 2294 44390.0
2114 2295 44369.0
2114 2296 44348.1
24 1 44327.2
24 2297 44306.2
24 2298 44285.4
24 2299 44264.5
2115 337 44243.6
2116 337 44222.8
1842 1103 44202.0
1842 1391 44181.2
1842 1086 44160.4
1842 1844 44139.6
1842 2300 44118.8
1842 1583 44098.1
1842 2301 44077.4
1842 2302 44056.7
1842 2303 44036.0
1842 1432 44015.3
1842 2304 43994.6
1842 2305 43974.0
1842 2306 43953.4
1842 2307 43932.8
1842 2308 43912.2
1842 2309 43891.6
1842 2310 43871.1
1842 2311 43850.5
1842 2312 43830.0
1842 2313 43809.5
1842 2314 43789.0
1842 2315 43768.5
1842 2316 43748.1
1842 2317 43727.6
1842 2318 43707.2
1842 2319 43686.8
1842 2320 43666.4
1842 2321 43646.0
1842 2322 43625.7
1842 2323 43605.3
1842 2324 43585.0
1842 2325 43564.7
1842 2326 43544.4
1842 2327 43524.1
1842 2328 43503.8
1842 2329 43483.6
1842 2330 43463.4
1842 2331 43443.1
1842 2332 43423.0
1842 2333 43402.8
1842 2334 43382.6
1842 2335 43362.5
1842 2336 43342.3
1842 2337 43322.2
1842 2338 43302.1
1842 2339 43282.0
1842 1439 43261.9
1842 2340 43241.9
1842 2341 43221.9
1842 2342 43201.8
1842 2343 43181.8
1842 2344 43161.8
1842 2345 43141.9
1842 2346 43121.9
1842 2347 43102.0
1842 2348 43082.0
1842 2349 43062.1
1842 2350 43042.2
1842 2351 43022.3
1842 2352 43002.5
1842 2353 42982.6
1842 2354 42962.8
1842 2355 42943.0
1842 2356 42923.2
25 1 42903.4
25 928 42883.6
25 9 42863.9
25 34 42844.1
25 1393 42824.4
25 2357 42804.7
25 2358 42785.0
25 2359 42765.3
25 2360 42745.7
25 2361 42726.0
25 2362 42706.4
25 2363 42686.8
25 1126 42667.2
25 2364 42647.6
25 2365 42628.0
25 2366 42608.5
25 2367 42588.9
25 2368 42569.4
25 120 42549.9
25 1130 42530.4
25 2369 42510.9
25 2370 42491.5
25 2371 42472.0
25 2372 42452.6
25 2373 42433.2
25 1136 42413.8
25 1137 42394.4
25 2374 42375.0
25 2375 42355.7
25 2376 42336.3
25 1140 42317.0
25 2377 42297.7
25 2378 42278.4
25 2379 42259.1
25 1145 42239.9
25 2380 42220.6
25 2381 42201.4
25 1146 42182.2
25 2382 42163.0
25 2383 42143.8
25 2384 42124.6
25 1151 42105.5
25 2385 42086.3
25 2386 42067.2
25 2387 42048.1
25 2388 42029.0
25 2389 42009.9
25 2390 41990.8
25 2391 41971.8
25 2392 41952.7
25 1162 41933.7
25 2393 41914.7
25 1163 41895.7
25 2394 41876.7
25 1115 41857.7
25 2395 41838.8
25 1172 41819.9
25 2396 41800.9
25 2397 41782.0
25 2398 41763.1
25 2399 41744.3
25 2400 41725.4
25 2401 41706.5
25 2402 41687.7
25 2403 41668.9
25 2404 41650.1
25 2405 41631.3
25 2406 41612.5
25 2407 41593.8
25 2408 41575.0
25 2409 41556.3
25 2410 41537.6
25 2411 41518.9
25 2412 41500.2
25 2413 41481.5
25 2414 41462.8
25 2415 41444.2
25 2416 41425.6
25 2417 41406.9
25 2418 41388.3
25 2419 41369.7
25 2420 41351.2
25 2421 41332.6
25 2422 41314.1
25 2423 41295.5
25 2424 41277.0
25 2425 41258.5
25 2426 41240.0
25 2427 41221.6
25 2428 41203.1
25 2429 41184.6
25 2430 41166.2
25 2431 41147.8
25 2432 41129.4
25 2433 41111.0
26 1 41092.6
26 17 41074.3
26 29 41055.9
26 1192 41037.6
26 86 41019.3
26 2434 41001.0
2117 337 40982.7
2049 17 40964.4
27 1 40946.1
2050 17 40927.9
2050 2046 40909.6
1121 9 40891.4
1121 329 40873.2
1121 70 40855.0
1121 86 40836.8
1121 2435 40818.7
1121 2436 40800.5
1121 2437 40782.4
1121 2438 40764.3
1121 1126 40746.2
1121 2439 40728.1
1121 2440 40710.0
1121 2441 40691.9
1121 2442 40673.9
1121 2443 40655.8
1121 2444 40637.8
1121 2445 40619.8
1121 2446 40601.8
1121 2447 40583.8
1121 2448 40565.8
1121 2449 40547.8
1121 1009 40529.9
1121 2450 40512.0
1121 2451 40494.0
1121 2452 40476.1
1121 2453 40458.3
1121 2454 40440.4
1121 2455 40422.5
1121 2456 40404.7
1121 2457 40386.8
1121 2458 40369.0
1121 2459 40351.2
1121 2460 40333.4
1121 2461 40315.6
1121 2462 40297.8
1121 2463 40280.1
1121 2464 40262.3
1121 2465 40244.6
28 1 40226.9
28 5 40209.2
28 330 40191.5
28 2466 40173.8
28 2467 40156.2
28 86 40138.5
28 2123 40120.9
28 2468 40103.2
29 1 40085.6
29 10 40068.0
29 26 40050.5
29 1192 40032.9
29 1196 40015.3
29 1994 39997.8
29 2469 39980.3
29 86 39962.7
29 2470 39945.2
29 106 39927.7
29 2471 39910.3
29 111 39892.8
29 2472 39875.3
29 2473 39857.9
29 2474 39840.5
29 2475 39823.1
29 2476 39805.7
29 2477 39788.3
29 2478 39770.9
29 2479 39753.5
29 2480 39736.2
29 2481 39718.9
29 2482 39701.5
29 2483 39684.2
29 2484 39666.9
29 176 39649.7
29 2485 39632.4
29 2486 39615.1
29 2487 39597.9
29 1233 39580.6
1927 1389 39563.4
2060 18 39546.2
2060 1196 39529.0
2060 86 39511.9
2060 2488 39494.7
2060 2489 39477.5
2060 2490 39460.4
2060 2069 39443.3
2060 2491 39426.1
2060 2492 39409.0
2060 2493 39391.9
2060 2494 39374.9
2466 28 39357.8
1928 1389 39340.8
2195 2048 39323.7
2051 17 39306.7
2051 2495 39289.7
30 1 39272.7
30 19 39255.7
30 2496 39238.7
30 2497 39221.7
30 2498 39204.8
30 2147 39187.8
338 5 39170.9
225 4 39154.0
225 227 39137.1
226 4 39120.2
1380 1356 39103.3
1380 1362 39086.5
1380 2499 39069.6
2201 20 39052.8
2201 2500 39036.0
2201 2501 39019.1
2201 2502 39002.3
2201 2503 38985.5
1381 1356 38968.8
2467 28 38952.0
2504 2505 38935.3
2504 2506 38918.5
2504 2507 38901.8
2504 2508 38885.1
2504 2509 38868.4
2504 2510 38851.7
2504 2511 38835.0
2504 2512 38818.3
2504 2513 38801.7
2504 2514 38785.0
2504 2515 38768.4
2504 2516 38751.8
2504 2517 38735.2
2504 2518 38718.6
2504 2519 38702.0
2504 2520 38685.4
2504 2521 38668.9
2504 2522 38652.3
2504 2523 38635.8
2504 2524 38619.3
2504 2525 38602.8
1657 1655 38586.3
1658 1655 38569.8
1658 1690 38553.3
2526 2527 38536.9
2526 2528 38520.4
2526 2529 38504.0
2526 2530 38487.6
2526 2531 38471.1
2526 2532 38454.7
2526 2533 38438.4
2526 2534 38422.0
2526 2535 38405.6
2526 2536 38389.3
2526 2537 38372.9
2526 2538 38356.6
2526 2539 38340.3
2526 2540 38324.0
2526 2541 38307.7
2526 2542 38291.4
2526 2543 38275.1
2526 2544 38258.9
2526 2545 38242.6
2526 2546 38226.4
2526 2547 38210.2
2526 2548 38194.0
2526 2549 38177.8
2526 2550 38161.6
2526 2551 38145.4
2526 2552 38129.3
2526 2553 38113.1
2526 2554 38097.0
2526 2555 38080.8
2500 2201 38064.7
2500 1850 38048.6
2500 1241 38032.5
2500 2488 38016.4
2500 2556 38000.4
2500 1242 37984.3
2500 1243 37968.3
2500 2557 37952.2
2500 2558 37936.2
2500 2559 37920.2
2500 2560 37904.2
2501 2201 37888.2
1446 234 37872.2
1843 1103 37856.3
1474 1375 37840.3
2527 2526 37824.4
2527 2561 37808.5
2527 2529 37792.5
2527 2562 37776.6
2527 2563 37760.7
2527 2564 37744.9
2527 2565 37729.0
2527 2532 37713.1
2527 2566 37697.3
2527 2567 37681.4
2527 2568 37665.6
2527 2569 37649.8
2527 2570 37634.0
2527 2571 37618.2
2527 2572 37602.4
2527 2573 37586.6
2527 2491 37570.9
2527 2574 37555.1
2527 2575 37539.4
2576 2577 37523.7
2576 2578 37508.0
2576 2579 37492.3
2576 2580 37476.6
2576 2581 37460.9
2576 2582 37445.2
2583 2584 37429.6
2583 2585 37413.9
2583 2586 37398.3
2061 18 37382.7
2061 2587 37367.0
2061 2588 37351.4
2061 2589 37335.9
2061 2590 37320.3
1993 333 37304.7
2062 18 37289.2
2062 2059 37273.6
2062 2591 37258.1
2062 2592 37242.5
2062 2593 37227.0
2591 2062 37211.5
2591 2594 37196.0
2591 2595 37180.6
31 1 37165.1
31 2596 37149.6
31 2597 37134.2
31 2598 37118.8
1192 10 37103.3
1192 333 37087.9
1192 26 37072.5
1192 29 37057.1
1192 35 37041.8
1192 36 37026.4
1192 2469 37011.0
1192 2599 36995.7
1192 1849 36980.3
1192 2600 36965.0
1192 86 36949.7
1192 2601 36934.4
1192 2602 36919.1
1192 106 36903.8
1192 2362 36888.6
1192 2603 36873.3
1192 2604 36858.0
1192 2605 36842.8
1192 1209 36827.6
1192 2606 36812.4
1192 2607 36797.2
1192 2608 36782.0
1192 2609 36766.8
1192 2610 36751.6
1192 135 36736.4
1192 2611 36721.3
1192 2612 36706.1
1192 2613 36691.0
1192 1285 36675.9
1192 2614 36660.8
1192 2615 36645.7
1192 2616 36630.6
1192 2617 36615.5
1192 176 36600.4
1192 2618 36585.4
1192 2619 36570.3
32 1 36555.3
33 1 36540.3
33 2620 36525.3
33 2621 36510.3
33 2622 36495.3
33 2623 36480.3
34 1 36465.3
34 25 36450.4
34 2624 36435.4
34 2625 36420.5
34 2265 36405.5
34 1129 36390.6
34 2626 36375.7
34 2627 36360.8
34 966 36345.9
34 2628 36331.0
34 2629 36316.2
34 2630 36301.3
34 2631 36286.5
34 2632 36271.6
34 2633 36256.8
34 2634 36242.0
34 2133 36227.2
34 2635 36212.4
34 2636 36197.6
34 2637 36182.8
34 2638 36168.1
34 2639 36153.3
34 2640 36138.6
34 2641 36123.8
34 2642 36109.1
2052 17 36094.4
2052 2643 36079.7
1844 1103 36065.0
1844 1086 36050.3
1844 1842 36035.7
1844 2644 36021.0
1844 2645 36006.4
2300 1842 35991.7
2300 2646 35977.1
2300 2303 35962.5
2300 2647 35947.9
2300 2648 35933.3
2300 2312 35918.7
2300 2649 35904.1
2300 2650 35889.5
2300 2651 35875.0
2300 2652 35860.4
2300 2653 35845.9
2300 2654 35831.3
2300 2655 35816.8
2300 2656 35802.3
2300 2657 35787.8
2300 2658 35773.3
2300 2659 35758.9
2300 2660 35744.4
2300 2327 35729.9
2300 2661 35715.5
2300 2662 35701.0
2300 2663 35686.6
2300 2664 35672.2
2300 2665 35657.8
2300 2666 35643.4
2300 2667 35629.0
2300 2668 35614.6
2300 2669 35600.3
2670 54 35585.9
2670 913 35571.6
35 1 35557.2
35 1265 35542.9
35 19 35528.6
35 1192 35514.3
35 2358 35500.0
35 1196 35485.7
35 77 35471.4
35 2362 35457.1
35 2671 35442.9
35 2672 35428.6
35 2673 35414.4
35 2674 35400.1
35 120 35385.9
35 2675 35371.7
35 2676 35357.5
35 2607 35343.3
35 2677 35329.1
35 2678 35315.0
35 2679 35300.8
35 2680 35286.7
35 2681 35272.5
35 2682 35258.4
35 2683 35244.3
35 2684 35230.1
35 2685 35216.0
35 2686 35201.9
35 2687 35187.9
35 2688 35173.8
35 2689 35159.7
35 2690 35145.7
35 2691 35131.6
35 2692 35117.6
35 2693 35103.6
339 5 35089.5
339 36 35075.5
339 342 35061.5
339 86 35047.6
339 2694 35033.6
339 2695 35019.6
1266 1265 35005.6
1266 2696 34991.7
1266 2697 34977.8
1266 2698 34963.8
1266 2699 34949.9
1266 2700 34936.0
1266 2701 34922.1
1266 2702 34908.2
1266 2703 34894.3
1266 2704 34880.4
1266 2705 34866.6
1266 2706 34852.7
1266 2707 34838.9
1266 2708 34825.0
1266 2709 34811.2
1266 2710 34797.4
1266 2711 34783.6
1266 2712 34769.8
1266 2713 34756.0
1266 2714 34742.2
1266 2715 34728.5
1266 2716 34714.7
1266 2717 34700.9
1266 2718 34687.2
1266 2719 34673.5
1266 2720 34659.7
1266 2721 34646.0
1266 2722 34632.3
1266 2723 34618.6
1266 2724 34604.9
1266 2725 34591.3
1266 2726 34577.6
1266 2727 34563.9
1266 2728 34550.3
1266 2729 34536.6
1266 2730 34523.0
1266 2731 34509.4
1266 2732 34495.8
1266 2733 34482.2
1266 2734 34468.6
1266 2735 34455.0
1266 2736 34441.4
1266 2737 34427.9
1266 2738 34414.3
1266 2739 34400.8
1266 2740 34387.2
1266 2741 34373.7
1266 2742 34360.2
1266 2743 34346.7
1266 2744 34333.1
1266 2745 34319.7
1266 2746 34306.2
1266 2747 34292.7
1266 2748 34279.2
1266 2749 34265.8
1266 2750 34252.3
1266 2751 34238.9
1266 2752 34225.5
1266 2753 34212.0
1266 2754 34198.6
1266 2755 34185.2
1266 2756 34171.8
1266 2757 34158.4
1266 2758 34145.1
1266 2759 34131.7
1266 2760 34118.3
1266 2761 34105.0
1266 2762 34091.6
1266 2763 34078.3
1266 2764 34065.0
1266 2765 34051.7
1266 2766 34038.4
1266 2767 34025.1
1266 2768 34011.8
1266 2769 33998.5
1266 2770 33985.3
1266 2771 33972.0
1266 2772 33958.7
1266 2773 33945.5
1266 2774 33932.3
1266 2775 33919.0
1266 2776 33905.8
1266 2777 33892.6
1266 2778 33879.4
1266 2779 33866.2
1266 2780 33853.0
1266 2781 33839.9
1266 2782 33826.7
1266 2783 33813.6
1266 2784 33800.4
1266 2785 33787.3
1266 2786 33774.2
1266 2787 33761.0
1266 2788 33747.9
1266 2789 33734.8
1266 2790 33721.7
1266 2791 33708.6
1266 2792 33695.6
1266 2793 33682.5
1266 2794 33669.4
1266 2795 33656.4
1266 2796 33643.4
1266 2797 33630.3
1266 2798 33617.3
1266 2799 33604.3
1266 2800 33591.3
1266 2801 33578.3
1266 2802 33565.3
1266 2803 33552.3
1266 2804 33539.3
1266 2805 33526.4
1266 2806 33513.4
1266 2807 33500.5
1266 2808 33487.5
1266 2809 33474.6
1266 2810 33461.7
1266 2811 33448.8
1266 2812 33435.9
2063 18 33423.0
1967 330 33410.1
1967 2813 33397.2
1967 2814 33384.3
1967 2815 33371.5
1258 1084 33358.6
2168 1377 33345.8
1929 1389 33333.0
1929 1925 33320.1
1929 2816 33307.3
1378 1355 33294.5
1646 1472 33281.7
2118 337 33268.9
36 1 33256.1
36 5 33243.3
36 10 33230.6
36 329 33217.8
36 333 33205.1
36 1192 33192.3
36 339 33179.6
36 2817 33166.9
36 51 33154.1
36 54 33141.4
36 1195 33128.7
36 2818 33116.0
36 2819 33103.4
36 1848 33090.7
36 1196 33078.0
36 2820 33065.4
36 2821 33052.7
36 2822 33040.1
36 2823 33027.4
36 2824 33014.8
36 2825 33002.2
36 2826 32989.6
36 69 32977.0
36 2827 32964.4
36 2828 32951.8
36 2829 32939.2
36 2830 32926.7
36 2831 32914.1
36 2832 32901.5
36 1199 32889.0
36 2833 32876.5
36 1948 32863.9
36 84 32851.4
36 1200 32838.9
36 2834 32826.4
36 2835 32813.9
36 89 32801.4
36 91 32788.9
36 2836 32776.5
36 344 32764.0
36 1998 32751.6
36 2837 32739.1
36 103 32726.7
36 2838 32714.2
36 2839 32701.8
36 2840 32689.4
36 104 32677.0
36 2841 32664.6
36 2842 32652.2
36 2605 32639.8
36 2008 32627.5
36 2843 32615.1
36 2844 32602.7
36 2845 32590.4
36 2846 32578.1
36 2847 32565.7
36 2848 32553.4
36 1209 32541.1
36 2849 32528.8
36 2850 32516.5
36 2851 32504.2
36 2852 32491.9
36 2853 32479.6
36 2854 32467.3
36 135 32455.1
36 136 32442.8
36 2855 32430.6
36 2856 32418.4
36 1216 32406.1
36 2857 32393.9
36 2479 32381.7
36 2858 32369.5
36 2859 32357.3
36 2860 32345.1
36 2861 32332.9
36 2862 32320.7
36 2863 32308.6
36 2864 32296.4
36 2865 32284.3
36 1218 32272.1
36 2866 32260.0
36 2618 32247.9
36 2867 32235.7
36 2868 32223.6
36 2869 32211.5
36 2870 32199.4
36 199 32187.3
36 2871 32175.3
1454 1361 32163.2
37 1 32151.1
340 5 32139.1
2872 2873 32127.0
2872 2874 32115.0
2872 2875 32102.9
2872 2876 32090.9
2872 2877 32078.9
2872 2878 32066.9
2872 2879 32054.9
2872 2880 32042.9
2872 2881 32030.9
2872 2882 32018.9
2872 2883 32006.9
2872 2884 31995.0
2872 2885 31983.0
2872 2886 31971.1
2872 760 31959.1
2872 2887 31947.2
2872 630 31935.3
2872 2888 31923.4
2872 2889 31911.4
2872 517 31899.5
2872 2890 31887.6
2872 2891 31875.8
2872 2892 31863.9
2872 648 31852.0
2872 2893 31840.1
2872 2894 31828.3
2872 2895 31816.4
2872 2896 31804.6
2872 2897 31792.7
2872 2898 31780.9
2872 2899 31769.1
2872 2900 31757.3
2872 2901 31745.5
2872 2902 31733.7
2872 2903 31721.9
2872 2904 31710.1
2872 2905 31698.3
2872 2906 31686.6
2872 2907 31674.8
2872 2908 31663.1
2872 2909 31651.3
2872 2910 31639.6
2872 2911 31627.8
2872 2912 31616.1
2872 2913 31604.4
2872 2914 31592.7
2872 2915 31581.0
2872 2916 31569.3
2872 2917 31557.6
2872 2918 31545.9
2872 2919 31534.3
2872 2920 31522.6
2872 2921 31511.0
2872 2922 31499.3
2872 2923 31487.7
2872 2924 31476.0
2872 2925 31464.4
2872 2926 31452.8
2872 2927 31441.2
2872 2928 31429.6
2872 2929 31418.0
2872 2930 31406.4
2872 2931 31394.8
2872 2932 31383.2
2872 2933 31371.7
2872 2934 31360.1
2872 2935 31348.5
2872 2936 31337.0
2872 2937 31325.5
2872 2938 31313.9
2872 2939 31302.4
2872 2940 31290.9
2872 2941 31279.4
2872 2942 31267.9
2872 2943 31256.4
2872 2944 31244.9
2872 2945 31233.4
2872 2946 31221.9
2872 2947 31210.5
2872 2948 31199.0
2872 2949 31187.6
2872 2950 31176.1
2872 2951 31164.7
2872 2952 31153.3
2872 2953 31141.8
2872 2954 31130.4
2872 2955 31119.0
2872 2956 31107.6
2872 2957 31096.2
2872 2958 31084.8
2872 2959 31073.4
2872 2960 31062.1
2872 2961 31050.7
2872 2962 31039.3
2872 2963 31028.0
2872 2964 31016.6
2872 2965 31005.3
2872 2966 30994.0
2872 2967 30982.7
2872 2968 30971.3
2872 2969 30960.0
2872 2970 30948.7
2872 2971 30937.4
2872 2972 30926.2
2872 2973 30914.9
2872 2974 30903.6
2872 2975 30892.3
2872 2976 30881.1
2872 2977 30869.8
2872 2978 30858.6
2872 2979 30847.3
2872 835 30836.1
2872 2980 30824.9
2872 2981 30813.7
2872 2982 30802.5
2872 2983 30791.3
2872 2984 30780.1
2872 2985 30768.9
2872 837 30757.7
2872 2986 30746.5
2872 2987 30735.3
2872 2988 30724.2
2872 2989 30713.0
2872 2990 30701.9
2872 2991 30690.7
2872 2992 30679.6
2872 2993 30668.5
2872 2994 30657.4
2872 2995 30646.2
2872 2996 30635.1
2872 2997 30624.0
2872 2998 30612.9
2872 2999 30601.9
2872 3000 30590.8
2872 3001 30579.7
2872 3002 30568.6
2872 3003 30557.6
2872 3004 30546.5
2872 3005 30535.5
2872 3006 30524.5
2872 3007 30513.4
2872 3008 30502.4
2872 3009 30491.4
2872 3010 30480.4
2872 3011 30469.4
2872 3012 30458.4
1944 1923 30447.4
1259 1084 30436.4
235 231 30425.4
235 233 30414.5
38 1 30403.5
38 1265 30392.5
38 3013 30381.6
38 3014 30370.6
38 1267 30359.7
38 2357 30348.8
38 3015 30337.9
38 57 30326.9
38 3016 30316.0
38 3017 30305.1
38 3018 30294.2
38 3019 30283.4
38 3020 30272.5
38 1196 30261.6
38 1994 30250.7
38 3021 30239.9
38 2264 30229.0
38 3022 30218.2
38 3023 30207.3
38 3024 30196.5
38 3025 30185.7
38 3026 30174.8
38 135 30164.0
38 3027 30153.2
38 3028 30142.4
38 1242 30131.6
38 3029 30120.8
38 3030 30110.0
38 3031 30099.3
38 149 30088.5
38 3032 30077.7
38 3033 30067.0
38 3034 30056.2
38 3035 30045.5
38 3036 30034.8
38 3037 30024.0
38 3038 30013.3
38 3039 30002.6
38 3040 29991.9
38 3041 29981.2
38 3042 29970.5
38 3043 29959.8
1475 1375 29949.1
1475 3044 29938.4
1475 3045 29927.8
1475 240 29917.1
1475 3046 29906.4
1475 3047 29895.8
1475 3048 29885.2
1475 3049 29874.5
1475 3050 29863.9
1475 3051 29853.3
1475 3052 29842.6
1475 3053 29832.0
1475 3054 29821.4
1475 3055 29810.8
1475 3056 29800.2
1475 3057 29789.6
1475 3058 29779.1
1475 3059 29768.5
1475 3060 29757.9
1475 1496 29747.4
1475 3061 29736.8
1475 3062 29726.3
1475 3063 29715.7
1475 3064 29705.2
1475 3065 29694.7
1475 3066 29684.1
1475 3067 29673.6
1475 3068 29663.1
1475 3069 29652.6
1475 3070 29642.1
1475 3071 29631.6
1475 3072 29621.2
1475 3073 29610.7
1475 1504 29600.2
1475 3074 29589.7
1475 3075 29579.3
1475 3076 29568.8
1475 3077 29558.4
1475 3078 29547.9
1475 3079 29537.5
1475 3080 29527.1
1475 3081 29516.7
1475 3082 29506.3
1475 3083 29495.8
1475 3084 29485.4
1475 3085 29475.1
1475 3086 29464.7
1475 3087 29454.3
1475 3088 29443.9
1362 13 29433.5
1362 1380 29423.2
1362 3089 29412.8
1362 3090 29402.5
1362 3091 29392.1
1362 3092 29381.8
1476 1375 29371.4
1476 1472 29361.1
1476 1473 29350.8
1476 1477 29340.5
1476 3093 29330.2
1476 3094 29319.9
1476 3095 29309.6
1476 3096 29299.3
1476 3097 29289.0
1476 1486 29278.7
1476 3098 29268.5
1476 1647 29258.2
1476 1491 29247.9
1476 3099 29237.7
1476 1492 29227.4
1476 1648 29217.2
1476 3100 29207.0
1476 3101 29196.7
1476 3102 29186.5
1476 3103 29176.3
1476 3104 29166.1
1476 3105 29155.9
1476 3106 29145.7
1476 3107 29135.5
1476 1501 29125.3
1476 3108 29115.2
1476 3109 29105.0
1476 3110 29094.8
1476 3111 29084.7
341 5 29074.5
3112 3113 29064.4
3112 3114 29054.2
3112 3115 29044.1
3112 3116 29033.9
3112 3117 29023.8
3112 3118 29013.7
3112 3119 29003.6
3112 3120 28993.5
3112 3121 28983.4
3112 3122 28973.3
3112 3123 28963.2
3112 3124 28953.1
3112 3125 28943.1
3112 3126 28933.0
3112 3127 28922.9
3112 3128 28912.9
3112 3129 28902.8
3112 3130 28892.8
3112 3131 28882.7
3112 3132 28872.7
3112 3133 28862.7
3112 3134 28852.6
3112 3135 28842.6
3112 3136 28832.6
3112 3137 28822.6
3112 3138 28812.6
3112 3139 28802.6
3112 3140 28792.6
3112 3141 28782.7
3112 3142 28772.7
3112 3143 28762.7
3112 3144 28752.8
3112 3145 28742.8
3112 3146 28732.9
3112 3147 28722.9
3112 3148 28713.0
3112 3149 28703.0
3112 3150 28693.1
3112 3151 28683.2
3112 3152 28673.3
3112 3153 28663.4
3112 3154 28653.5
3112 3155 28643.6
3112 3156 28633.7
3112 3157 28623.8
3112 3158 28613.9
3112 3159 28604.0
1365 14 28594.2
3160 3161 28584.3
3160 3162 28574.5
3160 3163 28564.6
3160 3164 28554.8
3160 3165 28544.9
3160 3166 28535.1
3160 3167 28525.3
3160 3168 28515.4
3160 3169 28505.6
3160 3170 28495.8
3160 3171 28486.0
3160 3172 28476.2
3160 3173 28466.4
3160 3174 28456.6
3160 3175 28446.9
3160 3176 28437.1
3160 3177 28427.3
3160 1883 28417.5
3160 3178 28407.8
3160 3179 28398.0
3160 3180 28388.3
3160 3181 28378.5
3160 3182 28368.8
3160 3183 28359.1
3160 3184 28349.4
3160 3185 28339.6
3160 3186 28329.9
3160 3187 28320.2
3160 3188 28310.5
3160 3189 28300.8
3160 3190 28291.1
3160 3191 28281.5
3160 3192 28271.8
3160 3193 28262.1
3160 3194 28252.4
3160 3195 28242.8
3160 3196 28233.1
3160 3197 28223.5
342 5 28213.8
342 339 28204.2
342 351 28194.6
2078 1391 28184.9
2078 2080 28175.3
2502 2201 28165.7
2064 18 28156.1
2064 2069 28146.5
227 4 28136.9
227 225 28127.3
227 3198 28117.7
227 3199 28108.1
227 3200 28098.5
227 3201 28089.0
227 3202 28079.4
227 3203 28069.8
227 3204 28060.3
227 3205 28050.7
227 1196 28041.2
227 3206 28031.7
227 3207 28022.1
227 3208 28012.6
227 3209 28003.1
3210 3211 27993.6
3210 3212 27984.1
3210 3213 27974.6
3210 3214 27965.1
39 1 27955.6
39 1197 27946.1
39 3215 27936.6
39 2471 27927.1
39 3216 27917.6
39 3217 27908.2
39 3218 27898.7
39 3219 27889.3
39 3220 27879.8
39 3221 27870.4
39 3222 27860.9
39 3223 27851.5
39 2472 27842.1
39 3224 27832.7
39 3225 27823.2
39 3226 27813.8
39 2482 27804.4
39 177 27795.0
2079 1391 27785.6
3198 227 27776.2
3198 3227 27766.9
3198 3228 27757.5
3198 3229 27748.1
3198 3230 27738.7
3198 3231 27729.4
3198 3232 27720.0
3198 3233 27710.7
3198 3234 27701.3
3198 3235 27692.0
3198 3236 27682.7
3198 3237 27673.3
3198 3238 27664.0
3198 3239 27654.7
3198 3240 27645.4
3198 3241 27636.1
3198 3242 27626.8
3198 3243 27617.5
3198 3244 27608.2
3198 3245 27598.9
3198 3246 27589.6
3198 3247 27580.3
3198 3248 27571.1
3198 3249 27561.8
3198 3250 27552.5
1477 1375 27543.3
1477 1473 27534.0
1477 1476 27524.8
1477 3251 27515.5
1477 1651 27506.3
1477 3252 27497.1
1477 3253 27487.9
1477 1654 27478.6
3251 1477 27469.4
1651 1473 27460.2
1651 1477 27451.0
1366 14 27441.8
40 1 27432.6
3199 227 27423.5
3013 38 27414.3
3013 3254 27405.1
3013 57 27395.9
3013 3255 27386.8
3013 3256 27377.6
3013 2468 27368.5
3013 3257 27359.3
3013 3258 27350.2
3227 3198 27341.0
3227 3229 27331.9
3227 3259 27322.8
3227 3260 27313.6
3227 3238 27304.5
3227 3240 27295.4
3227 3247 27286.3
3227 3261 27277.2
3227 3262 27268.1
3228 3198 27259.0
3113 3112 27249.9
3113 3263 27240.8
3113 3264 27231.8
3113 3265 27222.7
3113 3266 27213.6
3113 3267 27204.6
3113 3268 27195.5
3113 3269 27186.5
3113 3270 27177.4
3113 3271 27168.4
3113 3272 27159.4
3229 3198 27150.3
3229 3227 27141.3
2169 1377 27132.3
3230 3198 27123.3
3273 3274 27114.3
3273 2071 27105.3
3273 3275 27096.3
3273 3276 27087.3
3273 3277 27078.3
3273 3278 27069.3
3273 3279 27060.3
3273 3280 27051.3
3273 3281 27042.4
3273 3282 27033.4
3273 3283 27024.5
3273 3284 27015.5
3273 3285 27006.6
3273 3286 26997.6
3273 3287 26988.7
3273 3288 26979.7
3273 3289 26970.8
3273 3290 26961.9
3273 3291 26953.0
3273 3292 26944.1
3273 3293 26935.2
3273 3294 26926.3
3273 3295 26917.4
3296 3297 26908.5
3296 1125 26899.6
3296 3298 26890.7
3296 3299 26881.8
3296 3300 26873.0
3296 3301 26864.1
3296 3302 26855.2
3296 3303 26846.4
3296 3304 26837.5
3296 3305 26828.7
3014 38 26819.8
3014 1851 26811.0
3014 3306 26802.2
3014 3307 26793.3
3014 3308 26784.5
3014 3309 26775.7
3014 3310 26766.9
3014 3311 26758.1
3014 3312 26749.3
3014 3313 26740.5
3014 3314 26731.7
3014 3315 26722.9
3014 3316 26714.1
3014 3317 26705.3
3014 3318 26696.6
3014 3319 26687.8
3014 3320 26679.0
3014 3321 26670.3
3014 3322 26661.5
3014 3323 26652.8
3014 3324 26644.0
3014 3325 26635.3
3014 3326 26626.6
3014 3327 26617.9
3014 3328 26609.1
3014 3329 26600.4
3014 3330 26591.7
3014 3331 26583.0
3014 3332 26574.3
3014 3333 26565.6
3014 204 26556.9
3014 3334 26548.2
3259 3227 26539.5
3259 3335 26530.8
3259 3336 26522.2
3259 3337 26513.5
3259 3338 26504.8
41 1 26496.2
41 1265 26487.5
41 3339 26478.9
41 3340 26470.2
41 3341 26461.6
41 3342 26453.0
41 3343 26444.3
41 3344 26435.7
41 3345 26427.1
41 3016 26418.5
41 58 26409.9
41 3346 26401.2
41 3347 26392.6
41 3348 26384.0
41 3349 26375.5
41 3350 26366.9
41 3351 26358.3
41 1288 26349.7
41 3352 26341.1
41 3353 26332.6
41 3354 26324.0
41 3355 26315.4
41 3356 26306.9
3335 3259 26298.3
3336 3259 26289.8
3337 3259 26281.3
3337 3357 26272.7
3338 3259 26264.2
3338 3358 26255.7
3200 227 26247.2
3252 1477 26238.6
1267 1265 26230.1
1267 38 26221.6
1478 1375 26213.1
1478 3359 26204.6
1193 10 26196.1
2080 1391 26187.6
2080 2078 26179.2
1194 10 26170.7
1194 3360 26162.2
1194 3361 26153.7
1194 3362 26145.3
1194 2368 26136.8
1194 3363 26128.4
1194 3364 26119.9
1194 3365 26111.5
1194 3366 26103.0
1194 3367 26094.6
1194 3368 26086.2
1194 3369 26077.7
1194 3370 26069.3
1194 3371 26060.9
1194 3372 26052.5
1194 3373 26044.1
1194 3374 26035.7
1194 3375 26027.3
1194 3376 26018.9
1194 3377 26010.5
1194 3378 26002.1
1194 3379 25993.7
1194 2510 25985.4
1194 3380 25977.0
1194 3381 25968.6
1194 3382 25960.3
1194 3383 25951.9
1194 3384 25943.6
1194 3385 25935.2
1194 3386 25926.9
1194 3387 25918.5
1194 3388 25910.2
1194 3389 25901.9
1194 3390 25893.5
1194 3391 25885.2
1194 3392 25876.9
1194 3393 25868.6
1194 3394 25860.3
1194 3395 25852.0
1194 3396 25843.7
1194 3397 25835.4
1194 3398 25827.1
2817 36 25818.8
2817 1200 25810.5
2817 89 25802.3
42 1 25794.0
3260 3227 25785.7
3260 3231 25777.5
3260 3399 25769.2
3260 3240 25761.0
3260 3400 25752.7
3260 3248 25744.5
3260 3401 25736.2
3231 3198 25728.0
3231 3260 25719.8
3231 3233 25711.6
3231 3399 25703.3
3231 3402 25695.1
3231 3403 25686.9
3231 3400 25678.7
3231 3404 25670.5
3232 3198 25662.3
3232 3240 25654.1
3233 3198 25645.9
3233 3231 25637.7
3233 3399 25629.6
3233 3402 25621.4
3233 3400 25613.2
3233 3405 25605.0
3234 3198 25596.9
3234 3406 25588.7
3399 3260 25580.6
3399 3231 25572.4
3399 3233 25564.3
3399 3407 25556.1
3399 3408 25548.0
3399 3402 25539.9
3399 3409 25531.8
3399 3410 25523.6
3399 3411 25515.5
3399 3412 25507.4
3399 3413 25499.3
3399 3414 25491.2
3399 3415 25483.1
3399 3400 25475.0
3399 3416 25466.9
3399 3417 25458.8
3399 3418 25450.7
3399 3419 25442.7
3235 3198 25434.6
3235 3420 25426.5
3235 3421 25418.5
3235 3422 25410.4
3235 3423 25402.3
3235 3424 25394.3
3235 3425 25386.2
3235 3426 25378.2
3235 3427 25370.2
3235 3428 25362.1
3235 3429 25354.1
3235 3430 25346.1
3235 3431 25338.1
3235 3432 25330.0
3235 3433 25322.0
3235 3434 25314.0
3235 3435 25306.0
3235 3436 25298.0
3235 3437 25290.0
3235 3438 25282.0
3235 3439 25274.0
3235 3440 25266.1
3235 3441 25258.1
3235 3442 25250.1
3235 3443 25242.1
3235 3444 25234.2
3235 3445 25226.2
3235 3446 25218.3
3235 3447 25210.3
3235 3448 25202.4
3235 3449 25194.4
3235 3450 25186.5
3235 3451 25178.6
3235 3452 25170.6
3235 3453 25162.7
3235 3454 25154.8
3235 3455 25146.9
3235 3456 25138.9
3235 3457 25131.0
3235 3458 25123.1
3235 3459 25115.2
3235 3460 25107.3
3235 3461 25099.4
3235 3462 25091.6
3235 3463 25083.7
3235 3464 25075.8
3235 3465 25067.9
3235 3466 25060.1
3235 3467 25052.2
3235 3468 25044.3
3235 3469 25036.5
3235 3470 25028.6
3235 3471 25020.8
3235 3472 25012.9
3235 3473 25005.1
3235 3474 24997.2
3235 3475 24989.4
3235 3476 24981.6
3235 3477 24973.8
3235 3478 24965.9
3235 3479 24958.1
3235 3480 24950.3
3235 3481 24942.5
3235 3482 24934.7
3235 3483 24926.9
3235 3484 24919.1
3235 3485 24911.3
3235 3486 24903.5
3235 3487 24895.7
3235 3488 24888.0
3235 3489 24880.2
3235 3490 24872.4
3407 3399 24864.7
3407 3415 24856.9
3236 3198 24849.1
3237 3198 24841.4
3491 3492 24833.6
3491 3493 24825.9
3494 3495 24818.2
3494 3496 24810.4
3494 3497 24802.7
3494 3498 24795.0
3494 3499 24787.2
3494 3500 24779.5
3494 3501 24771.8
3494 3502 24764.1
3494 3503 24756.4
3494 3504 24748.7
3494 3505 24741.0
3494 3506 24733.3
3494 3507 24725.6
3494 3508 24717.9
3494 3509 24710.2
3494 962 24702.5
3494 3510 24694.9
3494 3511 24687.2
3494 3512 24679.5
3494 3513 24671.9
3494 3514 24664.2
3494 3515 24656.6
3494 3516 24648.9
3494 3517 24641.3
3494 3518 24633.6
3494 3519 24626.0
3494 3520 24618.3
3494 3521 24610.7
3494 3522 24603.1
3494 127 24595.5
3494 3523 24587.9
3494 3524 24580.2
3494 3525 24572.6
3494 3526 24565.0
3494 3527 24557.4
3494 3528 24549.8
3494 3529 24542.2
3494 3530 24534.6
3494 3531 24527.1
3494 3532 24519.5
3494 3533 24511.9
3494 3534 24504.3
3494 3535 24496.8
3494 3536 24489.2
3494 3537 24481.6
3494 3538 24474.1
3494 3539 24466.5
3494 3540 24459.0
3494 2245 24451.4
3494 3541 24443.9
3494 3542 24436.3
3494 3543 24428.8
3494 3544 24421.3
3494 3545 24413.8
3494 3546 24406.2
3494 3547 24398.7
3494 3548 24391.2
3494 3549 24383.7
3494 3550 24376.2
3494 3551 24368.7
3494 3552 24361.2
3494 3553 24353.7
3494 3554 24346.2
3494 3555 24338.7
3494 3556 24331.2
3494 3557 24323.8
3494 3558 24316.3
3494 3559 24308.8
3494 3560 24301.3
3494 3561 24293.9
3494 3562 24286.4
3494 3563 24279.0
3494 3564 24271.5
3494 3565 24264.1
3494 3566 24256.6
3494 3567 24249.2
3494 3568 24241.8
3494 3569 24234.3
3494 3570 24226.9
3297 3296 24219.5
3297 3571 24212.1
3297 3572 24204.6
3297 3573 24197.2
3297 3574 24189.8
3297 3575 24182.4
3297 3576 24175.0
355 224 24167.6
355 3577 24160.2
355 356 24152.8
355 3578 24145.5
355 3579 24138.1
355 3580 24130.7
355 3207 24123.3
355 3581 24116.0
3408 3399 24108.6
3582 1848 24101.2
3582 3583 24093.9
3582 71 24086.5
3582 2596 24079.2
3582 3584 24071.8
3582 3585 24064.5
3582 84 24057.2
3582 3586 24049.8
3582 3587 24042.5
3582 3588 24035.2
3582 3589 24027.8
3582 1998 24020.5
3582 3590 24013.2
3582 3591 24005.9
3582 2208 23998.6
3582 3592 23991.3
3582 3593 23984.0
3582 3594 23976.7
3582 3595 23969.4
3582 3596 23962.1
3582 3597 23954.8
3582 3598 23947.5
3582 3599 23940.3
3582 3600 23933.0
3582 3601 23925.7
3582 3602 23918.5
3582 3603 23911.2
3582 3604 23903.9
3582 3605 23896.7
3582 3606 23889.4
3238 3198 23882.2
3238 3227 23874.9
3238 3239 23867.7
3238 3240 23860.5
3402 3231 23853.2
3402 3233 23846.0
3402 3399 23838.8
3402 3415 23831.6
3402 3404 23824.3
3402 3607 23817.1
3402 3608 23809.9
3409 3399 23802.7
3409 3412 23795.5
3239 3198 23788.3
3239 3238 23781.1
3239 3240 23773.9
3239 3609 23766.7
3240 3198 23759.6
3240 3227 23752.4
3240 3260 23745.2
3240 3232 23738.0
3240 3238 23730.9
3240 3239 23723.7
3240 3610 23716.5
3240 3611 23709.4
3240 3249 23702.2
3610 3240 23695.1
3410 3399 23687.9
3403 3231 23680.8
3241 3198 23673.7
3241 3612 23666.5
3241 3613 23659.4
3241 3614 23652.3
3241 3615 23645.1
3241 3616 23638.0
3241 3617 23630.9
3241 3618 23623.8
3241 3619 23616.7
3241 3620 23609.6
3241 3621 23602.5
3241 3622 23595.4
3241 3623 23588.3
3241 3624 23581.2
3241 3625 23574.1
3241 3626 23567.0
3241 3627 23559.9
3241 3628 23552.9
3241 3629 23545.8
3241 3630 23538.7
3241 3631 23531.7
3241 3632 23524.6
3241 3633 23517.5
3241 3634 23510.5
3241 3635 23503.4
3241 3636 23496.4
3241 3637 23489.3
3241 3638 23482.3
3241 3639 23475.3
3241 3640 23468.2
3241 3641 23461.2
3241 3642 23454.2
3241 3643 23447.2
3241 3644 23440.1
3241 3645 23433.1
3241 3646 23426.1
3241 3647 23419.1
3241 3648 23412.1
3241 3649 23405.1
3241 3650 23398.1
3241 3651 23391.1
3241 3652 23384.1
3241 3653 23377.1
3241 3654 23370.1
3241 3655 23363.2
3241 3656 23356.2
3241 3657 23349.2
3241 3658 23342.3
3241 3659 23335.3
3241 3660 23328.3
3241 3661 23321.4
3241 3662 23314.4
3241 3663 23307.5
3241 3664 23300.5
3241 3665 23293.6
3241 3666 23286.6
3241 3667 23279.7
3241 3668 23272.8
3241 3669 23265.8
3241 3670 23258.9
3241 3671 23252.0
3241 3672 23245.1
43 1 23238.2
43 8 23231.2
43 1083 23224.3
43 3673 23217.4
43 3674 23210.5
43 47 23203.6
43 49 23196.7
43 3675 23189.9
43 3676 23183.0
43 3677 23176.1
43 1263 23169.2
43 3678 23162.3
43 3679 23155.5
43 3680 23148.6
43 3681 23141.7
43 3682 23134.9
43 3683 23128.0
43 3684 23121.1
43 3685 23114.3
43 3686 23107.4
43 3687 23100.6
43 3688 23093.8
43 3689 23086.9
43 3690 23080.1
43 3691 23073.3
43 3692 23066.4
3411 3399 23059.6
3412 3399 23052.8
3412 3409 23046.0
3412 3414 23039.1
3412 3415 23032.3
3412 3693 23025.5
3201 227 23018.7
3201 3694 23011.9
3201 3695 23005.1
3201 3696 22998.3
3201 3697 22991.5
44 1 22984.8
44 3698 22978.0
44 3699 22971.2
44 54 22964.4
44 55 22957.7
44 3700 22950.9
44 77 22944.1
44 86 22937.4
44 3701 22930.6
44 90 22923.8
44 2131 22917.1
44 3702 22910.3
44 3703 22903.6
44 3704 22896.9
44 3705 22890.1
44 2143 22883.4
44 2145 22876.6
3609 3239 22869.9
2297 24 22863.2
2297 3706 22856.5
3413 3399 22849.8
3413 3707 22843.0
3413 3708 22836.3
3413 3709 22829.6
3413 3415 22822.9
1236 12 22816.2
1236 3710 22809.5
1236 3711 22802.8
1236 3712 22796.1
3707 3413 22789.4
3708 3413 22782.8
3414 3399 22776.1
3414 3412 22769.4
3414 3713 22762.7
3414 3714 22756.1
3202 227 22749.4
3202 3715 22742.7
3202 3716 22736.1
1479 1375 22729.4
3203 227 22722.8
3204 227 22716.1
3205 227 22709.5
3205 3717 22702.8
3205 3718 22696.2
1237 12 22689.5
3709 3413 22682.9
3709 3719 22676.3
3706 2297 22669.6
3706 3720 22663.0
3706 3721 22656.4
3722 3723 22649.8
3722 3724 22643.2
3722 3725 22636.6
3722 3726 22629.9
3722 3727 22623.3
3722 3728 22616.7
3722 3729 22610.1
3420 3235 22603.6
3420 3730 22597.0
3420 3731 22590.4
3420 3732 22583.8
3420 3733 22577.2
3420 3734 22570.6
3420 3735 22564.1
3420 3736 22557.5
3420 3737 22550.9
3420 3738 22544.3
3420 3739 22537.8
3420 3451 22531.2
3420 3740 22524.7
3420 3741 22518.1
3420 2378 22511.6
3420 3742 22505.0
3420 3743 22498.5
3420 3744 22491.9
3420 3745 22485.4
3420 3746 22478.9
3420 3747 22472.4
3420 3748 22465.8
3420 3749 22459.3
3420 3750 22452.8
3420 3751 22446.3
3420 3752 22439.8
3420 3753 22433.2
3420 3754 22426.7
3420 3755 22420.2
3420 3756 22413.7
3420 3757 22407.2
3420 3758 22400.7
3420 3759 22394.3
3420 3760 22387.8
3420 3761 22381.3
3420 3762 22374.8
3420 3763 22368.3
3420 3764 22361.9
3420 3765 22355.4
3420 3766 22348.9
3420 3767 22342.5
3420 3768 22336.0
3420 3769 22329.5
3420 3770 22323.1
3420 3771 22316.6
3420 3772 22310.2
3420 3773 22303.7
3420 3774 22297.3
3420 3775 22290.9
3420 3776 22284.4
3420 3777 22278.0
3420 3778 22271.6
3420 3779 22265.1
3420 3780 22258.7
3420 3781 22252.3
3420 3782 22245.9
3420 3783 22239.5
3420 3784 22233.1
3420 3785 22226.6
3420 3786 22220.2
3420 3787 22213.8
3420 3788 22207.4
3420 3789 22201.0
3420 3790 22194.7
3420 3791 22188.3
3420 3792 22181.9
3420 3793 22175.5
3420 3794 22169.1
3420 3795 22162.7
3420 3796 22156.4
3420 3797 22150.0
3420 3798 22143.6
3420 3799 22137.3
3420 3800 22130.9
3420 3801 22124.6
3420 3802 22118.2
3420 3803 22111.9
3420 3804 22105.5
3420 3805 22099.2
3420 3806 22092.8
3420 3807 22086.5
3420 3808 22080.2
3420 3809 22073.8
3420 3810 22067.5
3420 3811 22061.2
3420 3812 22054.8
3420 3813 22048.5
3420 3814 22042.2
3420 3815 22035.9
3420 3816 22029.6
3420 3817 22023.3
3420 3818 22017.0
3420 3819 22010.7
3420 3820 22004.4
3420 3821 21998.1
3420 3822 21991.8
3420 3823 21985.5
3420 3824 21979.2
3420 3825 21972.9
3420 3826 21966.7
3420 3827 21960.4
3420 3828 21954.1
3420 3829 21947.8
3420 3830 21941.6
3420 3831 21935.3
3420 3832 21929.0
3420 3833 21922.8
3420 3834 21916.5
3420 3835 21910.3
3420 3836 21904.0
3420 3837 21897.8
3420 3838 21891.5
3420 3839 21885.3
3420 3840 21879.1
3420 3841 21872.8
3420 3842 21866.6
3420 3843 21860.4
3420 3844 21854.2
3420 3845 21847.9
3420 3846 21841.7
3420 3847 21835.5
3420 3848 21829.3
3420 3849 21823.1
3420 3850 21816.9
3420 3851 21810.7
3420 3852 21804.5
3420 3853 21798.3
3420 3854 21792.1
3420 3855 21785.9
3420 3856 21779.7
3420 3857 21773.5
3420 3858 21767.3
3420 3859 21761.2
3420 3860 21755.0
3420 3861 21748.8
3420 3862 21742.6
3420 3863 21736.5
3420 3864 21730.3
3420 3865 21724.2
3420 3866 21718.0
3420 3867 21711.8
3420 3868 21705.7
3420 3869 21699.5
3420 3870 21693.4
3420 3871 21687.3
3420 3872 21681.1
3420 3873 21675.0
3420 3874 21668.8
3420 3875 21662.7
3420 3876 21656.6
3420 3877 21650.5
3420 3878 21644.3
3420 3879 21638.2
3420 3880 21632.1
3420 3881 21626.0
3420 3882 21619.9
3420 3883 21613.8
3420 3884 21607.7
3420 3885 21601.6
3420 3886 21595.5
3420 3887 21589.4
3420 3888 21583.3
3420 3889 21577.2
3420 3890 21571.1
3420 3891 21565.0
3420 3892 21558.9
3420 3893 21552.9
3420 3894 21546.8
3420 3895 21540.7
3420 3896 21534.6
3420 3897 21528.6
3420 3898 21522.5
3420 3899 21516.5
3420 3900 21510.4
3420 3901 21504.3
3420 3902 21498.3
3420 3903 21492.2
3420 3904 21486.2
3420 3905 21480.2
3420 3906 21474.1
3420 3907 21468.1
3420 3908 21462.1
3420 3909 21456.0
3420 3910 21450.0
3420 3911 21444.0
3420 3912 21437.9
3420 3913 21431.9
3421 3235 21425.9
3422 3235 21419.9
3423 3235 21413.9
3424 3235 21407.9
3424 3914 21401.9
3424 3915 21395.9
3424 3455 21389.9
3424 3916 21383.9
3424 3917 21377.9
3424 3918 21371.9
3424 3919 21365.9
3424 3920 21359.9
3424 3921 21353.9
3424 3922 21348.0
3424 3923 21342.0
