1 3 221388000.0
1 5 110694000.0
1 6 88555200.0
1 7 73796000.0
1 8 63253700.0
1 10 49197300.0
1 11 44277600.0
1 12 40252400.0
1 14 34059700.0
1 15 31626900.0
1 19 24598700.0
1 22 21084600.0
1 23 20126200.0
1 24 19251100.0
1 28 16399100.0
1 29 15813400.0
1 30 15268100.0
1 31 14759200.0
1 32 14283100.0
1 34 13417500.0
1 35 13022800.0
1 37 12299300.0
1 40 11353200.0
1 41 11069400.0
1 43 10542300.0
1 44 10297100.0
1 45 10063100.0
1 47 9625570.0
1 48 9420770.0
1 49 9224500.0
1 50 9036250.0
1 51 8855520.0
1 52 8681880.0
1 54 8354270.0
1 55 8199560.0
1 57 7906720.0
1 59 7634070.0
1 63 7141550.0
1 65 6918380.0
1 66 6811940.0
1 67 6708730.0
1 68 6608600.0
1 69 6511410.0
1 70 6417040.0
1 71 6325370.0
1 72 6236280.0
1 76 5903680.0
1 77 5826000.0
1 82 5466370.0
1 84 5334650.0
1 88 5089380.0
1 90 4975010.0
1 91 4919730.0
1 93 4812780.0
1 95 4710380.0
1 96 4660800.0
1 98 4564700.0
1 101 4427760.0
1 102 4383920.0
1 108 4138090.0
1 110 4062170.0
1 111 4025240.0
1 115 3884000.0
1 116 3850230.0
1 117 3817030.0
1 122 3659310.0
1 124 3599810.0
1 127 3514100.0
1 128 3486430.0
1 129 3459190.0
1 136 3279820.0
1 137 3255710.0
1 140 3185440.0
1 141 3162690.0
1 143 3118140.0
1 145 3074830.0
1 146 3053630.0
1 147 3032710.0
1 151 2951840.0
1 154 2893960.0
1 156 2856620.0
1 157 2838310.0
1 159 2802380.0
1 164 2716420.0
1 165 2699850.0
1 166 2683490.0
1 167 2667330.0
1 169 2635570.0
1 170 2619980.0
1 171 2604570.0
1 174 2559400.0
1 177 2515770.0
1 178 2501560.0
1 179 2487510.0
1 180 2473610.0
1 182 2446280.0
1 183 2432840.0
1 185 2406390.0
1 186 2393380.0
1 187 2380520.0
1 188 2367790.0
1 190 2342730.0
1 191 2330400.0
1 193 2306130.0
1 194 2294180.0
1 195 2282350.0
1 199 2236240.0
1 201 2213880.0
1 202 2202870.0
1 203 2191960.0
2 205 2149400.0
2 206 2139010.0
2 211 2088570.0
2 97 2059420.0
2 214 2049890.0
2 218 2012620.0
2 219 2003510.0
3 221 1976680.0
4 1 1950560.0
4 224 1942000.0
4 225 1933520.0
4 226 1925110.0
4 227 1916780.0
4 137 1900330.0
4 229 1892210.0
4 230 1884150.0
231 7 1876170.0
231 232 1868250.0
231 233 1860400.0
231 234 1837250.0
231 235 1829650.0
231 237 1814660.0
231 242 1778220.0
231 245 1757050.0
246 247 1750100.0
246 250 1729590.0
246 251 1722860.0
246 252 1716190.0
246 254 1702980.0
246 255 1696460.0
246 258 1677180.0
246 260 1664570.0
246 267 1621890.0
246 268 1615970.0
246 271 1598470.0
246 272 1592720.0
246 273 1587010.0
246 276 1570130.0
246 277 1564580.0
246 278 1559070.0
246 279 1553600.0
246 281 1542770.0
246 283 1532100.0
246 286 1516360.0
246 287 1511180.0
246 288 1506040.0
246 289 1500940.0
246 291 1490830.0
246 292 1485830.0
246 293 1480860.0
246 294 1475920.0
246 296 1466150.0
246 298 1456500.0
246 302 1437580.0
246 304 1428310.0
246 306 1419150.0
246 307 1414620.0
246 308 1410110.0
246 311 1396770.0
246 312 1392380.0
246 314 1383680.0
246 318 1366590.0
246 319 1362390.0
246 321 1354060.0
246 322 1349930.0
246 323 1345820.0
246 324 1341750.0
246 325 1337690.0
246 326 1333660.0
246 327 1329660.0
5 330 1313880.0
5 336 1287140.0
5 337 1283410.0
5 28 1279700.0
5 36 1268700.0
5 54 1254320.0
5 90 1243750.0
5 344 1240270.0
5 346 1229930.0
5 348 1223140.0
5 349 1219770.0
224 4 1206470.0
224 354 1199940.0
224 355 1196690.0
224 357 1190260.0
224 362 1174470.0
369 370 1153060.0
369 372 1147090.0
369 373 1144120.0
369 374 1141180.0
369 377 1132420.0
369 380 1123800.0
369 381 1120950.0
369 383 1115300.0
369 384 1112500.0
369 386 1106940.0
369 387 1104180.0
369 388 1101430.0
369 397 1077310.0
369 399 1072100.0
369 400 1069510.0
369 401 1066930.0
369 402 1064370.0
369 404 1059270.0
369 405 1056740.0
369 408 1049230.0
369 409 1046750.0
369 411 1041830.0
369 412 1039380.0
369 414 1034520.0
369 418 1024940.0
369 419 1022580.0
369 420 1020220.0
369 424 1010900.0
369 425 1008600.0
369 426 1006310.0
369 429 999494.0
369 433 990550.0
369 434 988339.0
369 438 979593.0
369 439 977431.0
369 441 973134.0
369 442 971000.0
369 444 966760.0
369 445 964654.0
369 448 958390.0
369 453 948129.0
369 454 946103.0
369 459 936102.0
369 460 934127.0
369 461 932160.0
369 462 930202.0
369 463 928252.0
369 469 916721.0
369 472 911062.0
369 473 909191.0
369 475 905473.0
369 476 903625.0
369 480 896308.0
369 482 892694.0
369 484 889109.0
369 487 883785.0
369 489 880270.0
369 491 876784.0
369 494 871606.0
369 495 869894.0
370 371 864797.0
370 373 861432.0
370 498 858093.0
370 500 854780.0
370 502 849858.0
370 386 846608.0
370 503 844992.0
370 388 843383.0
370 504 841780.0
370 390 838591.0
370 395 827619.0
370 509 826075.0
370 510 824536.0
370 398 823004.0
370 512 818440.0
370 513 816930.0
370 514 815426.0
370 515 813927.0
370 518 809463.0
370 521 805047.0
370 414 803586.0
370 522 802131.0
370 421 794930.0
370 527 793505.0
370 528 792086.0
370 428 783674.0
370 534 779535.0
370 433 778165.0
370 536 774084.0
370 541 767376.0
370 441 763407.0
370 550 751742.0
370 551 749198.0
370 458 746671.0
370 553 744161.0
370 556 740428.0
370 557 739192.0
370 558 737960.0
370 559 736732.0
370 560 735508.0
370 561 734289.0
370 563 731861.0
370 566 725862.0
370 476 724674.0
370 568 721134.0
370 573 715309.0
370 574 714155.0
370 488 713005.0
370 490 711859.0
370 576 708442.0
370 577 707310.0
371 369 705057.0
371 579 702819.0
371 580 701705.0
371 581 700595.0
371 378 696189.0
371 380 695096.0
371 381 694006.0
371 585 692920.0
371 586 691838.0
371 590 686475.0
371 591 685412.0
371 593 682244.0
371 384 681194.0
371 594 680148.0
371 595 679104.0
371 386 678064.0
371 387 677028.0
371 597 674964.0
371 598 673936.0
371 600 671891.0
371 601 670873.0
371 603 668846.0
371 604 667837.0
371 389 666831.0
371 605 665829.0
371 608 661848.0
371 610 658893.0
371 613 655965.0
371 614 654994.0
371 615 653062.0
371 510 652100.0
371 616 651141.0
371 617 650185.0
371 398 649232.0
371 623 643570.0
371 624 642636.0
371 625 641704.0
371 627 639850.0
371 628 638926.0
371 629 638006.0
371 630 637088.0
371 632 635260.0
371 633 634350.0
371 634 633442.0
371 635 632537.0
371 636 631635.0
371 637 630735.0
371 639 628943.0
371 640 628051.0
371 643 625390.0
371 646 622751.0
371 650 617540.0
371 652 615822.0
371 413 614967.0
371 655 612415.0
371 659 609045.0
371 661 607375.0
371 666 603237.0
371 667 602416.0
371 668 601598.0
371 669 600782.0
371 670 599968.0
371 672 598346.0
371 431 592739.0
371 677 591947.0
371 678 591156.0
371 680 589582.0
371 684 585683.0
371 438 584909.0
371 439 584137.0
371 686 582600.0
371 688 581071.0
371 689 580309.0
371 690 578792.0
371 691 578037.0
371 694 575034.0
371 695 574288.0
371 696 573544.0
371 699 569853.0
371 701 568390.0
371 705 565487.0
371 706 564765.0
371 707 563328.0
371 708 562613.0
371 710 561186.0
371 711 560476.0
371 712 559767.0
371 715 557652.0
371 716 556951.0
371 717 556251.0
371 718 555553.0
371 719 554857.0
371 723 552090.0
371 724 550716.0
371 726 549350.0
371 730 546637.0
371 732 545291.0
371 733 544620.0
371 734 543951.0
579 738 540630.0
579 739 539971.0
579 741 538657.0
579 385 538003.0
579 743 536698.0
579 744 536048.0
579 747 534109.0
579 748 533465.0
579 749 532823.0
579 751 530907.0
579 752 530271.0
579 753 529636.0
579 754 529004.0
579 755 528372.0
579 756 527743.0
579 760 525239.0
579 761 524616.0
579 764 522758.0
579 766 521527.0
579 767 520913.0
579 769 519690.0
579 770 519081.0
579 774 516658.0
579 663 515455.0
579 671 514856.0
579 780 511880.0
579 781 511289.0
579 782 510699.0
579 785 508938.0
579 787 507771.0
579 790 506030.0
579 792 504876.0
579 794 503727.0
579 796 502583.0
579 801 499747.0
579 803 498622.0
579 808 495830.0
579 810 494722.0
579 811 494170.0
579 814 492521.0
579 816 491427.0
579 820 489255.0
579 823 487639.0
579 824 487102.0
579 825 486567.0
579 826 486033.0
579 830 483908.0
579 831 483380.0
579 833 482327.0
579 838 479714.0
579 839 479195.0
579 730 478677.0
579 841 477644.0
579 847 474572.0
372 370 472546.0
372 373 471540.0
372 378 469540.0
372 852 467063.0
372 855 464613.0
372 856 464126.0
372 388 463640.0
372 505 463155.0
372 390 462671.0
372 391 462188.0
372 857 461706.0
372 393 461225.0
372 394 460266.0
372 862 457886.0
372 863 456941.0
372 866 455531.0
372 405 455063.0
372 868 454129.0
372 870 452736.0
372 871 452274.0
372 773 450892.0
372 523 450433.0
372 525 449976.0
372 419 449519.0
372 421 449063.0
372 873 448608.0
372 875 447701.0
372 423 447249.0
372 876 446797.0
372 532 445449.0
372 878 445001.0
372 879 444554.0
372 449 441012.0
372 889 437959.0
372 558 436663.0
372 891 435803.0
372 892 435375.0
372 466 434947.0
372 895 433245.0
372 896 432398.0
372 897 431556.0
372 476 431135.0
372 900 428217.0
372 901 427803.0
372 488 426978.0
372 493 425337.0
6 1 424115.0
6 909 423304.0
6 919 419296.0
6 920 418899.0
6 921 418503.0
6 924 417320.0
6 925 416927.0
928 332 414973.0
928 25 414584.0
928 70 414196.0
928 930 413423.0
928 932 412652.0
928 933 412268.0
928 935 411502.0
928 936 411120.0
928 937 410738.0
928 938 410358.0
928 940 409599.0
928 942 408465.0
928 944 407713.0
928 945 407338.0
928 946 406963.0
928 947 406590.0
928 949 405844.0
928 953 404362.0
928 954 403993.0
928 955 403624.0
928 956 403257.0
928 958 402524.0
928 959 402158.0
928 961 401429.0
928 962 401065.0
928 966 399617.0
928 967 399257.0
928 969 398538.0
928 971 397822.0
928 979 394983.0
928 981 394280.0
928 982 393929.0
928 985 392880.0
928 987 392184.0
928 988 391837.0
928 989 391491.0
928 990 391145.0
928 991 390800.0
928 992 390455.0
928 994 389768.0
928 996 389083.0
928 998 388400.0
928 999 388060.0
928 1000 387720.0
928 1003 386704.0
928 1005 386030.0
928 1006 385693.0
928 1007 385358.0
928 1008 385023.0
928 1009 384688.0
928 1010 384354.0
928 1011 384021.0
928 1016 382363.0
928 1018 381703.0
928 1019 381375.0
928 1022 380392.0
928 1023 380065.0
928 1025 379414.0
928 1026 379089.0
928 1028 378441.0
928 1032 377152.0
928 1033 376831.0
928 1037 375552.0
928 1038 375234.0
928 1041 374282.0
928 1043 373651.0
928 1044 373336.0
928 1045 373021.0
928 1049 371768.0
928 1051 371145.0
928 1052 370834.0
928 1054 370214.0
928 1056 369596.0
928 1057 369288.0
928 1060 368366.0
928 1061 368060.0
928 1064 367144.0
928 1066 366536.0
928 1069 365628.0
928 1070 365327.0
928 1071 365026.0
928 1072 364725.0
928 1074 364125.0
928 1075 363826.0
928 1076 363527.0
928 1078 362931.0
928 1080 362337.0
928 1081 362041.0
928 1082 361745.0
7 1 361450.0
7 8 360861.0
7 1083 360567.0
7 1084 360273.0
7 1086 359105.0
7 48 358233.0
7 1087 357943.0
7 1088 357654.0
7 1089 357366.0
7 1090 357077.0
7 1092 356502.0
1093 19 356216.0
1093 498 355929.0
1093 1094 355643.0
1093 238 355358.0
1093 1096 354789.0
1093 1098 354221.0
8 1 353938.0
8 7 353655.0
8 1099 353373.0
8 1083 353091.0
8 1085 352248.0
8 1101 351410.0
8 1102 351131.0
8 1103 350853.0
8 20 350298.0
8 47 349744.0
8 48 349468.0
354 224 348643.0
1099 1109 346731.0
1083 7 346460.0
1083 8 346189.0
1083 233 345919.0
1083 13 345649.0
1083 14 345379.0
1083 43 345110.0
1083 47 344841.0
1083 1110 344305.0
1083 236 344037.0
1083 1115 341912.0
1083 1116 341648.0
1083 1117 341385.0
1083 1120 340597.0
9 1 340335.0
9 928 340074.0
9 1122 339292.0
9 1124 338773.0
9 1125 338514.0
9 1127 337997.0
9 1128 337739.0
9 1133 336456.0
9 1136 335691.0
9 1137 335436.0
9 971 335182.0
9 1139 334676.0
9 1141 334171.0
9 1143 333667.0
9 1144 333416.0
9 1145 333165.0
9 1150 331667.0
9 1151 331419.0
9 1153 330677.0
9 1155 330183.0
9 1157 329692.0
9 1158 329446.0
9 1168 327013.0
9 1169 326772.0
9 1170 326531.0
9 1172 326050.0
9 1173 325810.0
9 1175 325331.0
9 1179 324141.0
9 1180 323903.0
9 1181 323667.0
9 1182 323430.0
9 1187 322253.0
9 1188 322019.0
9 1190 321551.0
10 29 320852.0
10 1195 319233.0
10 1198 318315.0
10 77 318086.0
10 1200 317630.0
10 87 317402.0
10 91 316948.0
10 101 316495.0
10 1203 315817.0
10 1207 314919.0
10 1208 314695.0
10 120 314472.0
10 1210 314026.0
10 1212 313581.0
10 1213 313359.0
10 1215 312916.0
10 1217 312474.0
10 1219 312034.0
10 1220 311814.0
10 1221 311595.0
10 1222 311376.0
10 1223 311157.0
10 197 310720.0
10 1225 310502.0
10 1227 310067.0
10 1228 309634.0
10 1229 309417.0
10 1233 308555.0
11 1 308340.0
11 2 308125.0
11 1234 307911.0
11 1235 307697.0
12 1 307483.0
12 1239 306632.0
12 1241 306208.0
12 1244 305574.0
12 1247 304942.0
232 231 304732.0
232 1250 303687.0
1084 8 301413.0
1084 1257 301003.0
1084 1258 300799.0
1084 236 300391.0
1084 1260 300187.0
1257 1084 299173.0
1265 20 298769.0
1265 1266 298367.0
1265 41 297965.0
1265 1267 297765.0
1265 1268 297565.0
1265 1272 296370.0
1265 106 296171.0
1265 1273 295973.0
1265 1275 295578.0
1265 1280 294595.0
1265 1281 294399.0
1265 1283 294008.0
1265 1288 293035.0
1265 1290 292648.0
1265 1291 292454.0
1265 1292 292261.0
1265 1293 292069.0
1265 1294 291876.0
1265 1295 291684.0
1265 1296 291492.0
1265 1297 291300.0
1251 1301 290345.0
1251 1303 289965.0
1251 1304 289775.0
1251 1305 289585.0
1251 1308 289018.0
1251 1309 288830.0
1251 1311 288453.0
1312 1320 286772.0
1312 1321 286586.0
1312 1323 286216.0
1312 1324 286031.0
1312 1329 285110.0
1312 1331 284743.0
1312 1333 284378.0
1312 1334 284195.0
1312 1336 283831.0
1312 1291 282924.0
1312 1341 282743.0
1100 1343 282203.0
1100 1344 282023.0
1100 1345 281843.0
1100 1347 281485.0
1100 1348 281306.0
1100 1352 280593.0
1085 7 280238.0
1085 8 280061.0
1085 14 279707.0
1085 1113 278651.0
1085 1114 278476.0
13 1 278126.0
13 231 277951.0
13 7 277777.0
13 1083 277429.0
13 1085 277255.0
13 1355 276908.0
13 1356 276735.0
13 1101 276390.0
13 1358 276217.0
13 1359 276045.0
13 1361 275701.0
13 1363 275187.0
14 231 274845.0
14 7 274675.0
14 1083 274335.0
14 1085 274165.0
14 13 273995.0
14 1356 273656.0
14 1101 273319.0
14 1360 272813.0
14 1361 272645.0
14 20 272143.0
14 1365 271975.0
14 911 271475.0
14 1369 270977.0
14 1363 270811.0
1355 13 270480.0
1355 1356 270150.0
1355 1101 269985.0
1355 1371 269821.0
1355 1372 269657.0
1355 1358 269329.0
1355 1375 268675.0
1355 1376 268512.0
1355 1377 268349.0
1355 1378 268187.0
1356 1355 267700.0
1356 1101 267538.0
1356 1380 267054.0
1356 1383 266572.0
1356 1384 266412.0
1356 1385 266251.0
1357 13 266091.0
1357 14 265932.0
1101 8 265772.0
1101 14 265453.0
1101 1355 265294.0
1101 1356 265135.0
1101 1371 264977.0
1101 1372 264818.0
1101 1386 263871.0
1101 1375 263557.0
1101 1103 263244.0
1101 1391 262464.0
1101 1392 262153.0
1101 1393 261998.0
1101 1402 260610.0
1101 1404 260303.0
1371 1101 259693.0
1371 1375 259388.0
1371 1407 259237.0
1371 1408 259085.0
1371 1412 258480.0
1371 1414 258178.0
1371 1416 257878.0
1371 1417 257728.0
1371 1419 257428.0
1371 1420 257278.0
1371 1424 256682.0
1371 1425 256533.0
1371 1427 256236.0
1371 1428 256088.0
1371 1429 255940.0
1372 1355 255497.0
1372 1102 255055.0
1372 1376 254323.0
1372 1393 254031.0
1102 1376 253304.0
1102 1103 253160.0
1102 1387 253015.0
1102 1388 252870.0
1102 1377 252582.0
1102 1393 252438.0
1102 1398 252294.0
1102 1399 252150.0
1102 1402 252007.0
1102 1434 251577.0
1102 1438 251007.0
1102 1440 250723.0
1102 1404 250439.0
1102 1443 250156.0
1102 1405 250015.0
1379 1356 249733.0
1373 1355 249592.0
1359 13 248332.0
1359 1356 247915.0
1359 1101 247776.0
1359 1373 247638.0
1374 1355 247361.0
1374 1388 246672.0
234 231 246260.0
1386 1447 245714.0
1360 13 245577.0
1360 14 245441.0
1360 1355 245305.0
1360 1358 245034.0
1361 1448 244493.0
1361 1449 244358.0
1361 1453 243819.0
1361 1455 243551.0
1361 1456 243417.0
1361 1457 243284.0
1361 1458 243150.0
1361 1459 243016.0
1361 1461 242750.0
1450 1462 242219.0
1450 1464 241954.0
1450 1465 241822.0
1375 1101 241558.0
1375 1371 241426.0
1375 1468 240901.0
1375 1470 240639.0
1375 1376 240508.0
1375 1471 240378.0
1375 1472 240247.0
1375 1473 240117.0
1375 1474 239987.0
1375 1480 239209.0
1375 1481 239080.0
1375 1482 238951.0
1375 1483 238822.0
1375 1485 238565.0
1375 1486 238436.0
1375 1487 238308.0
1375 1489 238052.0
1375 1491 237796.0
1375 1492 237668.0
1375 1494 237413.0
1375 1496 237159.0
1375 1503 236273.0
1375 1505 236021.0
1375 1506 235896.0
1375 1510 235394.0
1375 1511 235269.0
1375 1512 235144.0
1375 1515 234770.0
15 1518 234025.0
15 1519 233902.0
15 1523 233409.0
15 1524 233286.0
908 1528 232550.0
908 332 232428.0
908 20 232185.0
908 1533 231577.0
908 1536 231215.0
908 1537 231094.0
908 1538 230973.0
908 911 230853.0
908 1539 230733.0
908 1541 230373.0
908 1543 230133.0
908 1545 229894.0
908 1546 229775.0
908 1549 229418.0
908 1550 229299.0
908 1551 229180.0
908 1553 228943.0
908 1554 228825.0
908 1555 228707.0
908 1556 228589.0
1453 1460 228235.0
1466 1559 227883.0
1466 1561 227648.0
1467 1375 227181.0
1468 1566 226832.0
1468 1571 226252.0
1468 1573 226021.0
1468 1575 225791.0
1468 1578 225446.0
1469 1375 225217.0
1470 1375 225102.0
1376 1355 224988.0
1376 1372 224759.0
1376 1375 224531.0
1376 1580 223964.0
1376 1395 223624.0
1376 1396 223511.0
1376 1583 223399.0
1376 1445 223286.0
1376 1584 223173.0
1376 1397 223061.0
1376 1399 222949.0
1376 1400 222836.0
1376 1586 222612.0
1376 1439 222389.0
1376 1587 222277.0
1376 1588 222166.0
1376 1589 222054.0
1471 1375 221943.0
1471 1490 221832.0
1590 1596 221056.0
1590 1597 220946.0
1590 1598 220836.0
1590 1601 220506.0
1590 1602 220396.0
1590 1603 220287.0
1590 1604 220177.0
1590 1605 220068.0
1590 1606 219958.0
1590 1608 219740.0
1590 1610 219522.0
1590 1615 218979.0
1590 1617 218763.0
1590 1618 218655.0
1590 1620 218439.0
1590 1624 218009.0
1590 1627 217687.0
1590 1629 217474.0
1590 1630 217367.0
1590 1632 217154.0
1590 1634 216941.0
1590 1635 216835.0
1590 1638 216516.0
1590 1640 216305.0
1527 908 215988.0
1527 1528 215883.0
1527 1643 215778.0
1527 20 215673.0
1527 1529 215568.0
1472 1375 215149.0
1472 1644 214940.0
1472 1645 214836.0
1472 1646 214731.0
1472 1486 214523.0
1472 1647 214419.0
1472 1648 214212.0
1472 1501 214108.0
1472 1649 214005.0
1472 1650 213901.0
1473 1375 213798.0
1473 1476 213592.0
1473 1651 213386.0
1473 1653 213078.0
1473 1654 212975.0
1644 1472 212873.0
1655 1656 212771.0
1655 1657 212669.0
1655 1658 212567.0
1655 1661 212261.0
1655 1663 212057.0
1655 1664 211956.0
1655 1667 211652.0
1655 1668 211551.0
1655 1669 211450.0
1655 1671 211248.0
1655 1672 211047.0
1655 1673 210946.0
1655 1674 210846.0
1655 1675 210745.0
1655 1677 210545.0
1655 1678 210445.0
1655 1679 210345.0
1655 1680 210245.0
1655 1681 210145.0
1655 1682 210046.0
1655 1686 209648.0
1655 1692 209054.0
1655 1695 208758.0
1655 1697 208561.0
1655 1699 208365.0
1655 1700 208267.0
1655 1701 208169.0
1655 1703 207974.0
1655 1704 207876.0
1655 1705 207779.0
1655 1706 207681.0
1655 1708 207486.0
1655 1710 207292.0
1655 1711 207195.0
1655 1712 207098.0
1655 1715 206808.0
1407 1371 206712.0
1407 1408 206519.0
1407 1719 206134.0
1407 1721 205942.0
1407 1722 205847.0
1407 1723 205751.0
1407 1726 205465.0
1407 1727 205369.0
1407 1731 204989.0
1407 1732 204894.0
1407 1733 204799.0
1407 1737 204421.0
1407 1738 204327.0
1407 1740 204138.0
1407 1744 203763.0
1407 1746 203575.0
1407 1748 203388.0
1407 1750 203201.0
1407 1752 203015.0
1407 1753 202922.0
1407 1755 202736.0
1407 1756 202644.0
1407 1759 202366.0
1407 1762 202089.0
1407 1764 201904.0
1407 1765 201812.0
1407 1767 201628.0
1407 1768 201445.0
1407 1770 201262.0
1407 1771 201170.0
1407 1774 200897.0
1407 1776 200714.0
1407 1777 200623.0
1407 1779 200442.0
1407 1780 200351.0
1407 1783 200080.0
1407 1784 199989.0
1407 1786 199809.0
1407 1789 199539.0
1407 1790 199449.0
1407 1793 199180.0
1407 1795 199000.0
1407 1796 198911.0
1407 1799 198643.0
1407 1801 198465.0
1407 1802 198376.0
1407 1803 198288.0
1407 1805 198110.0
1407 1808 197845.0
1407 1810 197668.0
1407 1812 197492.0
1528 1527 197316.0
1528 1643 197228.0
1528 1534 197052.0
1591 1593 196702.0
1591 1594 196527.0
1591 1599 196179.0
1591 1600 196092.0
1591 1601 196005.0
1591 1816 195832.0
1591 1820 195228.0
1591 1821 195141.0
1591 1822 194970.0
1591 1823 194884.0
1591 1824 194798.0
1591 1625 194371.0
1591 1630 193945.0
1591 1636 193352.0
1591 1637 193183.0
1591 1639 193099.0
1645 1472 192763.0
1364 14 192679.0
1643 1527 192595.0
1643 1529 192344.0
1643 1837 192177.0
1643 1838 192094.0
1643 1839 192010.0
1643 1840 191844.0
1643 1841 191761.0
1103 1845 190852.0
1103 1846 190770.0
1387 1103 190441.0
1847 1848 190196.0
1847 1849 190114.0
1847 1850 190033.0
1847 1851 189951.0
1847 1853 189788.0
1847 1855 189626.0
1847 1857 189382.0
1847 1859 189221.0
1847 1860 189140.0
1847 1862 188978.0
1847 1863 188898.0
1847 1864 188817.0
1847 1866 188656.0
1847 1868 188496.0
1847 1872 188175.0
1847 1874 188015.0
1847 1875 187936.0
1847 145 187776.0
1847 1879 187538.0
1847 1881 187379.0
1847 1884 187141.0
1847 1886 186983.0
1847 1887 186904.0
1847 1888 186825.0
1847 1894 186354.0
1895 1896 186197.0
1895 117 185884.0
1895 1899 185728.0
1895 1902 185495.0
1895 1871 185107.0
1895 1906 184875.0
1895 1908 184721.0
1895 1909 184644.0
1895 1910 184567.0
1895 1911 184490.0
1895 1912 184413.0
1895 1914 184183.0
1895 1918 183877.0
1895 1921 183648.0
1388 1101 183496.0
1388 1390 183192.0
1388 1399 182890.0
1388 1924 182814.0
1389 1101 182739.0
1389 1374 182663.0
1389 1376 182588.0
1389 1925 182513.0
1389 1928 182287.0
1656 1655 182063.0
1656 1930 181988.0
1656 1933 181764.0
1656 1934 181689.0
1656 1936 181540.0
1656 1937 181466.0
1656 1939 181317.0
1656 1941 181169.0
1390 1942 180873.0
1390 1943 180799.0
1390 1924 180725.0
1923 1388 180651.0
1923 1390 180578.0
1923 1944 180504.0
1923 1945 180430.0
1942 1390 180357.0
1943 1390 180283.0
1925 1929 180063.0
1926 1946 179844.0
1946 1926 179771.0
329 1121 179625.0
329 36 179552.0
329 1848 179480.0
329 106 179262.0
329 1950 179117.0
329 1951 179044.0
329 1953 178899.0
329 1956 178683.0
329 1957 178611.0
329 1958 178539.0
329 1959 178467.0
329 1963 178180.0
330 5 178036.0
330 332 177893.0
330 333 177822.0
330 28 177679.0
330 1967 177608.0
330 90 177465.0
330 1968 177394.0
330 1969 177323.0
330 1972 177040.0
330 1973 176969.0
330 1975 176827.0
330 1550 176757.0
330 1976 176686.0
330 1977 176616.0
330 1978 176545.0
330 1980 176405.0
331 5 176335.0
331 1981 176124.0
1965 1984 175844.0
1965 1986 175705.0
1965 1987 175635.0
332 5 175565.0
332 90 175149.0
332 1988 175080.0
332 1549 174872.0
332 1991 174596.0
333 330 174459.0
333 332 174321.0
333 1848 173842.0
333 1995 173502.0
333 86 173366.0
333 1997 173298.0
333 2000 172959.0
333 2003 172757.0
333 2007 172488.0
333 2008 172421.0
333 2010 172286.0
333 2013 171952.0
333 2014 171885.0
333 2015 171752.0
333 2017 171619.0
333 173 171552.0
333 2020 171220.0
333 2021 171154.0
333 2026 170824.0
334 5 170692.0
334 2028 170627.0
335 5 170561.0
335 2030 170430.0
335 2031 170364.0
1966 333 170233.0
1966 2032 170168.0
1966 90 170102.0
1966 2034 169972.0
1966 2035 169906.0
1966 2036 169841.0
1966 2038 169646.0
1966 2041 169451.0
1966 2042 169386.0
1966 2043 169322.0
1966 2044 169257.0
17 1 169128.0
17 2046 169063.0
17 2047 168998.0
17 26 168805.0
17 2049 168741.0
17 2051 168612.0
17 2052 168548.0
17 2053 168484.0
17 2055 168356.0
18 1 168100.0
18 2059 167973.0
18 2060 167909.0
18 2064 167655.0
18 2066 167464.0
18 2067 167401.0
2059 18 167148.0
2059 2062 167085.0
2059 2071 167022.0
2059 2066 166959.0
2059 2072 166896.0
2059 2073 166833.0
2059 2067 166771.0
2059 2074 166708.0
2059 2075 166645.0
2059 2076 166582.0
2059 2077 166520.0
2046 1992 166395.0
2046 2050 166332.0
2046 2053 166270.0
1391 1101 166145.0
1391 1102 166083.0
1391 1387 165958.0
1391 2078 165834.0
1391 2079 165772.0
1391 2080 165710.0
1391 2082 165586.0
1391 2084 165462.0
1391 2085 165400.0
336 337 165277.0
336 2086 165215.0
336 2088 165092.0
336 2093 164785.0
336 2097 164540.0
336 2098 164478.0
336 2099 164417.0
336 2102 164234.0
336 2103 164174.0
336 2105 164052.0
336 2108 163870.0
336 2109 163809.0
337 336 163507.0
337 2113 163446.0
337 2114 163386.0
337 2119 163085.0
337 2120 163025.0
19 1 162965.0
19 1093 162905.0
19 30 162845.0
19 35 162785.0
19 67 162725.0
19 1998 162606.0
19 2121 162487.0
19 2122 162427.0
19 106 162308.0
19 120 161833.0
19 2132 161715.0
19 2133 161656.0
19 2134 161597.0
19 2135 161538.0
19 2137 161420.0
19 2139 161303.0
19 2140 161244.0
19 2141 161185.0
19 2142 161127.0
19 2144 161009.0
19 2145 160951.0
19 2146 160892.0
19 2147 160834.0
19 2150 160659.0
19 2151 160601.0
19 2152 160542.0
19 2160 160078.0
1086 8 159905.0
1086 908 159847.0
1086 236 159559.0
1086 911 159387.0
1086 2163 159215.0
1377 1355 159043.0
1377 1101 158986.0
1377 1102 158872.0
1377 1388 158701.0
1377 2166 158644.0
1377 2167 158587.0
1377 1392 158531.0
1377 1393 158361.0
1377 1398 158304.0
1377 2170 158247.0
2166 1377 158191.0
2166 2172 158078.0
2166 2173 158021.0
2166 2174 157965.0
2166 2176 157852.0
2166 2178 157740.0
2166 2180 157628.0
2166 2181 157572.0
2166 2184 157404.0
2166 2185 157348.0
2166 2187 157236.0
2166 2188 157180.0
2166 2189 157124.0
2166 2190 157068.0
2166 2192 156957.0
2167 1377 156846.0
2047 17 156790.0
2048 17 156569.0
2048 1992 156513.0
2048 2195 156458.0
1992 333 156403.0
1992 17 156347.0
1992 2046 156292.0
1992 2048 156237.0
1992 2196 156182.0
1992 2011 156127.0
1992 2024 155962.0
1992 2198 155907.0
20 1 155852.0
20 7 155797.0
20 8 155743.0
20 1265 155688.0
20 1527 155469.0
20 1086 155360.0
20 2201 155197.0
20 1196 155142.0
20 2203 155034.0
20 2205 154925.0
20 2207 154817.0
20 1534 154655.0
20 2212 154493.0
20 2213 154385.0
20 1542 154170.0
20 2217 154063.0
20 2218 154009.0
2199 2203 153902.0
2199 2205 153795.0
2199 2223 153582.0
2199 2224 153528.0
2199 2225 153475.0
2199 2226 153422.0
2199 2227 153369.0
2199 2230 153210.0
2199 2231 153157.0
2199 2232 153104.0
2199 2233 153051.0
2199 2236 152892.0
2199 2237 152787.0
2199 2213 152576.0
2199 2215 152524.0
2199 2241 152471.0
2199 2242 152419.0
2199 2252 151896.0
2200 2254 151688.0
2200 2255 151636.0
22 1 151532.0
22 2259 151325.0
22 2260 151273.0
22 2261 151221.0
22 2262 151170.0
22 2263 151118.0
22 2266 150964.0
22 2269 150809.0
22 2270 150758.0
22 2271 150707.0
22 2274 150553.0
22 2278 150348.0
22 2280 150246.0
22 2282 150144.0
22 2285 149992.0
22 2289 149789.0
23 1 149688.0
2113 337 149637.0
2114 2291 149536.0
2114 2292 149486.0
2114 2295 149334.0
24 1 149234.0
24 2299 149083.0
2115 337 149033.0
2116 337 148983.0
1842 1103 148932.0
1842 1391 148882.0
1842 2300 148732.0
1842 2302 148583.0
1842 1432 148483.0
1842 2304 148433.0
1842 2310 148135.0
1842 2312 148036.0
1842 2313 147987.0
1842 2316 147838.0
1842 2317 147789.0
1842 2319 147690.0
1842 2320 147641.0
1842 2324 147445.0
1842 2325 147395.0
1842 2331 147102.0
1842 2332 147053.0
1842 2333 147004.0
1842 2334 146955.0
1842 2337 146809.0
1842 1439 146663.0
1842 2340 146615.0
1842 2343 146469.0
1842 2344 146421.0
1842 2345 146372.0
1842 2347 146276.0
1842 2349 146179.0
1842 2350 146131.0
1842 2352 146034.0
1842 2353 145986.0
1842 2356 145842.0
25 9 145698.0
25 2357 145554.0
25 2359 145459.0
25 2361 145363.0
25 2362 145315.0
25 2363 145268.0
25 2364 145172.0
25 2365 145125.0
25 2366 145077.0
25 2368 144982.0
25 120 144935.0
25 1130 144887.0
25 2369 144840.0
25 2371 144745.0
25 1136 144604.0
25 2374 144509.0
25 2375 144462.0
25 2376 144415.0
25 1140 144368.0
25 2378 144274.0
25 2379 144227.0
25 1145 144180.0
25 2380 144133.0
25 1146 144039.0
25 2383 143945.0
25 2384 143899.0
25 1151 143852.0
25 2386 143758.0
25 2387 143712.0
25 2389 143619.0
25 2391 143525.0
25 2393 143386.0
25 2394 143293.0
25 1115 143247.0
25 1172 143154.0
25 2402 142831.0
25 2403 142785.0
25 2404 142739.0
25 2405 142693.0
25 2406 142647.0
25 2407 142601.0
25 2408 142555.0
25 2409 142509.0
25 2411 142418.0
25 2413 142326.0
25 2415 142235.0
25 2420 142006.0
25 2421 141961.0
25 2422 141915.0
25 2425 141779.0
25 2426 141734.0
25 2427 141688.0
25 2429 141598.0
25 2430 141552.0
25 2431 141507.0
26 1 141372.0
26 17 141327.0
26 29 141281.0
2117 337 141101.0
2050 2046 140922.0
1121 9 140877.0
1121 329 140832.0
1121 70 140787.0
1121 2436 140653.0
1121 2438 140564.0
1121 2439 140475.0
1121 2440 140430.0
1121 2448 140075.0
1121 2450 139942.0
1121 2452 139853.0
1121 2453 139809.0
1121 2454 139765.0
1121 2455 139721.0
1121 2457 139633.0
1121 2459 139545.0
1121 2461 139457.0
1121 2463 139369.0
1121 2464 139325.0
28 1 139238.0
28 5 139194.0
28 2467 139063.0
28 86 139019.0
28 2123 138976.0
28 2468 138932.0
29 10 138845.0
29 1192 138758.0
29 1196 138714.0
29 86 138584.0
29 2473 138324.0
29 2474 138281.0
29 2478 138109.0
29 2479 138065.0
29 2481 137979.0
29 2482 137936.0
29 2483 137894.0
29 2484 137851.0
29 2485 137765.0
29 1233 137636.0
1927 1389 137594.0
2060 18 137551.0
2060 86 137465.0
2060 2489 137380.0
2060 2069 137295.0
2060 2491 137252.0
2060 2492 137210.0
2060 2493 137167.0
2060 2494 137125.0
2466 28 137082.0
2051 17 136955.0
2051 2495 136913.0
30 2496 136786.0
30 2498 136701.0
30 2147 136659.0
338 5 136617.0
225 4 136575.0
226 4 136491.0
1380 1362 136407.0
1380 2499 136365.0
1381 1356 136113.0
2467 28 136071.0
2504 2505 136030.0
2504 2507 135946.0
2504 2510 135821.0
2504 2512 135738.0
2504 2513 135696.0
2504 2514 135654.0
2504 2515 135613.0
2504 2516 135571.0
2504 2519 135447.0
2504 2520 135406.0
2504 2521 135364.0
2504 2524 135240.0
1658 1655 135116.0
1658 1690 135075.0
2526 2529 134952.0
2526 2530 134910.0
2526 2531 134869.0
2526 2534 134746.0
2526 2535 134705.0
2526 2536 134664.0
2526 2539 134541.0
2526 2542 134419.0
2526 2543 134378.0
2526 2545 134297.0
2526 2546 134256.0
2500 2201 133850.0
2500 1850 133810.0
2500 1242 133648.0
2500 2558 133527.0
2500 2560 133447.0
2501 2201 133406.0
1446 234 133366.0
1474 1375 133286.0
2527 2561 133206.0
2527 2529 133166.0
2527 2567 132886.0
2527 2568 132846.0
2527 2569 132806.0
2527 2570 132766.0
2527 2571 132727.0
2527 2572 132687.0
2527 2491 132607.0
2527 2574 132568.0
2527 2575 132528.0
2576 2577 132488.0
2576 2578 132449.0
2576 2581 132330.0
2576 2582 132290.0
2583 2584 132251.0
2583 2585 132211.0
2061 18 132133.0
2061 2588 132054.0
2061 2590 131975.0
1993 333 131936.0
2062 18 131896.0
2062 2592 131779.0
2062 2593 131739.0
2591 2594 131661.0
31 1 131583.0
31 2596 131544.0
31 2598 131466.0
1192 333 131388.0
1192 26 131349.0
1192 35 131271.0
1192 2469 131193.0
1192 2602 130960.0
1192 106 130921.0
1192 2362 130883.0
1192 2605 130767.0
1192 1209 130728.0
1192 2607 130651.0
1192 2610 130535.0
1192 135 130497.0
1192 2613 130382.0
1192 1285 130343.0
1192 2616 130228.0
1192 176 130152.0
1192 2618 130113.0
33 1 129999.0
33 2620 129961.0
33 2622 129884.0
33 2623 129846.0
34 1 129808.0
34 2624 129732.0
34 2625 129694.0
34 2626 129580.0
34 2629 129429.0
34 2631 129353.0
34 2632 129315.0
34 2634 129240.0
34 2636 129127.0
34 2637 129089.0
34 2638 129052.0
34 2640 128976.0
34 2641 128939.0
34 2642 128901.0
2052 17 128864.0
2052 2643 128826.0
1844 1103 128789.0
1844 2644 128677.0
2300 2303 128527.0
2300 2649 128378.0
2300 2651 128304.0
2300 2653 128229.0
2300 2655 128155.0
2300 2657 128081.0
2300 2659 128007.0
2300 2662 127859.0
2300 2664 127785.0
2300 2666 127712.0
2670 54 127564.0
35 1 127491.0
35 19 127418.0
35 1196 127308.0
35 77 127271.0
35 2362 127234.0
35 120 127052.0
35 2675 127016.0
35 2676 126979.0
35 2677 126906.0
35 2680 126797.0
35 2681 126761.0
35 2682 126725.0
35 2683 126688.0
35 2686 126580.0
35 2687 126544.0
35 2688 126507.0
35 2689 126471.0
35 2693 126327.0
339 36 126255.0
339 86 126183.0
1266 1265 126075.0
1266 2701 125860.0
1266 2703 125789.0
1266 2714 125397.0
1266 2719 125219.0
1266 2724 125043.0
1266 2728 124902.0
1266 2730 124831.0
1266 2731 124796.0
1266 2736 124620.0
1266 2737 124585.0
1266 2740 124480.0
1266 2743 124375.0
1266 2744 124340.0
1266 2752 124062.0
1266 2754 123992.0
1266 2755 123957.0
1266 2758 123853.0
1266 2759 123819.0
1266 2760 123784.0
1266 2761 123750.0
1266 2762 123715.0
1266 2775 123267.0
1266 2776 123233.0
1266 2778 123164.0
1266 2780 123096.0
1266 2782 123028.0
1266 2783 122993.0
1266 2784 122959.0
1266 2786 122891.0
1266 2787 122857.0
1266 2789 122789.0
1266 2793 122653.0
1266 2795 122585.0
1266 2799 122449.0
1266 2800 122415.0
1266 2805 122246.0
1266 2807 122179.0
1266 2809 122111.0
1266 2811 122044.0
1967 2814 121876.0
1258 1084 121809.0
1929 1925 121709.0
1646 1472 121608.0
36 1 121542.0
36 329 121442.0
36 333 121408.0
36 339 121342.0
36 2817 121309.0
36 51 121275.0
36 54 121242.0
36 1195 121209.0
36 2818 121176.0
36 2819 121143.0
36 2821 121010.0
36 2823 120944.0
36 2824 120911.0
36 69 120812.0
36 2827 120779.0
36 2830 120680.0
36 2831 120647.0
36 2832 120615.0
36 2833 120549.0
36 1948 120516.0
36 84 120483.0
36 1200 120451.0
36 2834 120418.0
36 2835 120385.0
36 1998 120222.0
36 103 120156.0
36 2840 120059.0
36 104 120026.0
36 2841 119994.0
36 2842 119961.0
36 2605 119929.0
36 2843 119864.0
36 2847 119734.0
36 1209 119669.0
36 2854 119475.0
36 135 119443.0
36 136 119411.0
36 2855 119379.0
36 2860 119154.0
36 2861 119122.0
36 2863 119058.0
36 2866 118930.0
36 2868 118834.0
36 2870 118770.0
36 2871 118707.0
37 1 118643.0
340 5 118611.0
2872 2873 118580.0
2872 2876 118484.0
2872 2877 118453.0
2872 2882 118294.0
2872 2883 118263.0
2872 2884 118231.0
2872 2885 118200.0
2872 760 118137.0
2872 2888 118042.0
2872 2890 117948.0
2872 2891 117916.0
2872 2892 117885.0
2872 2893 117822.0
2872 2894 117791.0
2872 2898 117666.0
2872 2899 117634.0
2872 2904 117478.0
2872 2905 117447.0
2872 2907 117385.0
2872 2908 117354.0
2872 2909 117323.0
2872 2910 117292.0
2872 2911 117261.0
2872 2912 117230.0
2872 2915 117137.0
2872 2916 117106.0
2872 2917 117075.0
2872 2918 117044.0
2872 2919 117013.0
2872 2920 116982.0
2872 2926 116797.0
2872 2929 116704.0
2872 2930 116674.0
2872 2931 116643.0
2872 2935 116520.0
2872 2936 116489.0
2872 2938 116428.0
2872 2941 116336.0
2872 2942 116306.0
2872 2943 116275.0
2872 2945 116214.0
2872 2948 116123.0
2872 2949 116092.0
2872 2950 116062.0
2872 2951 116031.0
2872 2962 115698.0
2872 2965 115607.0
2872 2966 115577.0
2872 2967 115547.0
2872 2968 115517.0
2872 2969 115487.0
2872 2970 115457.0
2872 2971 115427.0
2872 2973 115366.0
2872 2977 115246.0
2872 2979 115186.0
2872 835 115156.0
2872 2984 115007.0
2872 2985 114977.0
2872 837 114947.0
2872 2988 114858.0
2872 2990 114798.0
2872 2991 114768.0
2872 2992 114739.0
2872 2993 114709.0
2872 2996 114620.0
2872 2998 114560.0
2872 2999 114531.0
2872 3002 114442.0
2872 3004 114383.0
2872 3006 114324.0
2872 3009 114235.0
1259 1084 114088.0
235 231 114059.0
235 233 114029.0
38 1 114000.0
38 3014 113912.0
38 3020 113649.0
38 1994 113591.0
38 2264 113532.0
38 3022 113503.0
38 3024 113445.0
38 3025 113416.0
38 3028 113300.0
38 149 113155.0
38 3032 113126.0
38 3034 113068.0
38 3035 113040.0
38 3036 113011.0
38 3038 112953.0
38 3041 112867.0
38 3043 112809.0
1475 3044 112752.0
1475 240 112694.0
1475 3046 112666.0
1475 3048 112608.0
1475 3049 112580.0
1475 3050 112551.0
1475 3052 112494.0
1475 3054 112437.0
1475 3057 112351.0
1475 1496 112237.0
1475 3062 112180.0
1475 3065 112095.0
1475 3068 112010.0
1475 3070 111953.0
1475 3073 111869.0
1475 3075 111784.0
1475 3077 111727.0
1475 3078 111699.0
1475 3080 111643.0
1475 3082 111587.0
1475 3083 111559.0
1362 13 111390.0
1362 1380 111362.0
1362 3090 111306.0
1362 3091 111278.0
1362 3092 111250.0
1476 1375 111222.0
1476 1472 111194.0
1476 1473 111166.0
1476 1477 111139.0
1476 3096 111027.0
1476 1486 110971.0
1476 3098 110944.0
1476 1491 110888.0
1476 1648 110805.0
1476 3100 110777.0
1476 3104 110666.0
1476 3105 110639.0
1476 3107 110583.0
1476 1501 110556.0
1476 3108 110528.0
1476 3109 110501.0
1476 3110 110473.0
1476 3111 110446.0
341 5 110418.0
3112 3113 110390.0
3112 3114 110363.0
3112 3116 110308.0
3112 3119 110226.0
3112 3121 110171.0
3112 3122 110143.0
3112 3124 110089.0
3112 3125 110061.0
3112 3126 110034.0
3112 3127 110006.0
3112 3128 109979.0
3112 3129 109952.0
3112 3139 109679.0
3112 3142 109598.0
3112 3143 109571.0
3112 3144 109544.0
3112 3145 109517.0
3112 3146 109490.0
3112 3149 109408.0
3112 3154 109273.0
3112 3155 109246.0
3112 3156 109220.0
3112 3157 109193.0
3160 3161 109085.0
3160 3162 109058.0
3160 3165 108978.0
3160 3166 108951.0
3160 3169 108870.0
3160 3171 108817.0
3160 3172 108790.0
3160 3173 108763.0
3160 3174 108737.0
3160 1883 108630.0
3160 3178 108603.0
3160 3180 108550.0
3160 3181 108524.0
3160 3182 108497.0
3160 3185 108417.0
3160 3187 108364.0
3160 3189 108311.0
3160 3190 108285.0
3160 3193 108205.0
3160 3195 108152.0
3160 3196 108126.0
3160 3197 108100.0
342 339 108047.0
2078 2080 107968.0
2064 2069 107889.0
227 3199 107784.0
227 3200 107758.0
227 3201 107731.0
227 3202 107705.0
227 3205 107627.0
227 1196 107601.0
227 3206 107574.0
227 3207 107548.0
3210 3211 107470.0
3210 3213 107418.0
3210 3214 107392.0
39 1 107366.0
39 1197 107340.0
39 3216 107262.0
39 3217 107236.0
39 3218 107210.0
39 3219 107184.0
39 3221 107132.0
39 3222 107106.0
39 3223 107080.0
39 3224 107028.0
39 3225 107002.0
39 3226 106977.0
39 2482 106951.0
3198 227 106873.0
3198 3228 106822.0
3198 3230 106770.0
3198 3231 106744.0
3198 3232 106719.0
3198 3235 106642.0
3198 3237 106590.0
3198 3242 106462.0
3198 3247 106334.0
3198 3250 106258.0
1477 1375 106232.0
1477 3251 106156.0
1477 1651 106130.0
1477 3253 106080.0
3251 1477 106029.0
1651 1473 106003.0
3013 38 105877.0
3013 3255 105801.0
3013 3256 105775.0
3227 3260 105599.0
3227 3238 105574.0
3227 3261 105498.0
3113 3112 105423.0
3113 3263 105398.0
3113 3264 105373.0
3113 3265 105348.0
3113 3266 105323.0
3113 3268 105272.0
3113 3270 105222.0
3113 3272 105172.0
3229 3198 105147.0
2169 1377 105098.0
3273 3274 105048.0
3273 2071 105023.0
3273 3275 104998.0
3273 3276 104973.0
3273 3277 104948.0
3273 3278 104923.0
3273 3279 104898.0
3273 3280 104874.0
3273 3281 104849.0
3273 3282 104824.0
3273 3283 104799.0
3273 3284 104774.0
3273 3287 104700.0
3273 3288 104675.0
3273 3289 104650.0
3273 3292 104576.0
3273 3293 104552.0
3273 3294 104527.0
3296 1125 104453.0
3296 3298 104428.0
3296 3299 104404.0
3296 3303 104305.0
3296 3304 104281.0
3296 3305 104256.0
3014 3306 104183.0
3014 3307 104158.0
3014 3311 104060.0
3014 3313 104011.0
3014 3315 103962.0
3014 3316 103938.0
3014 3321 103816.0
3014 3322 103792.0
3014 3324 103743.0
3014 3327 103670.0
3014 3330 103598.0
3014 3332 103549.0
3014 3333 103525.0
3014 204 103501.0
3259 3227 103452.0
3259 3335 103428.0
3259 3337 103380.0
41 1 103332.0
41 1265 103308.0
41 3339 103283.0
41 3340 103259.0
41 3341 103235.0
41 3345 103139.0
41 3347 103043.0
41 3348 103019.0
41 1288 102923.0
41 3353 102875.0
41 3355 102828.0
3335 3259 102780.0
3338 3358 102661.0
3252 1477 102613.0
1267 38 102566.0
1193 10 102494.0
1194 10 102423.0
1194 3361 102376.0
1194 3364 102281.0
1194 3371 102116.0
1194 3372 102093.0
1194 3375 102022.0
1194 3378 101952.0
1194 3380 101881.0
1194 3381 101858.0
1194 3384 101788.0
1194 3385 101764.0
1194 3393 101577.0
1194 3394 101554.0
1194 3395 101531.0
1194 3396 101508.0
2817 36 101438.0
2817 1200 101415.0
2817 89 101391.0
3260 3227 101345.0
3260 3399 101299.0
3260 3400 101252.0
3260 3248 101229.0
3231 3198 101183.0
3231 3260 101160.0
3231 3399 101114.0
3233 3231 100929.0
3233 3399 100906.0
3234 3406 100791.0
3399 3260 100768.0
3399 3407 100700.0
3399 3408 100677.0
3399 3402 100654.0
3399 3411 100585.0
3399 3413 100540.0
3399 3414 100517.0
3399 3415 100494.0
3399 3400 100471.0
3399 3417 100426.0
3399 3418 100403.0
3235 3198 100357.0
3235 3421 100312.0
3235 3422 100289.0
3235 3423 100266.0
3235 3424 100244.0
3235 3426 100198.0
3235 3427 100176.0
3235 3430 100108.0
3235 3431 100085.0
3235 3432 100062.0
3235 3434 100017.0
3235 3436 99972.0
3235 3437 99949.4
3235 3439 99904.3
3235 3440 99881.8
3235 3441 99859.3
3235 3442 99836.8
3235 3444 99791.8
3235 3445 99769.3
3235 3446 99746.8
3235 3450 99657.0
3235 3453 99589.8
3235 3454 99567.4
3235 3456 99522.6
3235 3458 99477.9
3235 3460 99433.2
3235 3461 99410.9
3235 3463 99366.3
3235 3467 99277.1
3235 3471 99188.2
3235 3472 99166.0
3235 3473 99143.8
3235 3476 99077.2
3235 3480 98988.6
3235 3481 98966.5
3235 3482 98944.4
3235 3485 98878.1
3235 3486 98856.0
3235 3487 98833.9
3235 3488 98811.9
3235 3489 98789.8
3407 3415 98723.8
3237 3198 98679.8
3491 3492 98657.8
3491 3493 98635.8
3494 3496 98591.9
3494 3499 98526.0
3494 3500 98504.1
3494 3501 98482.2
3494 3502 98460.3
3494 3503 98438.4
3494 3504 98416.5
3494 3506 98372.8
3494 3507 98351.0
3494 962 98285.5
3494 3510 98263.7
3494 3512 98220.1
3494 3514 98176.5
3494 3515 98154.7
3494 3519 98067.8
3494 127 97981.0
3494 3523 97959.3
3494 3524 97937.6
3494 3525 97916.0
3494 3527 97872.7
3494 3528 97851.1
3494 3530 97807.8
3494 3531 97786.2
3494 3532 97764.6
3494 3535 97699.9
3494 3536 97678.4
3494 3538 97635.3
3494 3539 97613.8
3494 3540 97592.3
3494 3542 97527.8
3494 3546 97441.9
3494 3549 97377.6
3494 3550 97356.2
3494 3551 97334.8
3494 3552 97313.4
3494 3556 97227.9
3494 3557 97206.6
3494 3567 96993.7
3494 3568 96972.4
3494 3569 96951.2
3494 3570 96930.0
3297 3296 96908.7
3297 3571 96887.5
3297 3572 96866.3
3297 3573 96845.2
3297 3576 96781.7
355 224 96760.5
355 3577 96739.4
355 356 96718.2
355 3578 96697.1
355 3579 96676.0
355 3581 96612.7
3582 2596 96507.4
3582 3585 96465.4
3582 3587 96402.4
3582 1998 96339.4
3582 3590 96318.5
3582 3591 96297.5
3582 3593 96234.7
3582 3594 96213.8
3582 3595 96192.9
3582 3596 96172.0
3582 3597 96151.2
3582 3598 96130.3
3582 3600 96088.6
3582 3601 96067.7
3582 3604 96005.2
3582 3605 95984.4
3238 3227 95922.0
3238 3240 95880.5
3402 3231 95859.7
3402 3608 95735.4
3409 3412 95694.0
3239 3238 95652.6
3240 3227 95570.1
3240 3232 95528.8
3240 3239 95487.6
3240 3610 95467.0
3610 3240 95405.3
3403 3231 95364.2
3241 3198 95343.7
3241 3612 95323.2
3241 3615 95261.6
3241 3617 95220.7
3241 3618 95200.2
3241 3619 95179.7
3241 3624 95077.5
3241 3626 95036.7
3241 3627 95016.3
3241 3633 94894.1
3241 3634 94873.8
3241 3636 94833.2
3241 3637 94812.9
3241 3641 94731.7
3241 3642 94711.5
3241 3643 94691.2
3241 3646 94630.5
3241 3649 94569.9
3241 3651 94529.5
3241 3652 94509.3
3241 3654 94469.0
3241 3656 94428.7
3241 3660 94348.2
3241 3663 94287.9
3241 3664 94267.8
3241 3666 94227.7
3241 3667 94207.7
3241 3668 94187.6
3241 3670 94147.6
3241 3671 94127.6
43 1 94087.6
43 1083 94047.6
43 47 93987.7
43 49 93967.8
43 3676 93927.9
43 3677 93908.0
43 1263 93888.1
43 3679 93848.3
43 3680 93828.4
43 3682 93788.6
43 3683 93768.8
43 3684 93748.9
43 3685 93729.1
43 3686 93709.2
43 3687 93689.4
43 3688 93669.6
43 3689 93649.8
43 3691 93610.2
3411 3399 93570.6
3412 3399 93550.8
3412 3414 93511.3
3412 3415 93491.6
3412 3693 93471.8
3201 3695 93412.7
3201 3696 93393.0
3201 3697 93373.3
44 3698 93333.9
44 3699 93314.2
44 54 93294.6
44 3700 93255.3
44 77 93235.6
44 3701 93196.4
44 3702 93137.6
44 3703 93118.0
44 3704 93098.4
44 3705 93078.8
2297 24 93000.6
3413 3399 92961.6
3413 3707 92942.1
3413 3708 92922.6
3413 3709 92903.1
1236 12 92864.1
1236 3710 92844.6
1236 3711 92825.2
3707 3413 92786.3
3708 3413 92766.8
3414 3399 92747.4
3414 3713 92708.6
3414 3714 92689.1
3202 3716 92631.0
3203 227 92592.2
3204 227 92572.9
3205 3717 92534.2
3205 3718 92514.8
1237 12 92495.5
3706 2297 92437.6
3722 3724 92360.5
3722 3727 92302.7
3420 3730 92225.8
3420 3731 92206.6
3420 3732 92187.4
3420 3734 92149.0
3420 3736 92110.7
3420 3739 92053.2
3420 3741 91995.9
3420 2378 91976.7
3420 3742 91957.6
3420 3744 91919.5
3420 3746 91881.3
3420 3747 91862.3
3420 3748 91843.2
3420 3750 91805.1
3420 3752 91767.1
3420 3754 91729.0
3420 3755 91710.0
3420 3756 91691.0
3420 3758 91653.1
3420 3759 91634.1
3420 3763 91558.3
3420 3771 91407.1
3420 3774 91350.5
3420 3776 91312.9
3420 3782 91200.0
3420 3785 91143.7
3420 3787 91106.2
3420 3788 91087.4
3420 3789 91068.7
3420 3790 91050.0
3420 3791 91031.3
3420 3794 90975.2
3420 3795 90956.5
3420 3796 90937.8
3420 3797 90919.1
3420 3798 90900.4
3420 3800 90863.1
3420 3801 90844.5
3420 3802 90825.9
3420 3803 90807.2
3420 3805 90770.0
3420 3807 90732.8
3420 3808 90714.2
3420 3809 90695.6
3420 3810 90677.1
3420 3812 90639.9
3420 3820 90491.7
3420 3824 90417.8
3420 3826 90380.9
3420 3829 90325.6
3420 3830 90307.2
3420 3832 90270.3
3420 3835 90215.2
3420 3837 90178.4
3420 3838 90160.1
3420 3840 90123.4
3420 3841 90105.0
3420 3842 90086.7
3420 3843 90068.4
3420 3844 90050.0
3420 3847 89995.1
3420 3849 89958.6
3420 3850 89940.3
3420 3851 89922.0
3420 3852 89903.8
3420 3854 89867.3
3420 3855 89849.0
3420 3856 89830.8
3420 3861 89739.8
3420 3863 89703.4
3420 3865 89667.1
3420 3866 89648.9
3420 3867 89630.8
3420 3870 89576.4
3420 3875 89485.9
3420 3876 89467.8
3420 3879 89413.6
3420 3881 89377.5
3420 3882 89359.4
3420 3883 89341.4
3420 3887 89269.4
3420 3891 89197.4
3420 3892 89179.5
3420 3893 89161.5
3420 3894 89143.6
3420 3895 89125.6
3420 3898 89071.8
3420 3901 89018.1
3420 3902 89000.2
3420 3905 88946.6
3420 3906 88928.7
3420 3910 88857.3
3420 3912 88821.7
3420 3913 88803.9
3422 3235 88768.3
3424 3235 88732.7
3424 3915 88697.1
3424 3455 88679.4
3424 3916 88661.6
3424 3919 88608.4
3424 3923 88537.5
3424 3924 88519.8
3424 3926 88484.4
3424 3930 88413.7
3424 3931 88396.1
3424 3933 88360.8
3424 3935 88325.6
3424 3939 88255.1
3424 3940 88237.6
3424 3943 88184.8
3424 3945 88132.2
3424 3946 88114.6
3424 3947 88097.1
3424 3948 88079.6
3424 3956 87939.6
3424 3958 87904.7
3424 3960 87869.8
3424 3961 87852.4
3424 3964 87800.1
3424 3965 87782.7
3424 3967 87747.9
3424 3969 87713.2
3424 3970 87695.8
3424 3974 87626.4
3424 3976 87591.7
3424 3977 87574.4
3424 3980 87522.4
3424 3981 87505.1
3424 3983 87470.6
3424 3986 87418.8
3424 3990 87349.8
3424 3993 87298.1
3424 3995 87263.7
3424 3996 87246.5
3424 3997 87229.3
3425 3235 87195.0
3999 4001 87143.5
3999 4002 87126.3
3571 3297 87006.5
45 4009 86972.3
1268 1265 86955.2
3426 4011 86904.0
3426 4013 86869.9
3426 4015 86835.9
3426 4016 86818.8
3426 4023 86699.8
3426 4024 86682.9
3426 4026 86648.9
3426 4028 86615.0
3426 4030 86581.2
3426 4033 86513.5
3426 4034 86496.6
3426 4036 86462.8
3426 4037 86445.9
3426 4040 86395.3
3426 4043 86344.8
3426 4044 86328.0
3426 4046 86294.3
3426 4047 86277.5
3426 4050 86227.1
3426 4054 86160.0
3426 4055 86143.2
3426 4056 86126.4
3426 4057 86109.7
3426 4058 86093.0
3426 4059 86076.2
3426 4060 86059.5
3426 4062 86026.0
3426 4063 86009.3
3426 4065 85975.9
3426 4066 85959.2
3426 4067 85942.6
3426 4068 85925.9
3426 3486 85909.2
3426 4070 85875.9
3426 4071 85859.2
3426 4073 85825.9
3426 4074 85809.3
3426 4075 85792.7
3426 4077 85759.5
3426 4078 85742.8
3426 4080 85709.7
3426 4083 85659.9
3426 4087 85593.7
3426 4088 85577.1
4090 4092 85511.0
4090 4097 85428.5
4090 4100 85379.1
4090 4103 85329.7
4090 4107 85264.0
4090 4110 85198.4
4090 4112 85165.6
4090 4115 85116.5
4090 4118 85067.4
3698 44 85018.4
3698 4120 85002.1
3243 3198 84985.8
1393 1372 84953.2
1393 1388 84904.3
1393 4121 84839.3
1393 4125 84774.3
1393 4126 84758.1
1393 4127 84725.6
1393 4128 84709.4
1393 4129 84693.2
1393 4131 84660.8
1393 4132 84644.6
1393 4134 84596.1
1393 4135 84580.0
1394 1101 84499.2
1394 4139 84450.9
1394 4141 84402.6
1394 4143 84370.4
3673 43 84290.1
4121 1393 84194.0
4122 1393 84162.0
4122 4148 84114.0
4122 4149 84098.0
4122 4150 84082.0
4122 4154 84018.2
4122 4155 84002.3
4122 4158 83954.5
206 2 83922.7
206 4159 83906.8
206 4161 83875.0
206 4162 83859.1
206 4163 83843.2
206 4170 83732.2
206 4171 83716.4
206 4172 83700.6
206 4174 83668.9
206 4175 83653.1
206 4178 83605.8
206 4180 83574.2
46 4181 83542.7
46 4182 83526.9
46 4184 83495.4
4181 46 83448.2
3674 4188 83401.0
3674 4189 83385.3
3573 3297 83369.6
207 2 83353.9
47 7 83322.6
47 1086 83259.9
47 43 83244.2
47 4191 83134.8
47 4192 83119.2
47 4196 83056.8
47 4197 83041.3
48 7 83010.1
48 8 82994.6
48 1085 82963.5
49 1 82947.9
49 43 82932.4
49 47 82901.3
49 3675 82885.8
49 4199 82854.8
49 4200 82823.8
4123 1393 82792.8
4123 1394 82777.4
4123 4124 82761.9
4123 4207 82669.2
4123 4209 82638.3
4123 4210 82622.9
4123 4211 82592.1
4123 4213 82561.3
4123 4214 82545.9
4123 4218 82484.4
4123 4220 82453.6
4123 4222 82422.9
4123 4224 82392.3
4123 4225 82376.9
4123 4227 82346.3
4123 4229 82315.7
4123 4230 82300.4
4123 4231 82285.1
4123 4232 82269.8
4123 4233 82254.5
4123 4235 82224.0
4123 4237 82193.4
4123 4239 82162.9
4123 4240 82147.7
4123 4242 82117.2
4123 4245 82071.6
4123 4246 82056.3
4123 4249 82010.8
4123 4251 81980.4
4123 4252 81965.2
4123 4253 81950.0
4123 4254 81934.9
208 2 81889.4
3675 4257 81844.0
3675 4259 81813.8
3675 4261 81783.5
3675 4262 81768.4
4258 3675 81708.1
1269 4263 81677.9
1269 4265 81647.8
1269 4272 81542.6
1269 4273 81527.5
1269 4275 81497.5
1269 4276 81482.5
1269 4278 81452.5
1269 4280 81422.6
1269 4282 81392.7
1269 4284 81362.7
1269 4286 81332.9
1269 4287 81317.9
1269 4288 81303.0
1269 4289 81288.1
1269 4290 81273.1
1269 4293 81228.4
1269 4298 81154.0
1269 4299 81139.1
1269 3546 81094.5
1269 4302 81079.7
1269 4304 81050.0
1269 4305 81035.1
1269 4306 81020.3
1269 4307 81005.5
1269 4310 80961.1
1269 4311 80946.3
1269 4312 80931.5
1269 4314 80901.9
1269 4315 80887.1
1269 4316 80872.3
3676 43 80857.6
210 2 80828.1
3415 3399 80798.6
3415 3402 80769.1
3415 3413 80739.6
3415 4317 80724.9
3415 4318 80710.2
3415 4320 80680.8
3415 4321 80666.1
3699 44 80651.4
3699 4322 80636.7
3699 4325 80592.7
3677 43 80563.3
1263 1256 80534.0
1263 43 80519.4
1263 3677 80504.7
1238 12 80460.9
1239 12 80446.2
3428 3235 80417.0
50 99 80373.2
3400 4330 80285.8
3429 4331 80256.7
3429 4333 80227.6
3678 4335 80126.0
3432 3235 80097.0
3432 4337 80082.5
3611 4338 80053.5
1110 1083 80039.1
1110 4339 80024.6
51 1 79981.2
51 54 79937.9
4198 49 79880.2
4259 3675 79865.8
52 4342 79822.6
52 4343 79808.2
52 237 79793.8
52 4348 79722.0
52 4349 79707.7
52 4352 79664.6
4124 1393 79578.7
4124 4123 79564.4
4124 4203 79507.3
4124 4360 79478.7
4124 4361 79464.5
4124 4362 79450.2
4124 4363 79436.0
4124 4364 79421.7
4124 4368 79336.3
4124 4370 79307.9
4124 4373 79251.1
4124 4378 79180.3
4124 4379 79166.1
4124 4381 79123.7
4124 4385 79053.0
4124 4387 79024.8
4124 4388 79010.7
4124 4391 78968.4
4124 4393 78940.3
4124 4394 78912.1
4124 4396 78884.0
4124 4398 78855.9
4124 4399 78841.9
4124 4401 78813.8
4124 4402 78799.8
4124 4404 78771.8
4124 4405 78757.7
4124 4409 78701.8
4124 4226 78673.8
4124 4412 78631.9
4124 4413 78617.9
4124 4414 78604.0
4124 4417 78562.1
4124 4418 78548.2
4124 4419 78534.2
4124 4421 78506.4
4124 4423 78478.6
4124 4424 78464.7
4124 4425 78450.8
4124 4428 78409.1
4124 4429 78395.2
4124 4430 78381.3
4124 4434 78325.9
4124 4436 78298.2
4124 4438 78270.5
4124 4439 78256.6
4124 4440 78242.8
4124 4441 78229.0
4124 4442 78215.2
4124 4443 78201.4
4124 4444 78187.5
4124 4445 78173.7
4124 4446 78159.9
4124 4447 78146.1
4124 4450 78091.0
4124 4452 78049.7
4124 4453 78036.0
4124 4456 77994.7
4124 4255 77967.3
4124 4458 77939.8
3680 4461 77885.0
53 4462 77857.6
4202 4123 77843.9
3681 43 77830.2
1581 4463 77775.5
1582 1376 77761.9
1395 1101 77748.2
1395 1376 77734.6
1395 4464 77680.0
1395 4465 77652.8
1395 4467 77625.5
3248 3198 77598.3
3248 3260 77584.7
1396 1101 77571.1
1396 1376 77557.6
1396 1395 77544.0
1396 1583 77530.4
1396 1400 77516.8
2643 4474 77394.9
2643 4477 77354.3
2643 4480 77313.8
2643 4481 77300.3
1583 1842 77259.8
1583 1395 77246.3
1583 4483 77205.9
1583 4464 77165.6
1583 4489 77071.6
1583 4494 77004.5
1583 4495 76991.1
1583 4496 76977.8
1583 4498 76951.0
1583 4499 76937.6
1583 4502 76897.5
1583 4503 76884.2
1583 4506 76844.2
1583 4511 76777.5
1583 4514 76724.3
1583 4521 76618.1
1583 2329 76604.9
1583 4524 76565.1
1583 4526 76538.6
1583 4529 76499.0
1583 4530 76485.8
1583 4531 76472.5
1583 4534 76432.9
1583 1439 76406.6
1583 4540 76340.7
1583 4544 76288.1
1583 4545 76274.9
1583 4546 76261.8
1583 4547 76248.7
1583 4548 76235.5
1583 4549 76222.4
1583 4550 76209.3
1583 4551 76196.2
1583 4554 76156.9
1583 4556 76130.7
1583 4558 76104.5
1583 4559 76091.4
1583 4561 76065.3
1583 4564 76026.1
1583 4565 76013.1
1583 4570 75947.9
1583 4571 75934.8
1583 4467 75921.8
1583 4572 75908.8
1583 4575 75869.8
1583 4576 75856.8
1583 4577 75843.8
1583 4579 75817.8
1583 4468 75804.8
1583 4580 75791.9
4581 4583 75765.9
4581 4584 75753.0
4581 4586 75727.0
4581 4588 75701.2
4581 4589 75688.2
4581 4590 75675.3
4581 4591 75662.3
4581 4592 75649.4
4581 4593 75636.5
4581 4595 75610.7
4581 4597 75584.9
4581 4598 75572.0
4581 4600 75546.2
4581 4601 75533.3
4581 4604 75494.6
4581 4605 75481.8
4581 4608 75443.2
4581 4609 75430.3
4581 4610 75417.5
4581 4612 75391.8
4581 4613 75379.0
4614 4615 75353.3
4614 4617 75327.7
4614 4620 75289.2
4614 4624 75238.1
4614 4625 75225.3
4614 4626 75212.5
4614 4627 75199.7
4614 4628 75187.0
4614 4629 75174.2
4614 4631 75148.7
4614 4633 75123.2
4614 4634 75110.4
4614 4635 75097.7
4614 4636 75085.0
4614 4637 75072.2
3683 43 75059.5
1445 1374 75046.8
1445 1376 75034.1
3435 3235 75021.4
4356 4124 75008.6
4356 4359 74970.5
4356 4205 74957.9
4356 937 74932.5
4356 4639 74919.8
4356 4641 74894.5
4356 4642 74881.8
4356 4643 74856.5
4356 4645 74831.2
4356 4647 74805.9
4356 4649 74780.6
4356 4650 74768.0
4356 4651 74755.4
4356 4652 74742.8
4356 4655 74692.3
4356 4659 74642.0
4356 4663 74591.7
4356 4665 74566.5
4356 4670 74503.8
4356 4671 74491.3
4356 4676 74428.7
4356 4677 74416.1
4356 4679 74391.1
4356 4680 74378.6
4356 4681 74366.2
4356 4682 74353.7
1584 1376 74328.7
1584 4685 74303.8
1584 4686 74291.3
4125 1393 74278.8
4125 4687 74266.4
4125 4688 74253.9
4125 4689 74241.5
4182 46 74229.0
4687 4125 74216.6
4687 4690 74204.1
4687 4692 74179.3
4687 4693 74166.8
4687 4688 74154.4
4687 4694 74142.0
4687 4695 74129.6
4357 4358 74104.8
4357 4205 74080.0
4357 4364 74067.6
4357 4696 74055.2
4357 4697 74042.8
4357 4699 74018.1
4357 4250 73981.0
4357 4251 73968.6
4357 4453 73956.2
4357 4455 73943.9
2357 38 73882.2
2357 4703 73869.9
2357 4705 73845.2
2357 4706 73832.9
3684 43 73820.6
3684 3679 73808.3
3401 3260 73796.0
4358 4203 73746.8
4358 4707 73734.6
4358 4708 73722.3
4358 4710 73661.0
4358 4208 73648.7
4358 4209 73636.5
4358 4712 73612.0
4358 4713 73587.5
4358 4714 73575.3
4358 4715 73563.1
4358 4717 73538.6
4358 4719 73514.2
4358 4722 73477.6
4358 4724 73453.2
4358 4726 73428.9
4358 4422 73380.2
4358 4731 73343.7
4358 4250 73331.6
4358 4251 73319.4
4358 4732 73307.3
4358 4453 73295.2
4358 4734 73258.8
4358 4736 73222.4
4203 4124 73198.2
4203 4358 73186.1
4203 4737 73174.0
4203 4740 73137.8
4203 4745 73077.4
4203 4204 73065.4
4203 4362 73053.3
4203 4746 73041.3
4203 4208 73029.2
4203 4209 73017.2
4203 4368 72981.1
4203 4213 72969.0
4203 4747 72957.0
4203 4748 72945.0
4203 4718 72933.0
4203 4749 72921.0
4203 4726 72896.9
4203 4751 72884.9
4203 4226 72861.0
4203 4752 72837.0
4203 4753 72825.0
4203 4755 72801.1
4203 4759 72753.2
4203 4762 72705.4
4203 4250 72681.6
4203 4764 72657.7
4203 4767 72610.0
4203 4256 72598.1
4737 4203 72562.4
4737 4770 72550.6
4737 4774 72503.0
4737 4775 72491.2
4737 4776 72479.3
4737 4783 72396.3
4738 4786 72337.2
4738 4787 72325.4
4738 4788 72313.6
4738 4789 72301.8
4738 4790 72290.0
4738 4792 72266.4
4738 4793 72254.6
4738 4796 72219.2
4738 4799 72183.9
4126 1393 72148.6
54 5 72101.6
54 333 72078.1
54 2670 72066.4
54 44 72043.0
54 3016 72019.5
54 1196 72007.8
54 69 71996.1
54 90 71925.9
54 4804 71867.6
54 4806 71844.2
54 101 71820.9
54 106 71809.3
54 4808 71797.6
54 4809 71786.0
54 4811 71762.7
54 4814 71716.2
54 120 71693.0
54 4817 71669.8
54 4818 71658.2
54 4823 71600.3
54 4824 71588.7
54 4825 71577.1
54 4341 71565.6
54 4827 71542.4
54 348 71530.9
54 1877 71496.2
54 4832 71461.6
54 4833 71450.1
54 4834 71438.5
54 173 71427.0
54 4835 71415.5
54 4838 71381.0
54 4839 71369.4
54 4842 71335.0
4740 4203 71266.1
4740 4764 71231.7
4741 4742 71197.3
4742 4203 71174.4
4743 4203 71151.5
4743 4847 71140.1
4743 4851 71094.4
4743 4855 71048.8
4743 4856 71037.4
4743 4857 71026.0
4743 4251 71003.2
4743 4765 70991.8
1195 10 70969.1
1195 4859 70923.6
1195 4864 70844.2
1195 4865 70832.8
1195 4866 70821.5
1195 4867 70810.2
1195 2855 70798.9
1195 4868 70776.2
1195 4870 70753.6
1195 4872 70697.1
1195 4878 70629.5
1195 4879 70618.2
1195 4880 70606.9
3340 41 70584.4
3340 4881 70573.2
1397 1376 70550.7
4744 4203 70528.2
4744 4749 70517.0
4744 4755 70505.7
4707 4729 70449.7
4707 4885 70427.2
4707 4732 70393.6
4707 4887 70382.5
4881 3340 70360.1
4708 4889 70326.6
4708 4890 70315.4
4708 4891 70304.2
4708 4894 70270.8
4708 4895 70259.6
4708 4897 70237.3
4708 4899 70215.0
4708 4714 70181.7
4708 4902 70170.5
4708 4903 70159.4
4708 4904 70148.3
4708 4906 70126.1
4708 4912 70059.5
4708 4913 70048.4
4708 4914 70037.3
4708 4915 70026.3
4708 4916 70015.2
4708 4918 69993.1
4708 4922 69948.8
4708 4925 69915.7
4708 4927 69893.6
4708 4928 69882.6
4708 4929 69849.5
4708 4930 69838.5
4708 4931 69827.5
4708 4937 69761.5
4708 4939 69739.5
4708 4940 69728.5
4708 4941 69717.5
4708 4943 69695.6
4708 4944 69684.6
4708 4945 69673.7
4708 4947 69651.7
4708 4948 69640.8
4708 4951 69607.9
4708 4952 69597.0
4888 4923 69553.3
4888 4954 69542.3
4888 4955 69531.4
4888 4956 69520.5
55 1 69498.7
55 44 69487.8
55 2358 69476.9
55 86 69466.0
55 3701 69455.1
3607 3402 69444.2
3685 43 69433.3
4957 4958 69400.6
4957 4959 69389.8
4957 4960 69378.9
4957 4961 69368.0
4957 4963 69346.3
4957 2385 69335.4
4957 4964 69324.6
4957 4965 69313.7
4957 4967 69292.0
4957 4969 69270.3
4957 4970 69259.5
2818 36 69216.2
1480 1375 69205.4
1480 4974 69194.6
1480 4976 69162.1
1480 4977 69151.3
4469 2643 69129.8
4470 2643 69108.2
4471 2643 69097.4
2301 1842 69086.6
2301 2312 69075.8
2301 4979 69065.1
2301 4661 69043.5
2301 4982 69022.0
2301 4983 69011.2
4472 2643 68989.7
3686 43 68914.6
3687 43 68828.9
3687 4992 68818.2
3687 4993 68807.5
4199 49 68796.8
4327 1263 68775.4
4327 4994 68764.7
4327 4996 68743.4
4327 4997 68732.7
4327 4998 68722.0
1399 1101 68711.4
1399 1388 68679.4
3249 3198 68668.7
3249 3240 68658.1
211 2 68647.5
4091 4090 68636.8
4091 5002 68594.3
4091 5004 68573.0
4091 626 68562.4
4091 5006 68541.2
4091 4110 68530.6
4091 5008 68498.8
4091 5009 68488.2
4091 5010 68477.6
1400 1376 68435.2
1400 1395 68424.7
1400 4464 68393.0
1400 1439 68371.8
4483 1583 68361.3
4473 2643 68350.7
2358 25 68340.2
2358 3701 68308.6
2358 106 68298.0
2358 3255 68287.5
2358 5013 68277.0
2358 5014 68266.4
2358 2607 68245.4
2358 5015 68234.9
2358 2616 68213.8
2358 5016 68203.3
2358 1078 68192.8
2358 1233 68182.3
4474 2643 68161.3
1401 5019 68108.9
1401 5021 68088.0
1401 5022 68077.5
1401 5023 68067.0
4991 1398 68056.6
4991 5027 68014.8
4991 5029 67993.9
5024 5027 67941.7
5024 5028 67931.3
5032 5024 67910.4
1586 1583 67868.8
1586 1432 67858.4
1586 5034 67848.0
1586 5036 67827.2
1586 5038 67806.4
1586 5039 67796.1
1586 5040 67775.3
1586 5041 67764.9
1586 5042 67754.6
1586 5043 67733.8
1586 4497 67723.5
1586 5044 67713.1
1586 4499 67702.8
1586 5045 67692.4
1586 4505 67682.1
1586 4506 67671.7
1586 4516 67651.0
1586 5046 67640.7
1586 5047 67630.4
1586 5049 67589.1
1586 5052 67537.5
1586 5055 67506.6
5026 4991 67475.8
5026 5027 67465.5
4464 1395 67444.9
4464 1396 67434.7
4464 1400 67414.1
4464 5058 67393.6
4464 4554 67383.4
4464 5061 67352.6
4464 5063 67332.1
4464 5064 67321.9
4464 5066 67281.0
4464 4577 67260.5
4464 5069 67240.1
4709 4902 67158.5
4709 5077 67138.1
4709 4910 67117.8
4709 5079 67107.6
4709 5080 67097.4
4709 5081 67087.3
4709 4925 67056.8
4709 5084 67046.6
4709 5088 67006.1
4709 5090 66985.8
4709 5091 66975.7
4709 5092 66965.5
4709 5096 66925.0
4709 5098 66904.8
4709 5099 66894.7
4709 5101 66874.5
4709 5107 66814.0
4709 5109 66793.8
4709 5110 66783.7
4709 5111 66763.6
4475 2643 66753.5
3608 3402 66743.5
3341 41 66733.4
3341 5112 66713.3
3341 5116 66673.1
3341 5117 66663.1
3341 3348 66653.0
3341 5118 66633.0
3341 3350 66622.9
3341 5122 66582.9
3341 5123 66572.9
3341 5127 66532.8
3341 5128 66522.8
3341 5129 66512.9
3341 5130 66502.9
3713 3414 66492.9
3343 41 66462.9
5131 5132 66443.0
5131 5133 66433.0
5131 5136 66403.1
5131 5137 66393.2
5131 5140 66363.3
5027 4991 66273.9
5027 5026 66254.1
3344 5144 66214.5
3015 5145 66155.1
4188 3674 66145.2
5028 4991 66135.3
57 3013 66086.0
57 3020 66076.1
57 5146 66066.3
57 5148 66046.5
57 3032 66017.0
57 5151 66007.2
5153 2257 65987.5
5153 5154 65977.7
5153 5156 65958.0
4265 5158 65928.5
4265 5164 65869.7
4189 3674 65850.1
4189 5166 65840.3
4189 5167 65830.5
4189 5168 65820.7
5169 5170 65810.9
5169 5166 65801.2
5169 5171 65791.4
5169 5172 65781.6
5169 5176 65742.5
5169 5178 65723.0
5169 5181 65693.8
5169 5188 65615.9
5169 5191 65586.7
5169 5192 65577.0
5169 5193 65567.3
5169 5194 65557.6
5169 5197 65528.5
5169 5198 65518.8
5169 5200 65499.4
5201 5202 65489.7
5201 5204 65470.4
5201 5210 65412.3
5201 5215 65364.0
5201 5217 65344.8
5201 5219 65325.5
5201 5220 65315.8
5201 5221 65306.2
5029 4991 65286.9
3689 47 65267.7
5223 5225 65238.8
5223 5227 65219.6
5223 5228 65210.0
5223 5229 65200.4
5223 5230 65190.8
5223 5233 65162.0
5223 5234 65152.5
4200 49 65133.3
2819 2826 65114.1
4339 5237 65056.7
4339 5238 65047.2
236 1084 64999.4
236 47 64970.8
236 4343 64961.3
236 2162 64942.2
236 5242 64913.7
236 5245 64875.6
236 5246 64856.6
236 5247 64837.6
236 1090 64809.1
236 5250 64790.2
236 5251 64780.7
236 5254 64752.3
3016 41 64733.3
3016 3015 64714.4
3016 3017 64705.0
3016 3019 64686.1
3016 5256 64676.6
3016 5260 64638.8
3016 5261 64629.4
3016 5263 64610.5
4987 4472 64582.3
4092 4090 64563.4
4092 5264 64544.6
4092 5267 64516.4
4092 5268 64507.0
4092 5269 64497.6
4092 5273 64460.0
4092 5276 64431.9
4092 5281 64385.1
4092 5282 64375.7
4092 5284 64357.0
4092 5286 64338.3
4092 5287 64328.9
4092 5288 64319.6
3017 38 64310.2
3018 5289 64272.9
3018 5291 64254.3
3018 5292 64244.9
3018 149 64217.0
3018 5298 64170.4
4093 5299 64133.3
4093 5302 64105.4
4093 5303 64096.1
4093 5268 64077.6
4093 5307 64049.8
4093 5270 64040.5
4093 5308 64031.2
4093 5309 64022.0
4093 5276 63985.0
4093 5279 63957.3
4093 5313 63948.0
4093 5314 63938.8
4093 5315 63929.5
4093 5283 63920.3
4093 5316 63911.1
4093 5317 63901.9
4093 5319 63874.2
4093 5321 63855.8
4093 5323 63837.4
4093 5324 63819.0
4093 5325 63809.8
4093 5326 63800.6
5264 4093 63782.2
5264 5271 63754.7
5264 5329 63727.1
5264 5331 63708.8
5264 5333 63690.5
5264 5276 63681.3
5264 5334 63672.1
5264 5335 63663.0
5264 5336 63653.8
4261 3675 63626.4
4261 5339 63617.2
3714 5341 63589.8
3714 5343 63571.6
5340 3714 63562.5
2696 1266 63544.2
2696 2698 63526.0
2696 2725 63471.3
2696 5345 63462.2
2696 5347 63444.1
2696 2727 63425.9
2696 5351 63389.6
2696 5356 63344.2
2696 5357 63335.2
2696 5358 63317.0
2696 5359 63308.0
2696 5361 63289.9
2696 5362 63280.8
2696 5364 63262.8
2696 2751 63253.7
2696 2760 63235.7
2696 5366 63226.6
2696 2763 63217.6
2696 5367 63208.6
2696 2764 63199.6
2696 5369 63181.5
2696 5371 63136.5
2696 5373 63118.5
2696 5374 63109.5
2696 5375 63100.5
2696 5376 63091.5
2696 5378 63073.5
2696 5379 63064.5
2696 5380 63055.5
2696 2801 63037.6
2696 5382 63028.6
2696 5384 63010.7
2696 5386 62992.8
5299 4093 62983.8
2503 2201 62974.8
5339 4261 62965.9
5339 5388 62948.0
5301 5303 62921.1
5301 5271 62903.3
5302 4093 62867.5
5302 5323 62831.9
5302 5392 62822.9
5302 5393 62814.0
5302 5394 62805.1
5387 5339 62787.3
3416 3399 62760.6
4204 4123 62751.7
4204 4358 62725.0
4204 4203 62716.2
4204 4361 62698.4
4204 4365 62671.8
4204 4208 62662.9
4204 4368 62645.2
4204 4369 62636.3
4204 4370 62627.4
4204 4375 62618.6
4204 4379 62609.7
4204 5396 62600.9
4204 5399 62556.7
4204 4430 62539.0
4204 4431 62530.2
4204 4247 62503.7
4204 4449 62486.0
4204 4453 62459.6
4204 4256 62442.0
4999 5403 62424.4
4999 5404 62415.6
4999 5405 62406.8
4999 5406 62398.0
4999 5407 62389.2
4999 5408 62380.4
4999 5410 62362.8
4999 5411 62354.0
4999 5412 62345.3
4999 5414 62327.7
4999 5415 62318.9
4999 626 62301.4
4999 5419 62275.1
4999 5421 62257.6
4999 5424 62231.4
4999 5425 62222.6
4999 5427 62205.1
4999 5429 62187.6
4999 5432 62161.5
4999 5433 62152.7
4999 5436 62126.6
4999 5437 62117.9
4999 5438 62109.1
4999 5439 62100.4
4999 5442 62074.3
5403 5404 62039.5
5403 5405 62030.8
5403 5446 62013.5
5403 5447 62004.8
5403 5407 61996.1
5403 5448 61978.7
5403 5449 61970.1
5403 389 61961.4
5403 5451 61944.0
5403 5453 61926.7
5403 5454 61918.1
5403 5455 61909.4
5403 5412 61892.1
5403 5457 61883.4
5403 5458 61874.8
5403 5413 61866.2
5403 5459 61848.9
5403 5460 61840.2
5403 5465 61797.1
5403 5466 61779.8
5403 5420 61771.2
5403 5467 61762.6
5403 5468 61745.4
5403 5469 61736.8
5403 5471 61719.6
5403 5472 61710.9
5403 5474 61693.8
5403 5424 61676.6
5403 5477 61650.8
5403 5478 61642.2
5403 5479 61633.6
5403 5480 61625.1
5403 5426 61616.5
5403 5484 61565.1
5403 5488 61530.9
5403 5432 61522.3
5403 5493 61479.6
5403 5434 61471.1
5403 5495 61445.5
5403 5436 61436.9
5403 5498 61411.4
5403 5499 61402.9
5403 5500 61394.4
5403 5501 61385.8
5403 5502 61377.3
5403 5506 61326.3
5403 5507 61317.8
5403 5442 61266.9
5403 5514 61250.0
5403 5515 61241.5
5403 5517 61224.6
5403 5518 61216.1
5403 5519 61207.6
4359 4124 61156.9
4359 4356 61148.5
4359 4204 61140.0
4359 3495 61123.1
4359 5526 61114.7
4359 5527 61106.3
4359 4379 61081.0
4359 5532 61047.3
4359 5534 61030.5
4359 5535 61022.1
4359 5536 61013.7
4010 3426 61005.2
4010 5537 60996.8
4011 5538 60954.9
4011 5542 60912.9
4011 5543 60904.5
4011 5544 60896.2
4011 5545 60887.8
4012 4018 60871.1
4013 4027 60829.2
4014 5537 60795.8
4014 4044 60787.5
4014 5547 60779.1
4015 5548 60754.1
4015 5550 60729.1
4015 5551 60720.8
4015 5552 60712.5
4015 5556 60679.2
4015 5557 60670.9
4015 5558 60662.6
4015 5564 60612.7
4015 5566 60596.1
4015 5568 60579.6
4015 5570 60563.0
4015 5571 60554.7
4015 5572 60546.4
4015 5574 60529.9
4015 5577 60505.1
4015 5580 60480.3
4015 5583 60455.5
4015 5586 60430.7
4015 5587 60422.5
4015 5589 60406.0
4015 5590 60397.8
4015 5593 60373.1
4015 5594 60364.8
4015 5596 60348.4
4015 5597 60340.2
4015 5599 60323.7
4015 5601 60307.3
4015 5602 60299.1
4015 5603 60290.9
4015 5608 60249.8
4015 5611 60225.3
4015 5614 60200.7
4015 5615 60192.5
4015 5622 60135.3
4015 5629 60078.2
4015 5633 60045.6
4015 5634 60037.4
4015 5635 60029.3
4015 5636 60021.2
4015 5641 59980.5
4015 5642 59972.4
4015 5645 59948.0
4015 5646 59939.9
4015 5648 59923.7
4015 5649 59915.6
4015 5650 59907.5
4015 5651 59899.4
4015 5652 59891.3
4015 5657 59850.8
4015 5660 59826.5
4015 5661 59818.4
4015 5662 59810.4
4015 5666 59778.1
4015 5667 59770.0
4015 5669 59753.9
4015 5670 59745.8
4015 5671 59737.7
4015 5674 59713.6
4015 5677 59689.4
4015 5678 59681.4
4015 5680 59665.3
4015 5682 59649.2
4015 5684 59633.1
4015 5691 59577.0
4015 5692 59569.0
4015 5694 59552.9
4015 5695 59544.9
4015 5697 59528.9
4015 5698 59520.9
4015 5699 59512.9
4015 5700 59504.9
4015 5703 59480.9
4015 5704 59472.9
4015 5705 59465.0
4015 5706 59457.0
4015 5707 59449.0
4015 5712 59409.1
4015 5713 59401.1
4015 5717 59369.3
4015 5719 59353.4
4015 5720 59345.4
4015 5723 59321.6
4015 5724 59313.6
4015 5727 59289.8
4015 5728 59281.8
4015 5730 59266.0
4015 5732 59250.1
4015 5734 59234.3
4015 5736 59218.4
4015 5737 59210.5
4015 5738 59202.6
4015 5739 59194.7
4015 5743 59163.0
4015 5744 59155.1
4015 5746 59139.3
4015 5747 59131.4
4015 5748 59123.5
4015 5751 59099.8
4015 5752 59092.0
4015 5754 59076.2
4016 5756 59036.8
4016 5758 59021.1
4017 3426 59013.2
5303 4093 58997.5
5760 4361 58973.9
5760 4364 58966.0
5760 4369 58958.2
5760 5761 58950.3
5760 5762 58942.5
5760 5763 58919.0
5760 5764 58911.1
5760 5765 58903.3
5760 5766 58895.5
5760 5767 58887.6
5760 5768 58879.8
5760 5770 58864.1
5760 5773 58840.7
5760 5774 58832.9
5341 3714 58825.0
4018 4012 58809.4
4019 3426 58801.6
4019 4016 58793.8
4019 5775 58786.0
4020 3426 58770.4
5267 4092 58762.6
5267 5264 58754.8
5267 5270 58747.0
5267 5327 58731.4
5267 5329 58723.6
5267 5776 58708.0
5267 5331 58700.3
5267 5778 58676.9
5267 5333 58669.1
5267 5334 58630.3
5267 5782 58614.8
5267 5336 58607.0
5267 5785 58583.8
5267 5787 58560.5
5304 4093 58537.3
5304 5324 58529.6
4094 4090 58521.8
4094 5790 58514.1
5791 5793 58498.6
5791 5794 58490.9
5791 5795 58483.2
5791 5798 58460.0
5791 5799 58452.3
5791 5800 58444.6
5791 5802 58429.1
5791 5804 58413.7
5791 5805 58406.0
5791 5807 58390.6
5791 5809 58375.2
5791 5813 58344.5
5791 5814 58336.8
5791 5815 58329.1
5791 5817 58313.7
5791 5818 58306.0
5791 5821 58283.0
5791 5823 58267.7
4990 4472 58229.4
5828 5831 58206.4
5828 5832 58198.7
5828 5834 58175.8
5828 5835 58168.2
5828 5837 58152.9
5828 5838 58145.2
5828 5845 58091.8
5828 5846 58084.2
5828 5848 58069.0
5828 5850 58053.8
5828 5851 58046.2
5828 5853 58030.9
5828 5854 58023.3
5828 5856 58008.1
5828 5857 58000.5
5828 5859 57985.3
5828 5860 57977.7
5861 5862 57970.2
5861 5863 57962.6
5861 5865 57947.4
5268 4092 57939.8
5268 5866 57924.7
5268 5869 57901.9
5268 5870 57894.4
5268 5871 57886.8
5268 5873 57871.7
5268 5875 57856.5
5268 5876 57849.0
5268 5877 57841.4
5268 5879 57826.3
5268 5882 57803.7
5268 5883 57796.1
5268 5884 57788.6
5268 5888 57758.4
5268 5889 57750.9
5268 5890 57735.8
5268 5894 57705.7
5268 5895 57698.2
5268 5896 57690.7
5268 5897 57683.2
5268 5898 57675.7
5268 5899 57668.2
5268 5901 57653.1
5268 5902 57645.6
5268 5904 57623.1
5268 5906 57608.1
5268 5907 57600.6
5268 5912 57563.2
5268 5913 57555.7
5268 5914 57548.2
5268 5917 57518.3
5918 4022 57503.4
5918 5920 57495.9
5918 5922 57481.0
5918 5923 57473.5
5918 5924 57466.1
5918 5925 57458.6
5918 5927 57443.7
5918 5931 57413.9
5918 5932 57406.5
5918 5935 57384.1
5918 5939 57354.4
5918 5940 57347.0
5918 5941 57339.6
5918 5942 57332.1
5918 5943 57324.7
5918 5944 57317.3
5918 5948 57287.6
5918 5950 57272.8
5918 5951 57265.4
5918 5952 57258.0
5918 5954 57243.2
5918 5960 57198.8
5918 5961 57191.4
5918 5963 57176.7
5918 5964 57169.3
5918 5965 57161.9
5918 5966 57154.5
5918 5969 57132.4
5918 5970 57125.0
5918 5974 57095.6
5918 5977 57073.5
5918 5980 57051.4
5918 5982 57036.7
5918 5984 57022.0
5918 5985 57014.7
5918 5991 56970.7
5918 5992 56963.3
5918 5994 56948.7
5918 5995 56941.4
5918 5997 56926.7
5918 5998 56919.4
5918 5999 56912.1
5918 6000 56904.8
5918 6004 56875.5
5918 6006 56860.9
5918 6007 56853.6
5918 6008 56846.3
5918 6009 56839.0
5918 6010 56831.7
5918 6011 56824.4
5918 6014 56802.6
5918 6015 56795.3
5918 6016 56788.0
5918 6020 56758.9
5918 6023 56737.1
5918 6024 56729.8
5918 6029 56693.5
5918 6030 56686.2
5918 6031 56679.0
5918 6033 56664.5
5918 6035 56650.0
5918 6036 56642.7
5918 6039 56621.0
5918 6041 56606.5
5919 5920 56570.3
5919 6043 56563.1
5919 6044 56555.9
5919 6046 56541.4
5919 5926 56534.2
5919 6048 56519.8
5919 6051 56498.2
5919 6054 56476.5
6055 5923 56462.1
6055 6059 56433.3
6055 6060 56426.2
4022 3426 56419.0
4022 5918 56411.8
4022 5920 56383.0
4022 5921 56361.5
4022 6064 56347.2
4022 5923 56340.0
4022 6044 56325.7
4022 6066 56304.2
4022 6069 56282.7
4022 6070 56275.6
4022 6072 56261.3
4023 6075 56225.5
4023 6076 56218.4
6077 4035 56211.3
6077 6078 56204.1
6077 6081 56182.7
6077 6082 56175.6
6077 6084 56161.3
6077 6086 56140.0
6077 6087 56132.9
6077 6088 56125.8
6077 6091 56104.4
6077 6097 56061.8
6077 6098 56054.7
6077 6099 56047.6
6077 6101 56033.4
6077 6104 56012.2
6077 6105 56005.1
6077 6106 55998.0
6077 6107 55990.9
6077 6110 55969.7
6077 6070 55955.5
6077 6113 55941.4
6077 6114 55934.3
6077 6116 55920.2
6077 6117 55913.1
6077 6119 55899.0
6077 6120 55892.0
6077 6124 55863.7
6077 6126 55849.7
6077 6129 55828.5
6077 6130 55821.5
6077 6131 55814.5
6077 6134 55793.4
6077 6136 55779.3
6077 6139 55758.2
6077 6140 55751.2
6077 6141 55744.2
6077 6144 55723.1
6077 6146 55709.1
6077 6147 55702.1
6077 6148 55695.1
6077 6149 55688.1
6077 6150 55681.1
6077 6156 55639.1
6077 6159 55618.1
6077 6160 55611.2
6077 6161 55604.2
6077 6162 55597.2
6077 6164 55583.2
6061 4022 55562.3
6061 6166 55555.3
6061 6168 55541.4
6061 6169 55534.4
6061 6171 55520.5
6061 6176 55485.7
6061 6178 55471.8
6061 6179 55464.9
6061 6182 55444.0
6061 6185 55423.2
6061 6187 55409.3
6061 6188 55402.4
6061 6193 55367.8
6061 6194 55360.8
6061 6195 55353.9
6061 6196 55347.0
6061 6198 55333.2
6061 6199 55326.3
6061 6200 55319.3
6061 6201 55312.4
6061 6203 55298.6
6061 6205 55284.8
6061 6206 55277.9
6061 6207 55271.0
6061 6209 55257.2
6061 6211 55243.4
6061 6213 55229.6
6061 6214 55215.9
6061 6215 55209.0
6061 6217 55195.2
6061 6218 55188.3
6061 6220 55174.6
6061 6222 55160.8
6061 6223 55154.0
6061 6225 55140.2
6061 6227 55126.5
6061 6228 55119.6
6061 6230 55105.9
6061 6231 55099.1
6061 6232 55092.2
6061 6234 55078.5
6061 6235 55071.6
6061 6238 55051.1
6061 6239 55044.3
6061 6242 55023.7
6061 6243 55016.9
6061 6245 55003.2
6061 6247 54989.6
6061 6248 54982.7
6061 6249 54975.9
6061 6252 54955.4
6061 6255 54935.0
6061 6257 54921.4
6061 6259 54907.7
6061 6260 54900.9
6061 6262 54887.3
6061 6265 54866.9
6061 6266 54860.1
6061 6267 54853.3
6061 6273 54812.6
6061 6274 54805.8
6061 6275 54799.0
6061 6278 54778.7
6061 6279 54771.9
6061 6288 54711.0
6061 6290 54697.5
6061 6291 54690.7
6061 6292 54684.0
6061 6293 54677.2
6061 6295 54663.7
6061 6296 54657.0
6061 6297 54650.2
6061 6299 54636.7
6061 6302 54616.5
5305 4093 54603.0
6304 4037 54596.3
6304 6305 54589.6
6304 6306 54582.8
6304 6307 54576.1
6304 6312 54542.5
6304 6313 54535.8
6304 6314 54529.1
6304 6316 54515.6
6304 6318 54502.2
6304 6322 54475.4
6304 1504 54468.7
6304 6323 54462.0
6304 6325 54448.6
6304 6326 54441.9
6304 6328 54428.5
6304 6329 54421.8
1848 1847 54415.1
1848 333 54401.8
1848 36 54395.1
1848 6330 54381.7
1848 1196 54361.7
1848 6334 54341.7
1848 89 54321.7
1848 6335 54315.0
1848 6336 54308.4
1848 6339 54275.1
1848 103 54268.4
1848 6341 54248.5
1848 6342 54241.8
1848 6346 54208.6
1848 6347 54202.0
1848 6348 54188.7
1848 6349 54182.1
1848 6350 54175.5
1848 6352 54149.0
1848 6353 54135.7
1848 2090 54122.5
1848 6357 54096.0
1848 6359 54082.8
1848 6360 54076.2
1848 6361 54069.6
1848 6363 54056.4
1848 2868 54049.8
6330 6336 54036.6
6330 4813 54023.4
4024 6366 54003.7
5546 4012 53990.5
6331 6367 53970.8
6331 6368 53964.2
6331 347 53957.6
6331 6369 53951.0
6331 6372 53918.2
6331 6373 53911.6
6331 6374 53905.0
6331 6375 53898.5
6331 6376 53891.9
6331 6377 53885.4
6331 6378 53878.8
6331 6380 53865.7
6331 6382 53852.6
4340 1110 53846.0
4340 4339 53839.5
4340 5240 53833.0
4025 3426 53819.9
4025 5919 53813.3
4025 6056 53787.2
4025 5921 53774.1
4025 5922 53767.6
4025 6064 53761.1
4025 5923 53754.5
4025 6044 53741.5
4025 4035 53728.4
4025 6047 53715.4
4025 6389 53682.8
4025 6049 53663.3
4025 6398 53617.8
4025 6399 53611.3
4025 6400 53604.8
4025 6401 53598.4
4025 6402 53591.9
4025 6403 53585.4
4025 6407 53559.5
4025 6409 53546.5
4025 6410 53540.0
4025 6411 53533.6
4025 6412 53527.1
4025 6413 53520.6
4025 6416 53501.2
4025 6420 53475.4
4025 6421 53468.9
4025 6427 53430.2
4025 6430 53410.9
4025 6431 53404.4
4025 6432 53398.0
4025 6433 53391.5
4025 6434 53385.1
4025 6437 53365.8
4025 6439 53352.9
4025 6440 53346.5
4025 6441 53340.1
4025 6442 53333.7
4025 6444 53320.8
4025 6445 53314.4
4025 6446 53308.0
4025 6450 53282.3
4025 6453 53263.1
6454 6455 53256.7
6454 6456 53250.3
6454 6459 53231.1
6454 6461 53218.3
6454 6462 53211.9
6454 6463 53205.5
6454 6466 53186.3
6454 6467 53179.9
3583 3582 53160.8
3583 6473 53109.8
3583 6474 53103.4
3583 6476 53090.7
3583 6480 53065.2
3019 38 53058.8
3019 6485 53020.7
6062 4022 53014.4
6062 5923 52995.3
6062 5924 52982.7
6062 6049 52963.6
4026 6486 52944.6
4026 6487 52938.3
4026 6489 52925.7
4027 3426 52919.3
4027 4011 52913.0
4027 4013 52906.7
4027 4016 52900.4
4027 4035 52894.0
4027 4044 52881.4
4027 6495 52849.9
4027 6496 52843.5
4027 6500 52818.3
4027 6504 52793.1
4027 6509 52761.7
4027 6511 52749.1
4027 6514 52730.3
4027 6516 52717.7
4027 6517 52711.4
4027 6522 52680.1
4027 6523 52673.8
4027 6524 52667.5
4027 6529 52636.2
4027 6533 52611.2
4027 6534 52605.0
4027 6535 52598.7
4027 6536 52592.5
4027 6537 52586.2
4027 6539 52573.7
4027 6541 52561.3
4027 6542 52555.0
4027 6543 52548.8
4027 6546 52530.1
4027 6547 52523.9
4027 6548 52517.6
4027 6549 52511.4
4027 6555 52474.1
4027 6556 52467.8
4027 6558 52455.4
4027 6562 52430.6
4027 6564 52418.1
4027 6566 52405.7
4027 6567 52399.5
4027 6570 52380.9
4027 6571 52374.7
4027 6575 52350.0
4027 6576 52343.8
4027 6579 52319.0
4027 6581 52306.7
4027 6583 52294.3
4027 6584 52288.2
4027 6585 52282.0
4027 6587 52269.6
4027 6590 52251.1
4027 6591 52245.0
4027 6592 52238.8
4027 6593 52232.6
4027 6594 52226.5
4027 6596 52214.2
4027 6597 52208.0
4027 6599 52195.7
4027 6601 52183.4
4027 6602 52177.2
4027 6606 52152.7
4027 6607 52146.5
4027 6608 52140.4
4027 6609 52134.2
4027 6611 52122.0
4027 6612 52115.8
4027 6614 52103.6
4027 6616 52091.3
4027 6617 52085.2
4027 6619 52072.9
4027 6621 52060.7
4027 6623 52048.4
4027 6625 52036.2
4027 6627 52017.9
4027 6629 52005.6
4027 6630 51999.5
4027 6632 51987.3
4027 6637 51956.8
4027 6638 51950.7
4027 6641 51932.4
4027 6642 51926.4
4027 6643 51920.3
4027 6645 51908.1
4027 6646 51902.0
4027 6651 51871.6
4027 6652 51865.5
4027 6653 51859.5
4027 6656 51841.2
4027 6658 51829.1
4027 6661 51810.9
4027 6664 51792.7
4027 6665 51786.7
4027 6667 51774.6
4027 6668 51768.5
4027 6669 51762.5
4027 6671 51750.4
4027 6674 51732.2
4027 6675 51726.2
4027 6679 51702.0
4027 6683 51671.8
4027 4076 51665.8
4027 6684 51659.8
4027 6687 51641.7
4027 6691 51617.6
4027 6694 51587.6
4027 4080 51575.5
4027 6696 51569.5
4027 6699 51551.5
4027 6703 51521.5
4027 6706 51503.6
4027 6707 51497.6
4027 6708 51491.6
4027 6710 51479.6
4027 6712 51467.6
4027 6713 51461.7
4027 6714 51455.7
4027 6715 51449.7
4027 6716 51443.7
4027 6720 51419.8
4027 6721 51413.8
4027 6722 51407.9
4027 6724 51395.9
4027 6732 51348.3
4027 6733 51342.3
4027 4088 51330.4
4027 6736 51318.5
4027 6738 51306.6
4027 6739 51300.7
4027 6742 51282.8
4027 6743 51276.9
4027 6746 51259.1
5237 4339 51247.2
58 1 51241.3
58 41 51235.4
58 6749 51211.7
58 6753 51188.0
58 6756 51170.2
58 6758 51158.4
58 6759 51152.5
58 6761 51140.7
59 6763 51111.2
59 6766 51093.5
59 6767 51087.6
59 6768 51081.7
59 6770 51069.9
59 6771 51064.0
59 6772 51058.1
59 6773 51052.2
59 6774 51046.4
4028 3426 51040.5
4028 6075 51016.9
5920 5918 51005.2
5920 5919 50999.3
5920 4022 50993.4
5920 5922 50970.0
5920 6064 50964.1
5920 5923 50958.2
5920 6043 50952.4
5920 5925 50940.6
5920 6046 50928.9
5920 5926 50923.1
5920 5927 50917.2
5920 6779 50905.5
5920 6048 50899.7
5920 6782 50876.3
5920 6783 50870.4
5920 6786 50852.9
5920 6787 50847.0
5920 6789 50835.4
5920 6790 50829.5
5920 6791 50823.7
5920 6792 50817.9
5920 6793 50812.0
5920 6795 50800.4
5920 6796 50794.5
5920 6798 50782.9
5920 6799 50777.1
5920 6800 50771.2
5920 6801 50765.4
5920 6803 50753.8
5920 6804 50748.0
5920 6806 50736.3
5920 6807 50730.5
5920 6809 50718.9
5920 6810 50713.1
5920 6813 50695.7
5920 6814 50689.9
5920 6815 50684.1
5920 6816 50678.3
5920 6817 50672.5
5920 6821 50649.3
5920 6822 50643.5
5920 6825 50626.1
5920 6827 50614.5
5920 6828 50608.8
5920 6829 50603.0
5920 6830 50597.2
5920 6831 50591.4
5920 6833 50579.9
5920 6834 50574.1
5920 6835 50568.3
5920 6837 50556.8
5920 6838 50551.0
5920 6839 50545.2
5920 6840 50539.4
5920 6842 50527.9
5920 6843 50522.1
5920 6846 50504.9
5920 6847 50499.1
5920 6849 50487.6
5920 6850 50481.8
5920 6851 50476.1
5920 6853 50464.6
5920 6854 50458.8
5920 6855 50453.1
5920 6858 50435.8
5920 6860 50424.3
5920 6861 50418.6
5920 6862 50412.8
5920 6863 50407.1
5920 6864 50401.4
5920 6865 50395.6
5920 6866 50389.9
5920 6869 50372.7
5920 6872 50355.5
5920 6875 50338.3
5920 6876 50332.6
5920 6877 50326.9
5920 6878 50321.2
5920 6879 50315.5
5920 6880 50309.7
5920 6881 50304.0
5920 6884 50286.9
5920 6885 50281.2
5920 6886 50275.5
5920 6887 50269.8
5920 6888 50264.1
5920 6889 50258.3
5920 6891 50246.9
5920 6893 50235.5
5920 6895 50224.1
5920 6897 50212.8
5920 6898 50207.1
5920 6902 50184.3
5920 6905 50167.2
5920 6906 50161.6
5920 6908 50150.2
5920 6909 50144.5
5920 6911 50133.2
5920 6912 50127.5
5920 6914 50116.1
5920 6916 50104.8
5920 6918 50093.5
5920 6921 50070.8
5920 6923 50059.5
5920 6924 50053.8
5920 6925 50048.2
5920 6927 50036.8
5920 6928 50031.2
5920 6929 50025.5
5920 6931 50014.2
5920 6933 50002.9
5920 6936 49986.0
5920 6939 49969.1
5920 6941 49957.8
5920 6942 49952.2
5920 6943 49946.5
5920 6946 49929.6
5920 6949 49912.8
5920 6950 49907.1
5920 6952 49895.9
5920 6953 49890.3
5920 6954 49884.6
5920 6955 49879.0
5920 6958 49862.2
5920 6959 49856.6
5920 6960 49850.9
5920 6966 49817.3
5920 6969 49800.5
5920 6970 49794.9
5920 6971 49789.3
5920 6972 49783.7
5920 6973 49772.5
6976 6977 49755.7
6976 4714 49738.9
6976 6981 49727.8
6976 6982 49722.2
6976 6984 49711.0
6976 6985 49705.4
6976 6995 49644.1
6976 6996 49638.6
6976 6997 49633.0
6976 6999 49621.9
6976 7003 49599.6
6976 7004 49594.1
6976 7007 49577.4
6976 7008 49571.9
6976 7009 49566.3
6976 7011 49555.2
6976 7013 49544.1
6976 7014 49538.6
6976 7019 49510.9
6976 7020 49505.4
6976 7021 49499.8
6976 7024 49483.2
6976 7025 49477.7
6976 7026 49472.2
6976 7028 49461.1
6976 7029 49455.6
6976 7030 49450.1
6976 7032 49439.0
6976 7033 49433.5
6976 7034 49428.0
6976 7035 49422.5
6976 7037 49411.5
6976 7038 49405.9
6976 7040 49394.9
6976 7041 49389.4
6976 7043 49378.4
6976 7044 49372.9
6976 7045 49367.4
6976 7046 49361.9
6976 7047 49356.4
6976 7051 49334.4
6976 7054 49317.9
6976 7057 49301.4
6976 7058 49295.9
6976 7060 49285.0
5792 5791 49279.5
5792 7064 49257.5
5792 7065 49252.1
5792 7067 49241.1
5792 7068 49235.6
5792 7069 49230.2
5792 7073 49208.3
5792 7074 49202.8
5792 7075 49197.3
5792 7077 49186.4
5792 7078 49180.9
5792 7080 49170.0
5792 7081 49164.6
5792 7083 49153.6
5792 7085 49142.7
5792 7087 49131.8
5792 5812 49126.4
5792 7088 49120.9
5792 7089 49115.5
5792 7091 49104.6
5792 7096 49077.4
5792 7099 49061.1
5792 7100 49055.6
5792 7101 49050.2
5792 7103 49039.3
5792 7107 49017.6
5792 7108 49012.2
5792 7109 49006.8
5792 7112 48990.5
5792 7113 48985.1
5792 7115 48974.2
5792 7116 48968.8
5792 7117 48963.4
5792 7118 48958.0
5792 7119 48952.6
5792 7121 48941.8
5792 7122 48936.3
5792 7128 48903.9
5792 7129 48898.5
5792 7130 48893.1
5792 7131 48887.7
7132 7133 48882.3
7132 7134 48876.9
7132 7136 48860.7
7132 7137 48855.4
7132 96 48850.0
7132 6978 48844.6
7132 7140 48828.4
7132 7141 48823.0
7132 7142 48817.6
7132 7147 48790.8
7132 7148 48785.4
7132 7154 48753.1
7132 7157 48731.7
7132 7159 48715.6
7132 7161 48704.9
7132 7052 48699.5
7132 7162 48694.2
7132 7164 48683.5
7132 7167 48667.4
6332 1848 48662.1
3020 57 48651.4
3020 7168 48646.0
3020 7169 48640.7
3020 7170 48635.3
3020 7171 48630.0
3020 7172 48624.6
3020 7173 48619.3
3020 7177 48592.6
3020 7180 48576.6
3020 7181 48571.3
3020 7185 48544.7
3020 7186 48539.4
3020 7188 48528.7
3020 7189 48523.4
3020 7192 48507.5
3020 7196 48486.2
3020 7198 48475.6
3020 7199 48470.3
3020 7200 48465.0
6762 59 48443.8
6384 7206 48422.6
6384 5537 48406.7
7209 7139 48380.3
7209 7211 48375.0
7209 7146 48369.7
7209 7212 48364.4
7209 7214 48353.8
7209 7215 48348.6
7209 7219 48327.4
7209 7220 48322.2
7209 7221 48316.9
7209 7223 48306.4
7133 7132 48290.6
7133 7226 48274.8
7133 7137 48264.2
7133 7227 48259.0
7133 7228 48253.7
7133 7230 48243.2
7133 7231 48237.9
7133 7148 48232.7
7133 7154 48211.7
7133 7235 48206.4
7133 7237 48195.9
7133 7241 48164.5
7133 7242 48159.2
7133 7243 48154.0
7133 7245 48143.5
7133 7246 48138.3
7133 7247 48133.1
7133 7248 48127.8
7133 7249 48122.6
7133 7251 48112.1
7133 7167 48106.9
7134 7226 48086.0
6977 7254 48059.9
7226 7255 48039.1
7226 7259 48018.2
7226 7261 48007.8
7226 7262 48002.6
7226 7264 47992.2
7226 7158 47987.0
7226 7267 47971.4
7226 7272 47945.4
7135 7132 47935.1
7135 7133 47924.7
7135 7274 47914.3
7135 7275 47909.1
7135 7276 47903.9
7135 7277 47898.8
7135 7278 47893.6
7135 7280 47883.2
7135 7285 47857.3
7135 7218 47852.2
7135 7286 47847.0
7135 7287 47841.8
7135 7236 47831.5
7135 7291 47816.0
7135 7293 47805.7
7135 7294 47800.5
7135 7244 47785.0
7135 7270 47769.6
7135 7298 47759.3
7300 7301 47749.0
7300 7302 47743.8
7300 7303 47738.7
7300 7304 47733.5
7300 7307 47718.1
7300 7308 47712.9
7300 7311 47697.5
7300 7314 47682.1
7300 7315 47677.0
7300 7318 47661.6
7300 7319 47656.4
7300 7320 47651.3
7300 7321 47646.2
7300 7324 47625.7
7300 7325 47620.6
7300 7327 47610.3
7300 7329 47600.1
7300 7331 47589.9
7300 7332 47584.7
7300 7333 47579.6
7300 7334 47574.5
7300 7335 47569.4
7300 7338 47554.1
7300 7342 47533.7
7300 7343 47528.6
7300 7345 47518.4
7300 7347 47508.2
7300 7348 47503.1
7300 7349 47498.0
7300 7350 47492.9
7300 7351 47487.8
7300 7355 47467.4
7300 7356 47462.3
7300 7357 47457.2
7300 7358 47452.2
5342 3714 47421.7
7204 7363 47411.5
7204 4046 47406.4
7204 7364 47401.4
5538 7365 47391.2
7366 6385 47386.1
7366 7368 47370.9
7366 7372 47350.7
7366 7374 47340.5
7366 7375 47335.5
7366 7376 47330.4
7366 7381 47305.1
7366 7382 47300.1
7366 7383 47295.0
7366 7384 47290.0
7366 7385 47284.9
7366 7386 47279.9
7366 2629 47264.7
7366 7389 47259.7
7366 7391 47249.6
7366 7392 47244.6
7366 7393 47239.5
7366 7395 47229.4
7366 7396 47224.4
7366 7397 47219.4
7366 7400 47204.3
7366 7402 47194.2
7366 7403 47189.2
7366 7404 47184.1
7366 7405 47179.1
7366 7406 47174.1
7366 7407 47169.1
7366 7410 47154.0
7366 7413 47138.9
7366 7414 47133.9
7366 7416 47123.9
7366 7417 47118.9
7366 7420 47103.8
7366 7421 47098.8
7366 7422 47093.8
7366 7424 47083.8
7366 7425 47078.8
7366 7429 47058.8
7366 7430 47053.8
7366 7431 47048.8
7366 7434 47033.8
7366 7435 47028.8
7366 7436 47023.8
7366 7439 47008.8
7366 7440 47003.8
7366 1152 46998.8
7366 7445 46973.9
7366 7447 46963.9
7366 7448 46959.0
7366 7451 46944.0
7366 7454 46929.1
7366 7456 46919.2
7366 7457 46914.2
7366 7459 46904.2
7366 7463 46884.4
7366 7464 46879.4
7366 7466 46869.5
7363 7364 46859.6
7363 7467 46854.6
4029 3426 46849.7
6056 6055 46834.8
6056 4025 46824.9
6056 5923 46819.9
6056 7468 46815.0
6056 6046 46810.0
6056 7470 46795.2
6056 6072 46790.2
6056 7471 46785.3
6056 7473 46775.4
6056 7475 46765.5
7477 7478 46755.7
7477 7479 46750.7
7477 7481 46740.8
7477 7482 46735.9
7477 7483 46731.0
7477 7484 46726.1
7477 7485 46721.1
7477 7487 46711.3
7477 7488 46706.3
7477 7490 46696.5
7477 7492 46686.6
7477 7493 46681.7
4031 3426 46676.8
4031 5537 46671.9
6063 4022 46667.0
6063 4025 46662.0
6063 7494 46657.1
6063 7495 46652.2
5548 5921 46637.5
5548 7496 46627.6
5548 7500 46608.0
7501 7502 46598.2
7501 7505 46578.6
7501 7508 46563.9
7501 7509 46559.0
7501 7511 46549.2
7501 7512 46544.3
5921 4022 46515.0
5921 4025 46510.1
5921 5920 46505.2
5921 5548 46500.3
5921 5923 46495.4
5921 6043 46490.6
5921 6046 46485.7
5921 7516 46475.9
5921 7517 46471.0
5921 7519 46461.3
5921 7520 46456.4
5921 7521 46451.5
5921 7522 46446.7
5921 7523 46441.8
5921 7524 46436.9
5921 7526 46427.2
5921 7528 46412.6
5921 7529 46407.7
5921 7533 46388.3
5921 7535 46378.6
5921 4650 46373.7
5921 7538 46359.1
5921 7542 46339.7
5921 7543 46334.9
5921 7544 46330.0
5921 7545 46325.2
5921 7546 46320.3
5921 7547 46315.5
5921 7548 46310.6
5921 7552 46291.3
5921 7555 46271.9
5921 7556 46267.1
5921 7557 46262.3
5921 7559 46252.6
5921 7561 46242.9
5921 7562 46238.1
5921 7567 46214.0
5921 7569 46204.3
5921 7572 46189.9
5921 7573 46185.0
5921 7576 46170.6
5921 7579 46156.2
5921 6072 46151.4
5921 7580 46146.5
5921 7581 46141.7
5921 7582 46136.9
7502 7501 46127.3
7503 7584 46117.7
7503 7585 46112.9
7503 7587 46103.3
7503 7589 46093.7
7503 7592 46079.3
7503 7596 46060.1
7503 7598 46050.6
7503 7599 46045.8
7503 7601 46036.2
7503 7602 46031.4
7503 7605 46017.1
7503 7607 46007.5
7503 7609 45997.9
7503 7612 45983.6
7503 7613 45978.8
7503 7615 45969.3
7503 7620 45945.4
3437 3235 45926.4
3437 4044 45916.8
3437 7624 45907.3
3437 7626 45893.0
5306 5270 45883.5
5306 5271 45878.8
5307 4093 45869.3
60 1 45864.5
60 7628 45855.0
60 7629 45850.3
5922 4022 45840.8
5922 5924 45812.3
5922 7632 45793.4
5922 7638 45765.0
5922 7639 45760.2
5922 6070 45750.8
5922 7641 45746.1
5922 7642 45741.3
5922 7644 45731.9
7478 7477 45727.2
7478 7480 45722.4
7478 7483 45713.0
7478 7646 45684.7
7478 7647 45680.0
7478 7648 45675.3
7478 7649 45670.6
7478 7650 45665.8
7478 7651 45661.1
7478 7652 45656.4
7478 7653 45651.7
7478 7654 45647.0
7478 7656 45637.6
7478 7661 45614.1
7478 7662 45609.4
7478 7663 45604.7
7478 7664 45600.0
7478 7665 45595.3
7478 7667 45585.9
7478 7669 45576.5
7478 7670 45571.8
7478 7676 45539.0
7478 7680 45520.3
7478 7682 45511.0
7478 7683 45506.3
7478 7685 45496.9
7478 7686 45492.2
7478 7687 45482.9
7478 7688 45478.2
7478 7692 45459.6
7478 7693 45454.9
7478 7694 45450.2
7478 7696 45440.9
7478 7699 45426.9
7478 7700 45422.2
7478 7701 45417.6
7478 7703 45408.3
7707 7712 45371.0
7707 7715 45357.1
7707 7716 45352.5
7707 7719 45338.5
7707 7721 45329.2
7707 7722 45324.6
7707 7724 45315.3
7707 7727 45301.4
7480 7477 45292.1
7480 7478 45287.5
7480 7673 45278.3
7480 7693 45273.6
7481 7730 45250.5
7481 7731 45245.9
7481 7733 45236.6
7481 7734 45227.4
7481 7741 45190.5
7481 7743 45181.2
7481 7748 45153.6
7481 7750 45144.4
7481 7751 45139.8
7481 7752 45135.2
7481 7754 45126.0
7481 7755 45121.4
7482 7647 45093.8
7482 7758 45089.2
6064 4022 45070.9
6064 4025 45066.3
6064 6062 45061.7
6064 5920 45057.1
6064 5923 45047.9
6064 6043 45043.3
6064 6047 45034.2
6064 6049 45025.0
6064 7761 45020.4
6064 7764 45006.7
6064 7765 45002.1
6064 7766 44997.6
6064 7768 44988.4
6064 7769 44983.9
6064 7776 44951.9
6064 7777 44947.3
6064 7778 44942.8
6064 7779 44938.2
6064 7780 44933.6
6064 7783 44920.0
6064 7785 44910.8
6064 7789 44892.6
6064 7791 44883.5
6064 7793 44874.4
6064 7794 44869.9
6064 7797 44856.3
6064 7798 44851.7
6064 7801 44838.1
6064 7802 44833.5
6064 6791 44829.0
6064 7805 44815.4
6064 7806 44810.9
6064 7809 44797.3
6064 7812 44783.7
6064 7817 44761.0
6064 7818 44756.5
6064 7820 44747.5
6064 1296 44738.4
6064 7825 44720.3
6064 7826 44715.8
6064 7827 44711.3
6064 7828 44706.8
6064 7829 44702.3
6064 7831 44693.3
6064 7832 44688.7
6064 7833 44684.2
6064 7834 44679.7
6064 7836 44670.7
6064 7837 44666.2
6064 7839 44657.2
6064 7841 44648.2
5923 5918 44634.7
5923 4022 44625.7
5923 6062 44616.7
5923 5920 44612.2
5923 6056 44607.7
5923 5921 44603.2
5923 6064 44594.2
5923 7844 44585.2
5923 5925 44571.8
5923 7845 44567.3
5923 7468 44562.8
5923 7846 44553.8
5923 7848 44522.5
5923 7851 44509.1
5923 7852 44504.6
5923 7856 44482.2
5923 7857 44477.8
5923 7858 44473.3
5923 7860 44464.4
5923 7861 44459.9
5923 6060 44442.0
7483 7477 44437.6
7483 7478 44433.1
6043 6062 44401.9
