1543872 422737 14529.0
434875 278 6569.0
849 2127273 14720.0
244617 1775692 7568.0
17810 46 74325.0
2657 359 13593.0
8702 3035959 66631.0
166 1326 26542.0
1659 222 5882.0
178 470 12186.0
178 97259 12805.0
6754 69443 5266.0
583954 235429 8191.0
451912 92 37227.0
2557262 242466 5232.0
849 1931272 38060.0
2586756 294 5208.0
439872 82 7800.0
164 46136 10727.0
2823 3314 12168.0
8012 32909 115112.0
772183 438 17109.0
4 13 4923.0
178 3650381 14584.0
4 14 40467.0
4177 49187 53523.0
360504 1321 9148.0
949 796 7114.0
95534 645745 9207.0
164 13943 7511.0
178 1629 14396.0
17904 583954 67412.0
221 8081 7301.0
672 1099463 7184.0
146731 4117576 5021.0
297514 103442 10773.0
184 4806 16830.0
3838 222 6414.0
849 1527899 7367.0
672 354586 81681.0
13987 1366 9342.0
1458798 3117 19238.0
278623 684 36896.0
85 36678 13087.0
2131027 605 175330.0
445082 407647 16419.0
2819491 121329 5466.0
19454 204 27807.0
14935 787585 7930.0
764789 296368 5465.0
1929673 4035372 13729.0
272 40 11215.0
375451 3622 14563.0
684 1775692 242648.0
85 677 8423.0
30904 222 11858.0
1877860 1879815 184239.0
91080 1942764 126187.0
46027 82 5494.0
121328 723212 385569.0
14540 4177 16540.0
851 45256 21717.0
69 92 38958.0
103367 735633 26439.0
807373 796557 5280.0
849 1557514 8575.0
14935 454413 6382.0
2826861 3661 14462.0
68 91 30286.0
34381 321 4979.0
17 97 66217.0
2009570 1899551 167565.0
641775 381724 8241.0
1695674 97 6895.0
119 444 33244.0
1946335 116400 74441.0
3891 3890 133711.0
576458 1366 5244.0
339468 2502 8221.0
197 1616411 10201.0
1911509 40014 21578.0
428809 428812 45896.0
1093537 297514 6077.0
119 375 25249.0
3760201 3102876 42170.0
43337 684 6720.0
126596 2278102 5516.0
178 161255 12257.0
2079305 10763 5829.0
623535 136 15983.0
17472 21913 10041.0
2279009 8940 10360.0
2477553 121328 6041.0
3843227 313 4853.0
1321 178376 20193.0
849 1544609 5818.0
672 25103 115763.0
46402 1321 7845.0
10124 40 48997.0
14935 2214526 6299.0
1742298 362 5831.0
1776998 1929673 8043.0
1135251 1321 8544.0
1783416 1773098 6714.0
2503 2649414 51588.0
2117 222 46524.0
427788 681922 23485.0
264734 525490 23317.0
2869703 4177 16189.0
805 6505 9543.0
1863173 1902363 503713.0
1543872 476125 15414.0
6505 167154 29913.0
321 5254 788481.0
2063514 6720 16287.0
4753 15589 6651.0
103481 92254 6801.0
4753 131043 6186.0
17933 46 170619.0
2603116 2883837 5534.0
37633 1366 29389.0
3348324 525068 6289.0
2107150 10763 6246.0
4178 262056 10983.0
17467 249 33233.0
21036 682160 22980.0
50620 4035615 6573.0
1179 40 14362.0
2040947 10763 4720.0
10941 4177 17104.0
79057 46 47890.0
3942 92 5436.0
706568 29 6692.0
590225 95 10056.0
221 29429 19708.0
17 723212 16605.0
1716 672 11669.0
111848 1032261 579196.0
85 14561 9010.0
361684 4177 26328.0
2910 497041 13265.0
3680 13476 5153.0
2603116 29 5415.0
107 108 5028869.0
158192 1321 9576.0
849 5623 10745.0
4753 118832 7062.0
36706 1366 5328.0
119 162339 25777.0
6405 2020310 8789.0
17862 46 56538.0
66449 16465 7152.0
119 1513 9297.0
321 5256 778492.0
1439647 1637464 27653.0
433718 21913 15242.0
68 5305 134719.0
645745 48509 22934.0
164 329966 158384.0
114 323299 6084.0
128059 1366 11946.0
3262136 313 12119.0
178 1439647 29700.0
523445 2877206 5642.0
212 97 40436.0
215467 10 8017.0
17 1625775 27899.0
682918 1774605 20068.0
583 12632 5298.0
1803080 25103 163596.0
17977 12949 12493.0
224447 684 90242.0
3333 5829 48320.0
48509 630212 6308.0
119 1137 5016.0
458194 6 10338.0
28875 672 80315.0
5906 7723 88265.0
696870 682918 8154.0
3010490 19 5946.0
512566 1366 22791.0
1036979 10 5169.0
43617 97 4928.0
18382 681779 84872.0
4753 137319 6122.0
48162 4177 5563.0
103465 8012 4990.0
7164 222 5048.0
1929673 4035454 7946.0
360504 1366 17564.0
78858 46 22216.0
7413 21913 9858.0
849 35772 106320.0
93258 82 8244.0
4903 13507 12016.0
521 1973894 5786.0
178 290822 7828.0
8631 7723 82415.0
4753 130875 8424.0
161885 583954 14330.0
280101 313 11032.0
4753 1152997 6429.0
565773 305 25621.0
453688 29 6675.0
54532 503 22010.0
78901 46 98182.0
460 323299 37124.0
3348324 71392 7714.0
1165691 121328 141645.0
1142 1126 125758.0
4178 339199 10953.0
787751 1720 93934.0
136306 1321 5365.0
523445 1038491 6233.0
194865 1366 22725.0
1099463 672 14064.0
30924 2029101 6593.0
276135 359 10933.0
429 17 8846.0
235 366 5770.0
1512141 362 4760.0
304655 4753 18225.0
2393258 2370117 26621.0
778 180838 18813.0
178 179 60878.0
14935 456192 12237.0
969 119 5905.0
6509 147601 5070.0
1857935 103442 10059.0
310099 1366 57494.0
2393258 2839211 13090.0
764796 3733827 42213.0
17 308 32920.0
85 237538 13142.0
6 14 36391.0
18219 21913 9724.0
45684 1366 34848.0
264734 249 15023.0
297514 4795 1521627.0
577637 1676521 66423.0
15656 46 196289.0
139484 1032261 511665.0
164440 121328 10230.0
1807 291291 11209.0
438 16945 5275.0
587 17 8682.0
265535 40 314902.0
1893706 3905 32406.0
288059 1366 8024.0
119 111525 39284.0
230400 1321 5681.0
58 40 9789.0
1579685 580 13266.0
840485 40 74843.0
641775 399317 8315.0
178 46256 8062.0
50 7551 8157.0
79095 46 24195.0
797 21913 7438.0
503 578145 6722.0
17971 46 25627.0
177 139456 36802.0
2100246 12850 5908.0
478948 17863 20733.0
9674 21913 20389.0
2364451 7864 20792.0
241 796 5915.0
1557599 90 10834.0
1945506 7010 5346.0
2015520 1880873 50206.0
3617 157 23918.0
3095 452655 26056.0
47168 583954 128813.0
468 8093 7467.0
214 117 49630.0
282 195 494364.0
475389 17 21944.0
48 86360 84904.0
2146107 238 17028.0
2105037 2608408 24453.0
4795 492635 6791.0
114 147 11331.0
14935 202042 20862.0
13018 1366 65347.0
223 136 5686.0
78923 46 55814.0
4201 264 19141.0
14663 583954 426345.0
178 585 9959.0
488 1583655 31035.0
12585 51 5024.0
563039 121329 6534.0
623535 183 6875.0
1685 278 11002.0
987 741050 6830.0
3278 344385 8088.0
178 272396 6362.0
6505 248169 33710.0
25553 40 4887.0
190 119788 13456.0
941 135 13442.0
264734 40 43887.0
28236 265989 8245.0
452998 1931272 10600.0
685740 22013 5487.0
141 261 25331.0
68 282 369563.0
8105 222 4897.0
14935 2040320 7331.0
446253 1366 12445.0
764796 2720646 5496.0
275668 1366 4875.0
1543872 252028 15013.0
452655 10 12592.0
1 2 131361.0
235664 1366 5038.0
4201 2869 14896.0
3904 6702 18030.0
4753 180413 10183.0
25103 672 165734.0
1321 1864 7568.0
1101480 4035325 13760.0
15266 29 10894.0
961 271567 26435.0
221 81578 9613.0
849 477636 14176.0
3628783 3704246 7341.0
17 25543 5249.0
176 1790 13795.0
14935 802334 9505.0
85 708 110672.0
166 1046 7337.0
141 783 15802.0
14226 121328 13072.0
163680 4310 5098.0
5244 21913 5024.0
79045 46 237198.0
36919 1458545 33651.0
127582 17 68050.0
221 21331 6282.0
178 645282 12227.0
779432 121328 12320.0
178 48824 5812.0
759843 4035455 11383.0
2048991 4177 13290.0
1854505 1862765 117973.0
1867058 18 215676.0
85 10829 4952.0
178 8997 4826.0
2866402 4177 11219.0
1498610 1942764 7578.0
4753 1474 8320.0
5235 157 5037.0
3567687 7288 6035.0
186 1152997 21422.0
478948 161 32247.0
645745 1855 63685.0
14935 455049 50332.0
164 17441 7359.0
15266 6 11720.0
9284 1366 5922.0
6505 147602 13367.0
849 716452 31619.0
3230 197 8728.0
384889 222 4856.0
14935 30091 8088.0
2949674 1902363 28577.0
849 1543947 13957.0
214 197 24772.0
987 7026 14790.0
10100 22471 12411.0
1973327 605 78856.0
21035 21036 6275.0
2133355 121328 5394.0
290977 6505 7199.0
164 6495 7440.0
4753 40 1152945.0
164 47848 6374.0
120084 1451882 5662.0
3095 39979 15455.0
208 92 152116.0
135 510 64826.0
2279009 1942954 6482.0
8134 419 9071.0
19886 682918 6265.0
178 72037 6559.0
14935 1863699 6827.0
2025864 121328 7416.0
6505 212 42286.0
3137 21913 8856.0
652058 859060 189374.0
4753 86988 5012.0
3740994 204 122065.0
583 35772 71498.0
849 87464 10153.0
100911 3035959 70894.0
28136 351634 26936.0
6684 679233 23756.0
849 1544154 6223.0
1480336 260561 86067.0
1607362 427923 109764.0
17 587 8657.0
119 176551 9586.0
1982621 2649414 62829.0
2590 1960229 11521.0
12844 583954 29641.0
45 46 230355.0
2607 2172 62288.0
1771654 1696890 56874.0
178 67630 8841.0
17 31036 8795.0
101821 366553 277820.0
162395 1366 11345.0
28136 395065 7350.0
613192 427788 29576.0
178 53940 16151.0
85 117178 6279.0
18219 222 17154.0
177 2048102 21740.0
16163 1032261 720624.0
15656 583954 45251.0
354661 672 53617.0
3643 222 12638.0
613705 48509 10170.0
884967 1366 7322.0
30 25 9507.0
2005509 9 4906.0
6216 6414 7844.0
1471775 4807 42686.0
17467 264 132303.0
1904 5421 5818.0
159 594952 70301.0
140071 271090 19035.0
217390 672 77670.0
168695 168271 59817.0
987 30173 7027.0
141 273 36601.0
178 1613584 47804.0
1361 1725377 5750.0
163680 2117 8690.0
344385 29 10922.0
672 278623 44774.0
1716 684 6349.0
849 16018 4895.0
103241 1032261 145032.0
126827 1366 9263.0
148 119 12750.0
523445 3733827 26327.0
85 209 5750.0
6721 1855 74724.0
23 366553 13772.0
68340 2278102 26720.0
282 92 47221.0
281 3362763 9226.0
65391 278 11837.0
5488 5487 6285.0
331619 12518 49908.0
1933681 313 5324.0
4753 117230 6388.0
460 89897 18470.0
118 119 17939.0
20335 249 22712.0
85 116656 5287.0
178 3333 769394.0
216174 82 6882.0
276165 359 6745.0
25522 21913 4967.0
1765588 1366 21932.0
613705 25103 8217.0
953982 260561 19775.0
2364451 323299 29046.0
4753 71 6869.0
438 307 128357.0
17774 2100246 6859.0
478948 45 11544.0
178 3690 7047.0
1869428 3095248 232990.0
231232 1366 4879.0
2050800 10763 7524.0
54 40 1511895.0
264 3051 15886.0
2073006 10763 6348.0
276209 359 6175.0
262309 117230 78810.0
512566 1321 7412.0
176 1732 4831.0
782034 121328 9282.0
849 14570 18863.0
178 407 9968.0
178 29022 10902.0
163680 1463899 5167.0
214 2869 6805.0
2279009 8945 21001.0
403835 82 8122.0
2823 11863 12234.0
2705024 7010 5149.0
2172 4952 31301.0
108943 1775692 159133.0
6221 1478 5795.0
178085 3514915 57214.0
271567 961 9346.0
78787 46 33043.0
320867 98 16689.0
28875 1775692 86310.0
78805 46 36450.0
14935 463802 5413.0
28136 15373 29214.0
695762 682160 21681.0
2932462 2278102 8161.0
1129 222 4723.0
1908004 14 38989.0
14150 82 5362.0
43445 10 5449.0
2154849 6 4990.0
1028691 283950 4794.0
221707 82 22633.0
630212 755475 14341.0
127871 1366 26679.0
68 96 65609.0
14718 2730363 15000.0
1099463 684 34136.0
1865 81582 13274.0
2644123 313 12515.0
1543872 490582 17579.0
1021 359 11395.0
178 557 14733.0
2649413 1990 10308.0
640200 95534 12999.0
289708 2172 58151.0
14935 463697 10053.0
178 21601 8344.0
48361 6505 95688.0
1771654 3389 7706.0
8171 3763 9542.0
783101 9 6075.0
141 274 18538.0
214040 6278 180795.0
17878 46 29388.0
559642 1366 7332.0
778935 512221 13799.0
186 262309 4741.0
1366 96519 4822.0
2333242 627 6622.0
120084 298234 6644.0
26 27 5090.0
7217 2621477 5103.0
23121 222 5512.0
6221 1494 6296.0
1898668 1326 49581.0
415810 46 44020.0
1946335 119994 23481.0
159 40 511386.0
1543872 21998 15593.0
371222 1032261 649479.0
8171 34640 4939.0
18382 19571 84310.0
987 489 16287.0
1066634 583 6953.0
2093919 10763 16245.0
1744798 4035349 6796.0
17904 46 129427.0
85 161 706779.0
842168 1366 5917.0
1093529 22013 7141.0
3579 10351 41624.0
68 1298 120764.0
178 26669 14081.0
41526 82 9585.0
2519193 281810 5110.0
783101 29 16946.0
275758 3579 6018.0
186 187 33478.0
2484097 2484096 21189.0
161885 46 31316.0
103369 34640 5751.0
178 276836 18634.0
288819 583954 11135.0
379786 10 5283.0
164 475480 496876.0
38287 82 36245.0
162 4410 8850.0
1839704 275802 13717.0
79044 46 24646.0
164 18206 17321.0
14935 805767 4928.0
214 249 13834.0
126378 121329 5016.0
7719 12949 10111.0
215467 6 8130.0
280461 1366 8092.0
439872 1366 11017.0
784 438 23671.0
2279009 4576 5488.0
133 134 804977.0
392 5839 6456.0
1907692 27 5836.0
308 6014 9240.0
119 118 29789.0
17863 583954 254996.0
374959 1321 6218.0
2010301 1899551 243108.0
20925 645745 5441.0
640200 11142 8188.0
849 366938 12591.0
114 14016 20492.0
1907712 1907714 189243.0
4753 1153009 9180.0
2087221 10763 948517.0
610606 930 5463.0
1610617 773016 5123.0
36461 219288 6449.0
1957 13963 5761.0
92230 6509 12687.0
93412 93413 5552.0
8524 4177 19328.0
31036 17 16630.0
89 521988 30395.0
478948 17933 5214.0
14935 48030 10581.0
28136 116449 7355.0
10346 222 4801.0
21036 21035 6524.0
17825 46 112933.0
379332 1980309 114732.0
296433 489 29208.0
4178 102644 7419.0
577637 1677347 87765.0
2009570 1902363 12290.0
13 14 196899.0
178 1631109 5043.0
178 306507 27931.0
13067 222 5314.0
6420 677 55994.0
3065 17 13410.0
8614 21913 4857.0
2053381 29 5677.0
2353 222 4922.0
85 32280 17660.0
2493425 1902363 27409.0
849 1544126 8408.0
14718 522096 13985.0
264734 222 24542.0
648 1892 32095.0
231418 1366 5746.0
110280 4177 13757.0
178 250552 17047.0
18867 121328 7438.0
2759889 32909 66021.0
28136 25687 20844.0
3682778 2826868 7369.0
451830 1366 5534.0
271377 1366 5218.0
3694 222 4754.0
85 12826 18031.0
277501 82 12838.0
2278159 2278102 6774.0
178 334673 6232.0
266114 330045 5146.0
636884 4035325 8086.0
34 24 18067.0
1141314 764789 28133.0
453813 6 7261.0
1945506 743642 14863.0
1729020 2169801 210936.0
4753 130763 7926.0
3095 42963 4965.0
163680 4357 5665.0
4178 377738 5914.0
452256 29 10828.0
555 1055 7464.0
1480358 120084 5254.0
4795 4801 5372.0
93767 1366 6973.0
28236 92405 7259.0
79098 46 50171.0
1911509 1555482 20057.0
1361 1611366 37877.0
2883871 2883837 14864.0
57906 46 17004.0
849 1544118 8649.0
6221 6763 8051.0
359 276133 8057.0
21122 121329 23627.0
3032091 1611419 120229.0
2211851 2883837 5921.0
316958 4795 6903.0
8188 222 4726.0
3817069 4021547 6409.0
238506 672 95610.0
1032260 131210 5827.0
2710 222 4763.0
164 255260 160190.0
79114 46 18896.0
282309 10445 15235.0
178 1768202 73595.0
460 14016 43722.0
7743 1366 9198.0
217390 1775692 36956.0
3534 222 4895.0
1032260 395262 6001.0
4753 120215 7943.0
177 139152 62442.0
849 29 255722.0
3020 1321 6588.0
2127273 121328 21044.0
101498 40 14817.0
14935 42963 29537.0
321 345484 8271.0
685740 299732 5494.0
185 106 177139.0
460 1055 17338.0
6278 91874 14569.0
178 3798 10696.0
11259 92 33355.0
14935 787948 6485.0
6419 46 63789.0
18139 46 169880.0
303 222 4710.0
521988 89 6284.0
4753 180414 5047.0
12 14 41617.0
1886314 1326 32279.0
359 276135 12936.0
2100246 40 105637.0
1022 3331 9187.0
608201 82 5936.0
4635 1366 10469.0
757 1055 7679.0
131147 4753 4937.0
4753 130876 6349.0
36461 204 10376.0
2009570 1880874 115953.0
10980 4177 19921.0
2607 2178 103106.0
164 47886 5855.0
671 672 250350.0
406 272 11329.0
1975873 1973269 4997.0
269688 1483281 20738.0
368777 672 36805.0
2149116 313 6340.0
583 383241 7505.0
630212 48509 6902.0
28136 130563 9874.0
60413 359 9742.0
103473 1857935 5702.0
426 21913 5065.0
26750 222 5975.0
3622 583 54912.0
744535 427788 44876.0
68 318 25860.0
3416 1855 26372.0
672 681750 57440.0
12850 46 158900.0
14587 15528 7411.0
677290 781778 22471.0
224 204 321739.0
309719 20493 24176.0
987 74734 11982.0
44 99 15714.0
9173 503 16342.0
586361 779 7236.0
531740 34214 10060.0
3333 3415 7557.0
103498 5488 9911.0
1716 240508 50546.0
361947 82 23060.0
1976345 2169063 129507.0
859307 1147621 22554.0
3416 1856 13467.0
264734 526510 24748.0
19886 696870 12680.0
460 96213 42296.0
14935 1558285 6096.0
2178 2607 96193.0
1566958 90 10892.0
28 29 79597.0
178 23088 7925.0
4037 248957 12425.0
215651 161 13491.0
298 192 16749.0
276270 359 9215.0
833 119 10826.0
2211851 6 17888.0
4144 4104 4809.0
11334 40554 21996.0
85 83 17937.0
359 276156 5014.0
685734 22013 6577.0
18145 583954 45080.0
415103 46 139076.0
849 101924 6454.0
103257 672 77044.0
4753 1120 7484.0
44886 183 8688.0
7841 4177 15287.0
289379 1366 14209.0
13963 1985269 42103.0
1950681 1366 65439.0
7819 1855 21448.0
474786 419 16696.0
1468997 327957 6481.0
1210 743965 39231.0
162 4454 13914.0
17 313 11405.0
291871 1366 11487.0
14935 21256 19105.0
1886632 308 40111.0
1533 42 35398.0
178 1909 8985.0
640200 77776 7249.0
2949 7719 165427.0
20335 307 11406.0
145228 21035 10700.0
63200 672 34754.0
18 14 41277.0
3943 92 5436.0
5967 4177 11563.0
48 1163266 43506.0
374416 1366 6313.0
164 29496 32677.0
1886543 10 8363.0
289 222 15075.0
3230 117 55761.0
292 2278102 26664.0
849 1597998 6759.0
162 19783 11740.0
135 222 25902.0
178 3043 6393.0
72170 438 8010.0
358407 6360 7895.0
4753 271092 4809.0
103481 82830 4841.0
333 166 169095.0
4753 17 201809.0
98294 4177 14794.0
645745 1687617 10835.0
781 238 16342.0
953982 77900 17945.0
452998 14935 562409.0
1973442 1973431 17537.0
849 1016827 7240.0
2005746 10763 6840.0
11 12 259680.0
576735 1032261 242019.0
382480 1321 4965.0
807408 1471775 5480.0
164 2716 44642.0
2082336 10763 1246194.0
849 6535 25075.0
321 342224 9731.0
85 195 19667.0
789918 2649413 93966.0
1417998 108943 65602.0
1771654 265930 5834.0
85 363 113858.0
359 276258 6602.0
849 3484 9697.0
849 1588481 10200.0
4753 139123 12438.0
3217446 8702 5324.0
6420 890 286410.0
21036 145228 8508.0
2015520 1902363 51082.0
640200 57382 6845.0
178 178344 10518.0
85 758 93311.0
85 158154 13166.0
1771654 265986 76691.0
17 321 5866.0
359 276148 5275.0
1021 606 7813.0
3148 2278102 43306.0
1880873 1880874 178652.0
8150 605 195211.0
135 561 64185.0
672 681954 22018.0
3628783 3703541 17718.0
509531 1143493 4963.0
490582 640200 5144.0
28136 31501 7577.0
5592 438 22440.0
219847 46 9633.0
2504623 121328 7962.0
4753 271033 5551.0
805 6509 9850.0
1417998 25103 65327.0
78988 46 22489.0
291678 2404 50852.0
1975621 13963 4917.0
7819 1856 14423.0
622 6420 26814.0
959339 385841 131424.0
281 3399613 12817.0
681922 672 34508.0
28136 20039 63848.0
114 460 128784.0
25677 1366 11768.0
1885633 1494 32378.0
37295 389324 7256.0
131343 1032261 282929.0
14935 270573 38112.0
11888 583954 465167.0
17894 46 31536.0
14595 1366 15341.0
6763 1074 309071.0
24 34 7478.0
17649 583954 17566.0
645745 77776 5250.0
4753 33866 5963.0
487593 1321 5320.0
19436 1471775 9392.0
1976345 1976289 131040.0
4021546 4021547 9788.0
681922 684 80571.0
119 4121 12916.0
3437392 313 7851.0
1046 1326 8889.0
96134 11517 7507.0
849 1099068 6863.0
641775 427923 28752.0
142007 672 22587.0
178 818 12205.0
136185 1366 9181.0
1725352 2394 7157.0
905334 696870 10204.0
1543872 10087 15628.0
1120515 693758 4816.0
2279009 1942962 5727.0
3381579 313 5441.0
2694272 1017311 4702.0
28236 5829 4984.0
207 206 30495.0
604 221889 132531.0
178 759870 5434.0
10351 3579 9823.0
283 92 104646.0
141 23732 16797.0
127582 121328 48441.0
1898668 1494 35295.0
630212 11517 6581.0
4753 815 5119.0
46 204 161282.0
849 644998 7579.0
36461 97 107553.0
1926071 13963 7799.0
21628 359 5230.0
178 647049 6362.0
531740 34461 7728.0
17 4753 192198.0
178 3742 20768.0
105 308 172619.0
610 531 76860.0
87563 121328 8557.0
14935 2156960 16528.0
241874 1321 4818.0
1118 1366 5895.0
2692 222 7518.0
1947551 1880873 43859.0
4753 116167 6549.0
21466 3405 93374.0
2004687 22013 5665.0
62 63 40476.0
17967 2100246 7116.0
164 524423 97038.0
3617 47971 803385.0
47104 222 41934.0
92 327921 5699.0
640200 476125 10393.0
855 1444 14037.0
214 4616 13564.0
96519 1366 5026.0
2870612 4177 14322.0
1886632 1886314 426496.0
273659 1321 11168.0
778 510 54397.0
1070346 161 139204.0
221 6604 20117.0
5860 342082 12634.0
424816 265929 6817.0
27306 135 12435.0
327248 214 13499.0
1504426 1596159 4823.0
706568 10 6689.0
17 2657176 46502.0
2172 20608 56003.0
1997702 1942968 48920.0
12221 286453 19283.0
816 101498 5277.0
232885 1366 6168.0
135 525 67346.0
178 1558 5057.0
141 183034 5357.0
14935 539910 6623.0
2831095 313 7549.0
217869 359 6322.0
319075 222 14405.0
333 106 173862.0
85 622 9142.0
135 243 129995.0
478948 47 10444.0
2166 222 5106.0
1942850 929 8453.0
103 302774 21544.0
174850 2404 265456.0
457350 2105132 5472.0
849 786263 4865.0
1553506 681922 18118.0
453688 6 6680.0
2211851 4 6724.0
3617 1596159 7900.0
59483 419 5948.0
3032091 1601014 7529.0
849 1592734 9794.0
8171 23408 14383.0
2178 20608 91456.0
197 2869 46254.0
19 20 52480.0
623 1153009 183523.0
251 171 15640.0
2393258 91579 14909.0
7991 21913 5251.0
31095 1366 5685.0
34 14 51852.0
2172 2173 45956.0
4753 12845 5916.0
477 238 205921.0
20767 222 5825.0
40466 82 13623.0
2690786 3680758 9235.0
99854 1366 10827.0
3067929 6 8837.0
521988 240486 8148.0
299732 32909 193311.0
120084 1450469 4814.0
1907816 14 7289.0
4623 222 7349.0
85 29984 20789.0
186 1153009 42583.0
5860 8072 6766.0
112 22995 16145.0
2082363 10763 1384579.0
523344 522459 10441.0
2590 422116 10731.0
44 1404 17386.0
4493 1321 8658.0
2097492 2105132 5026.0
4753 130753 10557.0
972028 1366 8387.0
2011233 10763 13369.0
2504299 121329 9545.0
2010301 1880873 90167.0
92793 315926 7852.0
4035372 1929673 13749.0
221 11808 10305.0
672 368266 15868.0
452998 3095248 10817.0
21605 295262 7313.0
2010301 1880874 381867.0
3997800 1596159 2615158.0
1734859 1773098 12770.0
1032261 73914 170964.0
103473 299732 5179.0
26 34 8033.0
68 451912 193542.0
190 6505 28225.0
1152974 19719 5888.0
48 68340 53460.0
217390 103257 9362.0
6634 1366 8284.0
168224 92 151199.0
58 97 80133.0
6505 101498 6547.0
979 42 642934.0
11208 92 31402.0
1716468 682918 4704.0
352832 352833 13948.0
164315 380069 12598.0
14935 463644 5331.0
146817 121328 12447.0
7 8 261166.0
135 136 148702.0
849 1545752 8572.0
1539739 121329 11967.0
30065 108943 16874.0
3309 222 4863.0
21605 295244 31936.0
613705 278502 13986.0
6599 1973330 64280.0
807408 2405 86610.0
849 559595 5897.0
1678531 92 38771.0
10124 98 35939.0
3617 1771654 77269.0
135433 161 13120.0
1543872 302068 15095.0
121144 131271 5741.0
402806 119 8924.0
39708 1366 7146.0
1950826 1366 5486.0
849 217542 15883.0
5706 232 5819.0
382 383 21703.0
1971169 10763 6334.0
174936 92 67911.0
2590 252024 5448.0
3051 920853 9597.0
270573 10 5743.0
178 697577 5830.0
106 1327 7603.0
1867058 27 9531.0
1536435 643 11344.0
851 278543 5436.0
294541 1366 42971.0
16472 222 5561.0
1886632 1893036 223672.0
6509 93439 9626.0
268710 672 31225.0
2100246 6369 5661.0
14935 72051 5860.0
2063514 2056229 6893.0
37582 1032261 260017.0
178 237674 6027.0
28875 103257 11976.0
867 34475 53223.0
17204 222 4846.0
17 2649414 13733.0
3617 1911509 23757.0
2105037 1775692 65456.0
4753 130658 6124.0
11207 92 30880.0
3880 224 4951.0
79127 46 65068.0
408037 82 13810.0
316 1637214 6496.0
3938 92 48108.0
2076774 2278102 40914.0
3032092 583 8397.0
240508 672 75924.0
807601 2405 108683.0
19886 2831077 7277.0
849 379133 6950.0
1578318 13963 12520.0
2279009 967 5728.0
141 838 18061.0
316958 32909 5003.0
2015520 1899551 195757.0
503 204 38639.0
3713 57061 6091.0
1885633 1326 32721.0
3051 197 26926.0
3589 1596159 4802.0
2046963 177 34135.0
48 130658 54587.0
3579 14570 115112.0
31353 135 8881.0
460 14019 35484.0
94302 646 9265.0
171 251 13251.0
28136 20403 5291.0
214 3803 5989.0
93998 2172 5833.0
39979 2883826 8532.0
139 40 262915.0
68 2753 216780.0
2076774 92 6506.0
147602 6505 6925.0
100269 1366 10998.0
1742279 40 137359.0
14935 2060303 8823.0
807408 2781 89000.0
1203 359 11554.0
2387291 1596159 21936.0
632 119 5410.0
920 6420 11539.0
2813690 29 18885.0
284019 121328 12258.0
460 645884 6986.0
1459281 266873 66762.0
1730434 1773098 147553.0
1471775 1093542 25805.0
79044 583954 6552.0
1868217 14 5759.0
164 36469 11500.0
409884 3579 5873.0
4090375 73980 20517.0
155683 46 27998.0
3011223 983800 36444.0
241874 1366 10766.0
478948 14663 5187.0
1366 351273 6725.0
140 161 207056.0
178 1171593 6214.0
76878 10 5520.0
789918 2036 351159.0
640200 490582 31458.0
6806 260 6064.0
3095 455049 8648.0
348 1494 25092.0
2785 204 5779.0
2279009 1942850 15533.0
141 19649 10210.0
9591 630206 6522.0
25548 82945 12988.0
4178 376806 11629.0
139152 177 360313.0
1629292 121329 5698.0
602581 987 6353.0
5897 260 9857.0
316016 1366 6154.0
1714015 1366 31401.0
26669 438 30236.0
252462 1366 11453.0
3954717 750 14999.0
1972395 121329 14072.0
248 264 11799.0
1120515 743642 4925.0
197 4201 9290.0
1969336 294 6279.0
109955 4177 23152.0
157 2154 9624.0
640200 802126 48195.0
119 1652968 38030.0
1104211 40 676352.0
849 111257 11261.0
178 157 29069.0
94 92 50068.0
6150 264 9315.0
886231 362 5763.0
58383 684 23959.0
362636 82 8876.0
1454198 1366 12128.0
813 814 30717.0
764796 1582877 7298.0
1151198 1366 10385.0
178 2793788 9173.0
2488055 92 5457.0
119 969 8783.0
3255145 313 18887.0
1135251 1366 25094.0
672 108943 130933.0
359 276139 6482.0
3348324 525112 4787.0
402806 41 7125.0
508889 1366 5253.0
191 222 10828.0
645269 973870 8599.0
609153 47896 9117.0
79084 46 67579.0
1929673 1776998 8008.0
2503 2036 364827.0
171 172 18857.0
2870782 4177 8105.0
358407 6189 7906.0
849 18272 6680.0
28035 1025811 8579.0
135 489 78867.0
645745 13079 7815.0
252353 1366 8829.0
2501468 1902363 9138.0
1716468 696870 21418.0
18478 4177 5045.0
15923 21913 13513.0
2075181 10763 12287.0
2928953 1902363 19876.0
778 779 555759.0
66576 64 4711.0
672 65391 82237.0
48 110 167499.0
2898140 8 87667.0
849 2958271 20139.0
1868217 27 6073.0
178 5162 5718.0
46 17863 5759.0
5932 6763 5066.0
190 6509 34716.0
849 79731 9126.0
4035333 229932 4810.0
682159 696869 4887.0
5 27 9823.0
723647 738707 478454.0
178 2590 34288.0
2944391 681750 264134.0
2156960 12 5197.0
1032261 605489 6997.0
4753 566797 5722.0
321575 1366 24347.0
17 222 19995.0
4753 530 6376.0
99855 1321 5270.0
778 533843 13720.0
281 57389 84847.0
87833 82 39773.0
1238 119 8738.0
1552390 855 41003.0
455049 6 9270.0
21036 696869 9261.0
849 3019 16158.0
444 119 21744.0
4266 92405 12035.0
78766 46 37290.0
63706 249 4728.0
17134 1366 5480.0
1607362 660643 64987.0
2015520 1880874 198717.0
9941 222 4963.0
1832576 1601014 5165.0
2826868 15476 10443.0
12221 278567 22069.0
488 183 187627.0
672 218874 35393.0
45398 313 5092.0
206 207 19655.0
14935 668514 6412.0
359 276209 7670.0
139 16163 5811.0
2135047 929 6927.0
1441 21913 11632.0
116 996 29308.0
5036 1321 5641.0
345542 46 34698.0
78964 46 54332.0
1138 222 4825.0
4753 9056 8187.0
2495062 121329 8958.0
2519193 1670072 11821.0
613192 427923 15060.0
3278 2005509 5091.0
45 583954 438527.0
849 13711 6267.0
406087 1366 8708.0
685733 2759889 6615.0
13105 82 9402.0
28136 490037 26131.0
90 2172463 6280.0
2052952 10763 5984.0
2976 1775692 30079.0
3278 458194 6178.0
165244 672 59798.0
1298 92 192203.0
6702 3904 42897.0
7822 21435 17352.0
10956 82 5174.0
6133 2100246 12715.0
1494 1969454 18128.0
90 2019015 4880.0
36301 1775692 45907.0
164 144451 25802.0
2885270 511639 11623.0
1877860 1879835 184952.0
3148 92 39349.0
52 53 180918.0
2147385 313 5693.0
85 34748 5305.0
2503 677290 642350.0
1791147 1366 7322.0
764815 512221 7681.0
387123 1321 7857.0
17967 46 302853.0
3758 1366 24429.0
13963 1985170 8036.0
6988 21913 7664.0
117010 1366 6200.0
178 1082424 29632.0
2707873 10445 5107.0
78990 46 46335.0
1583162 36971 15339.0
578570 1366 7935.0
147601 6509 8560.0
5733 82 10563.0
6278 623535 91496.0
6405 6414 8827.0
723647 738708 441374.0
78755 583954 7226.0
85 49 52312.0
359 276140 6177.0
28136 139132 5526.0
509531 585518 6872.0
3267116 313 9537.0
1082 222 17293.0
4753 290 5431.0
2976 672 196976.0
2501468 1880874 17540.0
25785 2172 16292.0
929 17 29380.0
178 17680 5406.0
47168 46 124985.0
1032261 16163 9040.0
231128 1366 5224.0
289 1904 13473.0
268283 1366 6374.0
688 278 6226.0
333348 121328 5799.0
119 1545 4786.0
28136 12047 26893.0
248 1038 20550.0
178 1185 5703.0
1299 119 9249.0
162 21331 5821.0
2087 1133400 11748.0
1468 176 5740.0
1504341 1504140 12748.0
135 305 181348.0
6216 2020310 8128.0
178376 1366 30838.0
2603116 2883827 5547.0
139 161 62851.0
1335 222 5208.0
218734 1172460 6587.0
13 27 13803.0
1198 1197 49631.0
28136 25619 8929.0
26 14 40589.0
2029105 10763 5240.0
4266 828 113775.0
17 2264059 84161.0
334628 286875 6707.0
13734 222 6469.0
85 8291 51178.0
14935 1417660 8103.0
78873 46 40450.0
3660 15476 11306.0
14935 445411 6082.0
10 27 9712.0
36736 168271 31693.0
26159 264 7535.0
1515598 10 8351.0
2858771 288132 17487.0
458693 29 4730.0
71357 295040 65543.0
49090 640574 30054.0
460 3333 16430.0
2036 1293 13567.0
735593 7782 5018.0
1865335 1899551 54020.0
1865 16348 11565.0
706568 6 6852.0
1312 560254 23591.0
17774 46 99219.0
583 5509 50699.0
5741 3879 18997.0
176 744855 8694.0
3597 40 34121.0
12845 583954 79848.0
178 2407 13433.0
723212 17 56498.0
1771654 265989 14333.0
1611366 583 13781.0
1947551 1902363 97858.0
2827832 313 21678.0
48361 6509 95428.0
1312 29893 5022.0
229694 1321 5521.0
85 17455 11005.0
6661 222 4751.0
294541 1321 13498.0
763099 14088 37600.0
14797 222 5470.0
849 773531 5375.0
2278804 2278102 8326.0
13317 82 22914.0
128112 40 4766.0
4753 116582 6447.0
640200 1975598 53751.0
2087092 2278102 32345.0
2941 14856 5717.0
3617 1895108 32822.0
438 53186 8220.0
688 232216 6601.0
1543872 17227 13598.0
1179 3161 15402.0
1932667 1613584 5340.0
1877860 1877861 89081.0
3010564 3010565 19357.0
641666 1366 10305.0
85 116318 5070.0
2063514 1954687 5370.0
2394 5946 5324.0
3416 7819 18917.0
197 2116 7195.0
849 5163 15736.0
96134 1855 56949.0
531740 271033 4773.0
215 119 13321.0
25 14 38786.0
149721 222 361857.0
96668 103988 7434.0
424166 1366 9861.0
2279009 2715587 6502.0
2211851 12 8907.0
239315 121328 5422.0
257331 10 6136.0
331058 1366 14884.0
2232045 10 6207.0
78923 583954 20253.0
2087218 10763 1229081.0
108943 30065 14279.0
85 741 93243.0
223 183 10406.0
14935 461995 8246.0
3879 222 5143.0
2064075 10763 26373.0
83088 46 9534.0
1607362 427788 106965.0
65391 672 103849.0
162306 672 64525.0
4753 465 6659.0
178 161082 7093.0
264 3803 24582.0
22066 438 26610.0
36301 641775 106174.0
34 26 7884.0
99 17 16503.0
78937 46 96607.0
880382 1321 5371.0
14935 39979 103830.0
4144 29429 20106.0
4753 18171 4733.0
2949 17977 9962.0
14935 1099226 14962.0
85 134187 8463.0
3803 197 57489.0
486919 1321 16981.0
816 204 208278.0
920853 264 43301.0
5702 5487 17182.0
849 976402 6428.0
78908 46 102587.0
163680 1456742 7493.0
849 2883830 61326.0
2474 222 5103.0
849 820732 5521.0
133 26679 13359.0
1292 162 4854.0
82244 240758 14230.0
779370 121328 11725.0
32909 492635 10626.0
1973329 605 418487.0
630212 600430 6441.0
2504 2657176 103861.0
4753 130048 14646.0
321 233323 11182.0
960997 40 4751.0
119 149 18552.0
1928878 1928769 302658.0
995966 46 34372.0
451701 4050 11922.0
17981 46 24836.0
126631 2278102 32831.0
672 174672 11370.0
119 1551 9164.0
298929 1321 5349.0
2178 1271 52034.0
1404 292259 8895.0
178 19481 5568.0
427923 681922 23605.0
1471775 299732 14976.0
1985 222 7756.0
85 146773 5544.0
1730111 1321 8288.0
116 117 65374.0
289379 1321 4930.0
4719 1366 7502.0
2061732 121329 7509.0
19886 682160 13226.0
486759 949745 4965.0
1907712 27 10171.0
3850 222 14473.0
14935 142415 9351.0
4753 29255 5430.0
920853 197 40996.0
164 17313 14103.0
865354 503 6032.0
68 283 46155.0
83034 1032261 596589.0
85 19721 22658.0
4946 469 4914.0
849 1004050 5103.0
4753 95594 19298.0
849 1557598 5581.0
155632 222 5124.0
17 238 14916.0
178 1575 9377.0
5 6 290780.0
48 119 12146.0
15032 222 10513.0
197 920853 30346.0
120084 133435 6754.0
14935 2159121 5565.0
98351 3148 6967.0
13963 1980330 15886.0
5129 135 39292.0
21209 21913 5706.0
348 5890 9089.0
297514 32909 190088.0
439311 13963 5800.0
87 86 282022.0
36453 4177 6815.0
42963 29 5037.0
681750 672 68686.0
849 56466 9607.0
4201 1038 5364.0
92793 315927 8109.0
12850 2100246 6034.0
849 383236 6828.0
28380 1321 4861.0
849 24852 56088.0
1147614 583 128468.0
17 503 12799.0
2753 92 105813.0
682160 696869 24271.0
264734 525685 23317.0
178 72987 21640.0
4753 7851 4905.0
2188588 1690921 5433.0
24830 672 21459.0
3278 1886543 10364.0
28236 828 29938.0
1543872 253406 14244.0
230400 1366 8266.0
7722 672 35072.0
718298 82 10339.0
3581 8408 8796.0
583 5430 8975.0
15225 1775692 16411.0
525838 1366 14018.0
2275108 2883830 5777.0
103367 56883 37764.0
10124 97 51403.0
214 264 16415.0
835893 2620779 9783.0
164 165 18418.0
796556 807373 49946.0
178 1146504 7385.0
12844 2100246 12701.0
672 36301 18942.0
950691 2394 5621.0
849 690175 10821.0
512072 1366 12252.0
717327 305 10317.0
636 92 112400.0
672 43337 12436.0
879323 90 4788.0
796557 807373 11296.0
178 319298 56996.0
681954 672 33557.0
2393225 2278102 11817.0
253 119 18436.0
452256 6 12520.0
2395907 580 9999.0
1625775 1509 5271.0
359 60413 11823.0
2838645 693758 13347.0
1907711 1872179 234919.0
176543 222 186704.0
248 197 12082.0
120 119 11408.0
3095388 313 16528.0
707 238 206481.0
3069 278 39913.0
178 12689 12441.0
9126 1366 11102.0
17805 46 40560.0
972 119 14333.0
4753 1002 6130.0
78934 46 36998.0
14935 86325 8975.0
231600 1366 7160.0
26 25 11144.0
764789 146817 23999.0
43337 1775692 44866.0
2339 222 5214.0
764796 3111759 6996.0
671 1775692 109221.0
178 11734 6198.0
8125 21913 5229.0
321 34381 31749.0
394819 6505 8046.0
867 63090 5346.0
764796 3226687 4912.0
849 801955 5614.0
849 698131 8653.0
162 12202 8623.0
28136 96469 26106.0
13566 11685 113350.0
119 1052 16316.0
165801 4035325 194216.0
331619 4310 20158.0
775 222 52799.0
39979 4 9891.0
2232045 6 7258.0
92581 1366 7057.0
4035328 2838 316790.0
867 2906 7970.0
28136 1807 26923.0
14935 786600 10066.0
2172 36295 26435.0
157 654824 19825.0
917167 121328 5613.0
2393258 3682778 9170.0
256520 376746 428726.0
1543872 10092 14277.0
2723080 2657176 99583.0
590225 92533 10055.0
121328 127582 449899.0
68 69 62475.0
162 8081 7508.0
379786 6 6851.0
4144 17219 11743.0
293497 490582 10146.0
85931 4177 28523.0
39979 6 31322.0
684 36301 14084.0
728467 1032261 416104.0
849 1463536 6406.0
9690 82 7745.0
849 12146 5313.0
268126 29 5249.0
982976 90 5947.0
135 513 114691.0
4753 11613 9423.0
11510 2831077 6799.0
68 2798731 9774.0
1471775 807408 30217.0
764614 240486 7758.0
14935 790998 6458.0
2100246 6289 7006.0
5521 222 5638.0
30 27 5145.0
849 692972 10722.0
79039 46 101945.0
42963 6 5868.0
529283 121328 16379.0
1856 17977 10494.0
17977 7719 58688.0
157 7825 18022.0
178 2591 5531.0
2750168 154 8934.0
5906 684 11632.0
1074 6763 17871.0
723 222 5775.0
13963 2846548 6436.0
166 1478 25571.0
509531 812224 5420.0
5762 828 65110.0
440940 1321 7832.0
190 40 543406.0
24830 684 6853.0
110282 4177 11259.0
27 14 166753.0
141 142 37125.0
359 276596 5025.0
17649 3311349 7128.0
29841 82 12471.0
1950681 1321 36418.0
2311396 6 8941.0
85 19827 4889.0
85 66576 8995.0
486759 335479 4923.0
222589 359 12889.0
158152 1775692 7576.0
2583 4410 13179.0
87695 21036 47634.0
1417998 1803080 32183.0
1032261 121329 45079.0
73646 1468 8321.0
17473 1802 4982.0
764789 1539739 5941.0
321 252609 26294.0
79095 583954 12833.0
14935 799190 6197.0
133 4454 14740.0
55 3398 15263.0
1592259 313 23603.0
3677 4177 22505.0
1775692 2105074 28927.0
119 675 28518.0
2156960 6 9200.0
96475 2029101 4788.0
358407 1172 7882.0
239315 121329 7244.0
681954 684 56803.0
6451 1550012 7817.0
184 40 788099.0
849 690305 6299.0
44 429 21959.0
590225 2441 9594.0
482712 40 10324.0
764796 3733826 26356.0
3061 222 9870.0
67567 4366 5037.0
13153 1321 4699.0
221 5930 17254.0
14935 54626 4867.0
960 90 15811.0
6505 96668 23878.0
276132 359 6126.0
5192 9321 9082.0
6809 17 7126.0
114427 1685192 6514.0
6150 343535 15593.0
310207 4795 34524.0
2497643 38 108146.0
224713 503 4842.0
6944 21913 21688.0
4807 37777 5017.0
25409 1366 10357.0
14935 19252 26858.0
2869 197 50556.0
207 2404 33583.0
18010 46 76224.0
623 1152997 40167.0
139152 17 7668.0
43617 161 7509.0
1099435 368197 5393.0
2450624 10445 7714.0
178 17244 6195.0
645745 95534 12844.0
2087096 2278102 12811.0
428809 18382 45806.0
14808 2029101 14063.0
119 1215 40294.0
3760201 3153066 31217.0
135 249 64450.0
178 664 7359.0
174047 92 28888.0
90 228309 4873.0
1032261 119901 10764.0
62 67 39064.0
85 117230 4725.0
2278101 2278102 7967.0
2440002 13963 10266.0
4753 130770 5566.0
13736 419 17857.0
5906 672 5307.0
1366 339075 5027.0
115219 1366 6898.0
116 197 49382.0
4753 137318 4942.0
3567687 10445 6250.0
37 3010490 6221.0
58 204 9078.0
613705 1975598 6364.0
488 136 192059.0
1144172 1366 6105.0
359 276147 11230.0
19444 835884 6513.0
961 343 18536.0
1321 273659 10434.0
1973260 491037 20827.0
1471775 22010 12137.0
920687 1321 5294.0
8631 1775692 59374.0
1366 6634 6462.0
262141 7838 5710.0
282 302807 14420.0
11408 583954 59288.0
849 1557782 8679.0
1677356 2278102 15962.0
2178 2173 151576.0
2082348 10763 5968.0
4753 1148 5554.0
641775 427788 29266.0
157 2004 13195.0
9173 121329 17859.0
178 47971 20242.0
11 27 9987.0
1046 1478 42197.0
238986 1321 4797.0
321 322 9013.0
148983 1366 7618.0
65138 4177 6562.0
759843 366553 204959.0
672 158152 14132.0
49090 641775 8154.0
154806 21913 15700.0
4144 1049 7245.0
1454966 1366 4890.0
1839704 339787 7827.0
17 183932 10073.0
304713 69 405682.0
509531 21760 7159.0
537970 413 5129.0
2063514 2647562 9154.0
14935 460294 15050.0
227712 44 5656.0
2029101 40 9913.0
2813690 2883827 4777.0
6420 1152997 87911.0
136346 1366 8865.0
84528 46 102580.0
8171 8229 4943.0
7722 684 14017.0
81167 1444 99895.0
298 3603 5646.0
373 463 21271.0
2013955 10763 4942.0
1366 233633 5863.0
140 97 54214.0
178 36462 7104.0
240153 7678 26829.0
4753 2997 4768.0
56466 583 5803.0
321 232826 10093.0
321 347980 9438.0
2712 222 6108.0
105 106 176539.0
308008 1321 5002.0
560330 1321 6643.0
14 31 6910.0
78783 583954 16519.0
233174 13963 10338.0
10100 630206 39359.0
288441 7792 8749.0
141 143 18527.0
290977 6509 7060.0
1555482 1596159 4858.0
383 382 400463.0
14935 160118 11508.0
20617 4366 5505.0
920853 3051 7020.0
1771654 15277 16652.0
6429 222 4736.0
292 92 115797.0
4753 138775 6010.0
1857935 4795 1153045.0
66449 48243 13405.0
17 121328 6304.0
68 2997 42515.0
243499 4177 5654.0
13963 521 21426.0
4753 131320 6982.0
2862778 2831077 6794.0
119 833 24315.0
789918 2657176 124607.0
178 2433 18004.0
1932667 307 38830.0
4753 130049 15575.0
1543872 57398 16640.0
2701227 204 20161.0
583954 583972 9185.0
86 87 83698.0
14935 1923989 6484.0
154984 1321 12138.0
23414 307 6532.0
778 271 9590.0
103466 299732 6649.0
1677347 1902363 11145.0
16 27 22580.0
178 23414 6413.0
474172 1366 5271.0
90 232208 17636.0
4795 1471775 9365.0
366553 101821 277280.0
2530 222 4928.0
302890 1321 4806.0
158152 103257 8707.0
478948 482612 7878.0
13650 438 43087.0
672 21035 15556.0
453813 10 6624.0
66449 36295 10710.0
56842 56883 8136.0
6869 6763 6662.0
25116 6509 6330.0
223091 57495 8520.0
672 165244 23058.0
26265 1321 8939.0
178 2860 16125.0
101849 82 11206.0
10495 222 4869.0
78873 1104211 53081.0
488 510 105139.0
78854 46 36058.0
37060 21913 4880.0
419677 82 7142.0
1886543 6 8796.0
600 222 5126.0
46 40 1887941.0
145091 1321 6747.0
613705 1855 12226.0
1471775 103492 7629.0
241 249 32076.0
3659920 204 232909.0
17 677290 228904.0
238506 1775692 104261.0
849 693402 11274.0
90 89 11453.0
2053922 4177 41347.0
682160 682918 26269.0
929 944544 4839.0
719854 759843 28687.0
14778 222 5165.0
505050 2029101 7814.0
2200 221 6913.0
829 308 174860.0
3059032 313 9895.0
119 1502 6178.0
178 1200 16927.0
1102 583 39567.0
1026768 1366 6587.0
374959 1366 10873.0
139 371222 5110.0
1004937 46 34935.0
36301 672 32737.0
849 1543950 6592.0
723214 261010 6495.0
178 40793 5651.0
164 2744 6060.0
127996 2278102 34907.0
171757 6505 4966.0
13594 1855 23678.0
282 11873 14729.0
849 165635 24848.0
849 525837 4913.0
264 249 6644.0
22013 32909 168178.0
2868230 4177 10829.0
17649 46 51035.0
329761 438 252359.0
553922 40 8719.0
640200 11304 5107.0
764796 3971823 7514.0
522096 14718 12717.0
4753 12048 5478.0
807373 796556 28158.0
1471775 23354 36064.0
685734 299732 6740.0
3485802 313 135441.0
94113 1366 44805.0
1930749 1321 37598.0
178 6323 20387.0
4035333 35059 6790.0
14935 2155202 6370.0
28447 4177 10282.0
2366 222 5182.0
460 531 6815.0
564605 1366 4998.0
1321 233633 5822.0
1189 162 7925.0
1879613 1902363 12936.0
34 27 4775.0
14408 1366 14997.0
4753 138657 7613.0
6729 222 5583.0
25642 1964 34816.0
119 632 14627.0
299733 4795 114972.0
293497 1855 18689.0
1360 1361 13097.0
14935 293527 4816.0
268815 9727 8527.0
613705 11517 8749.0
48 49 1204103.0
1893036 6763 32144.0
133424 40 33467.0
2172 2256 39296.0
71357 55029 20110.0
690555 1994233 6216.0
4753 57 6272.0
47 46 119067.0
1366 255504 6164.0
227708 44 5977.0
1904 1905 54230.0
468 902 19245.0
645745 20925 6426.0
1366 1146239 5544.0
2107328 3290 13781.0
2831077 696870 9074.0
849 815858 5272.0
37856 3051 82603.0
2202158 1942764 6643.0
849 2545 8922.0
2590 95056 82406.0
453688 10 4726.0
299695 46 7032.0
2145924 238 30310.0
523445 3713908 5137.0
177 176 20640.0
1861104 1880874 15749.0
4753 15439 6505.0
44886 271 7525.0
2267558 13963 6997.0
1984469 3290 5238.0
672 303801 5005.0
1780 1126 74730.0
185 308 183541.0
240508 684 82745.0
85 759 92713.0
1907999 27 9236.0
1745464 1520 6828.0
89 764625 17493.0
478 3581 26658.0
13981 260 9145.0
455926 9 7678.0
1771654 2560 13890.0
703 38449 36475.0
344385 12 5235.0
73980 4090375 17946.0
379786 29 6121.0
2497287 503 10634.0
849 10 255507.0
68 93 29304.0
85 246 100376.0
288409 1366 7383.0
613705 39330 6980.0
849 346740 4902.0
158 1366 7350.0
174672 672 11323.0
6988 222 8024.0
178 63664 9823.0
63271 103257 5438.0
494578 1366 5475.0
2393763 2278102 41433.0
455 3581 27884.0
8884 1902363 13088.0
6289 2100246 8487.0
609153 28426 49626.0
133 29429 4729.0
640200 1687617 7139.0
87695 238506 38142.0
178 3847 6059.0
28136 738709 38182.0
1093537 22013 5490.0
1853591 330231 4808.0
4753 42 5497.0
2364451 2449040 8636.0
26176 672 5584.0
4381 1366 6764.0
85 117448 40587.0
426390 1321 6515.0
1366 243560 6086.0
147938 82 13755.0
14935 583 299364.0
176 177 67098.0
455 136 44472.0
1886632 1898668 241481.0
2090570 10763 15277.0
178666 6509 11587.0
1928769 34 6741.0
1093529 1857935 4981.0
3761 2205 4947.0
6470 222 5472.0
285 119 7060.0
17 2649413 14669.0
9173 121328 5744.0
672 12949 44201.0
478948 18139 6651.0
354586 672 92691.0
5950 5951 8352.0
5262 696870 13772.0
6216 2021686 10101.0
36295 2178 55832.0
690555 1790 5252.0
14935 2040315 5228.0
276179 359 10722.0
849 1169961 11747.0
3879781 313 6122.0
276147 359 9154.0
1032261 40 118854.0
119 7910 39047.0
178 161529 9134.0
16479 222 5203.0
17 2278102 204795.0
1168288 1321 6682.0
19444 1464139 5974.0
276168 359 5441.0
849 6243 15869.0
68 6441 48775.0
8 14 38997.0
3278 2097321 5104.0
956 222 5197.0
640200 891917 14182.0
3790475 313 6105.0
2311396 10 6608.0
4807 4801 4726.0
114 768569 4730.0
13963 1977510 8269.0
546 238 192191.0
101821 2341831 17240.0
14843 14640 7211.0
3168 183034 7518.0
14935 134364 13003.0
221 12202 8455.0
129 130 126511.0
178 183881 28785.0
2217 1326 4733.0
19454 101821 174725.0
640 119 9289.0
380637 21913 4902.0
92 266678 11165.0
2333242 53186 7571.0
460 162743 9695.0
268126 6 5905.0
2395 222 8631.0
114 1596159 6457.0
299728 556155 8506.0
4753 962757 6865.0
179251 1321 7441.0
21532 4177 8498.0
1032261 204 49754.0
1366 111657 5366.0
202007 1366 10356.0
2483 987 30986.0
14935 1500352 16891.0
395065 723212 38156.0
4144 21331 5470.0
503 3293768 12520.0
171619 40 6521.0
3095 452256 9236.0
2275108 2883837 5772.0
478948 30087 4967.0
163680 687 5392.0
3051 264 24893.0
178 1423 5067.0
1971168 10763 68185.0
640200 6720 12022.0
42963 10 4930.0
849 2883837 87430.0
21965 103380 11627.0
114 96213 33426.0
1947551 1899551 437833.0
522038 522001 6222.0
6150 249 44812.0
14718 366553 58819.0
465994 1477261 16765.0
266340 238 150973.0
4550 92 61664.0
341 238 436326.0
157 598292 5316.0
178 5762 17846.0
1104211 204 10971.0
523445 2865036 7583.0
17 3065 10306.0
672 63200 23151.0
17862 583954 9786.0
672 671 91082.0
5762 92405 10959.0
178 53380 6186.0
120084 280574 5791.0
16259 222 4735.0
880382 1366 5036.0
12845 46 135374.0
133 5930 7662.0
17285 222 6798.0
978061 3117 9279.0
1371 207 24778.0
178 161149 5365.0
669 2278102 31482.0
424816 265989 8365.0
30087 583954 319025.0
360 222 6302.0
14587 14561 5350.0
276150 359 5220.0
270573 29 5118.0
7722 1775692 73432.0
68 174047 6205.0
181865 1366 8509.0
174048 92 120846.0
119 1238 6143.0
723647 738710 170135.0
418874 8499 31952.0
257331 6 5694.0
72560 4035362 16916.0
18867 687 6501.0
159 97 547098.0
1327 1326 11699.0
3258 440086 17106.0
227716 44 8274.0
239767 1366 5042.0
12171 583954 507018.0
763461 4177 24525.0
130336 121329 6794.0
282418 21913 14168.0
68 291 154359.0
14935 723612 8990.0
91080 693758 114012.0
103466 297514 8289.0
849 11492 15493.0
92793 315929 6018.0
5906 1775692 76767.0
164234 1366 5081.0
237 238 207982.0
672 681922 22173.0
476113 419 5936.0
460 768569 5853.0
493685 1366 5291.0
139456 177 342649.0
15981 21913 14227.0
31551 1366 12028.0
44 3065 27358.0
133 1646 6791.0
293519 4410 11105.0
1692264 1880874 22307.0
112 247128 22815.0
178 170715 10152.0
264 197 68687.0
98835 4177 21125.0
39979 2883830 8065.0
30 24 17414.0
103465 297514 9147.0
4753 271034 5381.0
1451881 120084 4699.0
1893036 1326 35680.0
234931 1366 7796.0
39979 2883827 8044.0
3278 2211851 12955.0
7551 3398 9275.0
4946 902 4768.0
2092687 13963 11752.0
3435601 313 17226.0
5541 3890 62343.0
677290 3049 21526.0
849 99543 11220.0
133 6604 4715.0
1935883 313 5074.0
2029095 10763 5317.0
15827 222 8015.0
14935 55864 7086.0
1907691 27 6601.0
28136 2754 26892.0
920687 1366 7052.0
2140308 859060 18132.0
672 240508 57166.0
4035324 9989 7339.0
849 1544022 6139.0
102121 46 185577.0
996 197 13558.0
116 250 29810.0
1975647 13963 5197.0
276140 359 4965.0
1898982 27 9832.0
1503083 121329 15941.0
849 4 102793.0
6405 2021686 10361.0
221 21267 6184.0
178 1098 5955.0
531740 371279 5826.0
599 197 6318.0
996 264 13561.0
321 14470 14061.0
4424 222 30558.0
17558 222 4916.0
91080 743642 116604.0
1366 134016 7967.0
197 3051 24101.0
1771654 5829 7262.0
17933 583954 407869.0
326871 1855 72944.0
3660 3661 15357.0
21036 696870 22955.0
350568 1321 5619.0
1822767 1898982 5197.0
23106 987 11990.0
1725352 687 11471.0
13776 40 57092.0
554434 121329 6227.0
73221 354486 6460.0
68 174048 30026.0
688 5829 169062.0
178 39864 7617.0
171376 272 8317.0
1872359 97 15879.0
764796 2877206 6470.0
2493425 1899551 91743.0
162 11808 10511.0
14935 471461 16918.0
98359 1366 6672.0
348 1326 26346.0
2660 2641 6126.0
16 14 22009.0
4753 85223 5310.0
28136 25593 13499.0
25 26 11019.0
159897 2088 6543.0
58383 672 9776.0
672 244617 5312.0
164 46012 664892.0
15827 21913 5649.0
1724166 368181 5367.0
1794 1126 32810.0
85 760 104982.0
298 3605 12660.0
11510 682160 14108.0
3733827 523445 7295.0
9886 222 5500.0
6133 46 14066.0
599002 121328 7781.0
764796 3430102 7189.0
1162571 419 13775.0
478 136 15340.0
21435 7822 17295.0
2393258 2394101 12819.0
1148 110 12208.0
78759 46 92092.0
589 5994 34395.0
101057 27202 56126.0
4753 70 9655.0
759843 4035403 5709.0
726089 682159 28440.0
2678 605 58596.0
2036 1341 17643.0
3708671 1942953 5711.0
79812 121329 6509.0
65121 801283 6036.0
2156960 29 9157.0
2036 3049 18666.0
1093529 8012 4803.0
2217 605 5832.0
36473 222 6766.0
815 159 396526.0
2590 92405 52282.0
368777 103257 18599.0
1695367 1871134 199883.0
320588 1366 11544.0
488 525 26174.0
4753 204 110337.0
3676 3677 5661.0
8171 11030 6193.0
7680 1463 7241.0
5762 265986 42763.0
289102 165244 58493.0
11631 40 71530.0
2723080 2649413 84499.0
178 3127 8832.0
331619 505325 5339.0
8295 222 4773.0
1113162 1834492 8654.0
868873 13963 7157.0
4753 209 4859.0
3313858 313 39992.0
490840 135 47872.0
254953 1366 5129.0
1686 1361 6754.0
1855 2949 9633.0
359 276134 7410.0
2286 162 6109.0
1230 1231 6300.0
1469606 512221 6158.0
155754 46 24168.0
178 1604 19732.0
2036405 1366 5887.0
318 49 20765.0
321 6967 4845.0
3258 783 14522.0
2420146 10445 11898.0
133 13205 622917.0
308 1478 26320.0
338 119 5729.0
4144 4115 4901.0
3416 2949 90622.0
677290 1293 25876.0
2005509 10 5030.0
261768 4177 12543.0
17964 46 49091.0
2087228 313 5518.0
22010 32909 100248.0
1076 359 6182.0
744535 660643 42963.0
2211851 2883830 5881.0
359 276173 15199.0
18003 46 54230.0
332 222 8318.0
6150 4616 20133.0
849 12 138220.0
1911509 1642064 6967.0
2701082 1879835 7355.0
6754 74018 7862.0
2883912 2883827 14240.0
276152 359 5763.0
133 5937 8321.0
78833 46 54374.0
531740 40 1289077.0
849 773379 24267.0
244327 82 9704.0
78800 46 43327.0
4035337 101821 51810.0
103988 171619 12221.0
243560 1366 26489.0
135 271 123450.0
159 139135 71145.0
2220 40 134243.0
2145914 238 15358.0
6216 5005 7133.0
3095 461436 5224.0
1172460 110 8536.0
4753 13866 14321.0
437 119 14720.0
43448 1321 6171.0
5760 2278102 27935.0
2275108 19 5201.0
1643863 987 20987.0
687891 413 32281.0
1543872 16322 14332.0
849 880881 12787.0
2275108 2883825 5449.0
3480170 313 11563.0
359 276150 6387.0
47 583954 76487.0
162 5930 19281.0
1592259 580 18359.0
289708 2178 55448.0
609153 2808 12859.0
14587 14803 4918.0
145228 672 46201.0
22066 265986 4952.0
318 2209794 10543.0
276133 359 6624.0
255444 354486 10263.0
1775692 2549164 203262.0
1271 2178 70318.0
124151 1032261 833080.0
717327 183 6807.0
2188588 1693874 4926.0
1925880 313 4814.0
154984 1366 17662.0
35 36 127784.0
102121 583954 501754.0
88021 987 19633.0
19499 2172 20837.0
2889138 1908004 79466.0
28136 1366 22967.0
478948 102121 7870.0
849 803525 5481.0
5487 5488 9824.0
103473 297514 5958.0
331619 4366 19600.0
14935 71535 5491.0
849 3095248 34664.0
3939 92 6453.0
12206 1366 5179.0
583 512 8554.0
166 1494 23950.0
554434 583 7249.0
1321 339075 5170.0
1972509 1975678 11084.0
2029101 36054 11297.0
849 4940 15701.0
101930 6505 8517.0
1886576 106 49223.0
339468 48754 41903.0
26250 4177 22221.0
190 204 54682.0
135 234837 58909.0
3733861 7819 6788.0
308 1326 36277.0
248 561 42219.0
1716 268710 5973.0
452998 19 32471.0
254027 1366 8019.0
1118427 1321 212089.0
849 406657 35777.0
1543872 31631 17704.0
613705 12958 9370.0
14 13 7403.0
14935 789809 6585.0
149721 192 29388.0
14935 1885489 7075.0
1462 613782 7537.0
418 419 6593.0
27658 4177 10719.0
162 6513 4997.0
112 1401 28430.0
849 743192 30973.0
1032261 9027 8018.0
2862922 693758 11264.0
89 90 75878.0
92533 92 192003.0
744855 1994233 7580.0
71357 39330 15089.0
2046915 10763 28608.0
3408268 313 18732.0
92209 6509 43232.0
102686 1366 5229.0
1637214 316 20455.0
178 37886 8365.0
296362 3065 5560.0
119 646 31301.0
71247 222 28246.0
4753 890 12362.0
6498 4753 29236.0
672 63271 68151.0
2502870 503 6750.0
685740 1857935 6046.0
4753 373507 5063.0
1749879 589 7633.0
30087 46 63804.0
4074 911 166876.0
414 249 10389.0
1468 139456 17803.0
346931 82 11513.0
653157 861579 638975.0
1972509 1977964 4702.0
20039 583954 59262.0
32909 1471775 9069.0
178 3808 210489.0
840485 204 9410.0
215651 40 352520.0
1904 222 1202368.0
12197 1321 53183.0
807408 8171 7115.0
227780 44 5036.0
402806 40 11536.0
101821 4035324 282741.0
33 27 10007.0
224447 1775692 66942.0
119 715 4908.0
835893 2759889 10064.0
178 86914 4986.0
78958 46 85077.0
13290 82 5597.0
849 20236 14825.0
2927363 2278102 9627.0
3680 249 9606.0
28136 130875 26889.0
116 375964 6178.0
869600 4079472 17453.0
14935 465159 7695.0
162 5937 20768.0
78961 46 42790.0
49213 249 40963.0
8171 605 444326.0
555014 40 4990.0
178 63117 7542.0
4753 920 6388.0
148536 407 8360.0
3997800 300 6839.0
4144 26679 12964.0
1879613 1899551 56295.0
119 545 13939.0
1666294 1861104 187913.0
1911509 334814 5345.0
16331 222 5556.0
101788 419 9305.0
3727 606 4719.0
317623 120084 5767.0
523047 121328 14948.0
1976143 1973269 5428.0
4035357 21164 108229.0
92209 6505 51669.0
1077 40 33283.0
1731750 121329 11327.0
169560 46 11017.0
849 6 288274.0
147600 6509 6077.0
148633 82 7736.0
85 118751 20796.0
672 414677 14905.0
2503 2657176 68340.0
1886314 1494 49164.0
7366 37377 22938.0
559624 1321 5232.0
182654 1366 18166.0
1471775 3713 14235.0
849 9 81698.0
313741 1366 6082.0
278891 12047 6758.0
2393258 1978186 19069.0
460 1895108 15878.0
764796 2771583 7091.0
2311396 29 7850.0
1032261 1550248 5150.0
241758 959339 46460.0
92230 6505 15856.0
6944 222 10672.0
290999 687 4749.0
835889 2759889 7183.0
4178 98588 11104.0
929 6800 11533.0
2729903 19 4697.0
672 238506 35430.0
1781382 1366 5886.0
14416 82 18813.0
157168 92 69176.0
590225 1554 10059.0
522114 892148 4823.0
178 161242 8993.0
5920 260 6008.0
2275108 2883826 5539.0
415871 46 233888.0
696869 696870 10664.0
2105037 2549164 57616.0
128043 1321 10665.0
36919 729988 6387.0
178 241532 13584.0
609153 337856 166363.0
1462 623427 7762.0
7723 640200 11717.0
190 961 24688.0
36919 1480582 4702.0
2869 264 33024.0
851 899 7343.0
1724 222 6053.0
120084 1451881 6220.0
675 119 6440.0
39979 19 8437.0
218358 3581 8335.0
1947551 1880874 491079.0
291999 137341 15066.0
1973 18171 10127.0
835894 299732 6534.0
1312 83060 5443.0
32909 4794 5361.0
5282 92335 11459.0
14935 243287 10625.0
587475 313 22213.0
388317 419 15114.0
2106307 10763 8178.0
1629245 1366 31438.0
154806 222 22734.0
139372 307 174860.0
783101 6 18262.0
126902 1366 6860.0
113275 119 11832.0
2172 25785 21860.0
29835 469 7292.0
343090 1366 36212.0
28136 2120 26930.0
1898982 1908004 218721.0
7252 419 10845.0
1471775 19436 16611.0
961 190 35298.0
27412 82 12790.0
13963 1985761 7156.0
3356676 313 5939.0
849 461436 7088.0
23658 21913 8307.0
141812 1032261 268724.0
178 20335 7794.0
272385 278 359781.0
2333242 307 181379.0
2758013 7288 7989.0
25 30 9023.0
155053 82 11705.0
164 182700 655556.0
93998 1017311 11013.0
849 6497 9841.0
14853 1032261 104994.0
257331 29 5587.0
105 166 172165.0
640200 2110345 34500.0
11963 222 12635.0
2813690 2883837 4735.0
781807 413 8781.0
5305 92 14106.0
1543872 1855 91313.0
92379 1366 5940.0
2534539 1017311 20880.0
4035454 1929673 7983.0
849 4634 16183.0
4027 222 6207.0
12222 71357 51676.0
882 222 9192.0
103498 2718520 7634.0
849 72253 80090.0
7722 77776 8409.0
1070346 204 100422.0
1074 1046 17434.0
849 2883826 73683.0
355 222 4842.0
849 2883825 69459.0
1775692 2105037 65359.0
1982621 2036 10848.0
1879786 1902363 5944.0
950691 1563 9557.0
14935 419184 6633.0
2579283 313 7282.0
25678 21913 5869.0
13018 1321 25340.0
297324 589 16300.0
2064068 10763 10160.0
1973260 2404 560131.0
17467 26159 196361.0
359 276141 9374.0
1975534 4178 9055.0
178 1932667 19297.0
3832 1366 13304.0
2011238 10763 9079.0
13566 21050 5038.0
3733786 7819 6455.0
343090 1321 24328.0
1954838 313 9411.0
68 162921 9165.0
221 5937 17545.0
94302 602546 22350.0
96 92 60479.0
1657 222 5640.0
21035 672 21860.0
249179 1321 6018.0
254408 1366 5219.0
2538 1126 107555.0
280574 120084 4798.0
11581 222 4930.0
119901 1032261 98735.0
2364451 1523875 10266.0
46 161 157182.0
630212 6720 6369.0
851 852 4833.0
2279009 1942953 5496.0
25785 2178 25581.0
298 249 18525.0
4327 222 5057.0
546013 4177 27756.0
7775 222 5341.0
1906019 313 10947.0
43215 503 25242.0
4149 82 7682.0
78845 46 53511.0
87669 1468 4818.0
4753 82 6237.0
1886576 166 46407.0
4753 116062 5233.0
18382 240508 84967.0
3904 3905 73011.0
71357 56199 14988.0
119 1836289 28198.0
1429394 1883353 5804.0
334814 1596159 4810.0
3997800 1613584 3837628.0
1732531 589 5984.0
5576 21913 14391.0
139 97 57947.0
272007 82 8913.0
1948414 6 6531.0
1856 7719 144095.0
162 4104 5112.0
2077429 1980892 8957.0
522097 522289 18608.0
849 395 16045.0
336 531 88508.0
14935 2076296 6704.0
2393258 2205 30969.0
1032261 97 138646.0
7551 241040 19055.0
1803080 1775692 172578.0
14935 2151953 13274.0
2729903 2883827 7222.0
14088 327247 70923.0
19454 167542 63905.0
640200 402855 14310.0
23354 57061 6810.0
149721 8063 71829.0
28136 296806 23850.0
2566858 1946335 11011.0
1482834 120084 5300.0
39716 44 5239.0
2387291 460 23017.0
681779 672 54291.0
2852803 40 32401.0
94302 1463671 4734.0
4178 384640 11399.0
1096532 92 13196.0
849 1463673 7597.0
49213 561 6171.0
222044 46 5009.0
3617 2364451 8095.0
320588 1321 6110.0
3061 21913 4938.0
1771654 715378 9416.0
3966 21913 9935.0
5447 2109 28892.0
11510 696869 4753.0
25566 1316 12101.0
2029104 10763 5743.0
755320 605 10162.0
1976970 10763 5798.0
162 16984 4851.0
3527835 204 210647.0
6505 171757 16695.0
627767 24830 22505.0
2036 781778 11495.0
7551 1170909 494028.0
44886 136 5872.0
109900 605 21479.0
82244 20493 6984.0
103148 56199 5944.0
4753 6498 8936.0
178 1210 16836.0
849 4480 16089.0
103257 218874 6290.0
85 957 121724.0
194865 1321 12429.0
162 6604 21801.0
640200 14542 8388.0
849 1544121 5928.0
2010301 1902363 87902.0
331058 1321 9243.0
339075 1321 7995.0
849 862205 9319.0
490850 25103 13634.0
677290 1341 46047.0
849 1771910 43578.0
764614 89 6280.0
1771654 5838 4994.0
5366 325 7386.0
2088625 10763 52424.0
455049 10 7840.0
1321 316016 13271.0
28136 26966 5118.0
488 243 36810.0
178 1988 4763.0
14935 599330 5241.0
2541815 249 5995.0
303801 672 5546.0
119 120 33343.0
2393258 1984279 25238.0
672 2976 66746.0
159 1548177 53004.0
509531 583 145253.0
2649414 1341 10280.0
221 26679 13376.0
1037799 419 10385.0
262304 82 14317.0
139212 264 32720.0
5860 117 40624.0
458194 10 12528.0
4043718 90 5503.0
849 2547 7246.0
2723080 2649414 68392.0
11148 987 12294.0
672 1775692 245317.0
1454321 1321 6627.0
1904 249 220908.0
68 175387 9335.0
816 40 207379.0
2750168 155 8936.0
4753 622 5732.0
672 681869 29382.0
849 725418 12707.0
1543872 31632 18143.0
332 21913 4855.0
4753 625 5848.0
405772 1321 9341.0
3333 14623 180590.0
2004687 297514 6265.0
1886576 308 41122.0
11737 248957 12225.0
85 15216 5388.0
5822 2596 28906.0
509531 1515598 8418.0
78964 583954 15412.0
759843 1459473 5526.0
929 35772 105595.0
270573 6 5833.0
1321 1146239 7610.0
458194 12 6850.0
394627 1366 9989.0
321 670 16826.0
1886576 1885633 212010.0
487593 1366 15832.0
1459279 266873 16389.0
68 174060 12161.0
829 348 169373.0
4753 95426 7089.0
178 1561308 8454.0
1580749 796557 21914.0
359 276165 8498.0
2997 92 138823.0
218802 82 16494.0
264 2869 28442.0
56856 605 20095.0
849 5509 48262.0
2126450 299732 6387.0
971939 2405 6273.0
2503 2649413 56567.0
15032 21913 21373.0
1730111 1366 21978.0
163680 1462526 5263.0
1904 512479 59310.0
10124 73914 5080.0
2884251 12 79882.0
2178 4952 68148.0
178 189838 5710.0
4753 92 9963.0
110283 4177 6673.0
849 215388 6763.0
1886543 29 7667.0
244617 672 12155.0
119 1653 23150.0
85208 1855 67151.0
17855 583954 17603.0
1822767 3 5592.0
759843 1141 7193.0
321 1685521 18068.0
3794 222 7982.0
46 17933 4825.0
114 89897 29168.0
8884 1880873 18595.0
176 1468 9040.0
326871 48509 4770.0
829 106 168383.0
15278 3405 48877.0
438209 21913 14176.0
4753 1321 4886.0
672 58383 5271.0
849 1473281 5166.0
149721 249 102682.0
2590 12443 16201.0
20818 21913 14118.0
682159 682160 17980.0
428812 455403 5857.0
3708671 4576 5733.0
2464734 313 16558.0
10256 222 26217.0
1093537 1857935 5831.0
488 1617179 5784.0
11510 696870 13579.0
1453582 1321 11928.0
178 4266 17070.0
6505 147601 26907.0
17813 46 62541.0
849 1557519 17325.0
186 673131 71401.0
1975994 13963 6098.0
94113 82 8402.0
70 71 7836.0
306799 1366 7770.0
849 819344 50239.0
4177 4178 25411.0
178 1771654 31542.0
164 255258 262673.0
17774 583954 68796.0
65 64 44905.0
10816 92 5473.0
90 240486 22628.0
111525 119 10705.0
249179 1366 11845.0
461436 6 4830.0
44886 912797 12898.0
56199 71357 7567.0
106207 419 89732.0
159 204 922149.0
1032236 1321 14538.0
2521 307 5122.0
249080 1366 6016.0
15 14 9778.0
630212 1855 62560.0
116 3803 11553.0
10445 2700 5612.0
727830 4050 23363.0
145454 1366 5380.0
186 290 366798.0
326871 302068 5311.0
559529 121328 17736.0
604 605 212237.0
164 329956 65157.0
2949 1855 74737.0
2147614 313 22636.0
2090568 10763 5785.0
1716 1775692 28539.0
197 250 17505.0
9182 540096 23735.0
14935 117627 7369.0
653157 680575 78766.0
348 1074 7798.0
92 40 19236.0
1811 183 14319.0
68 46051 27556.0
14935 785872 15631.0
959339 380099 6598.0
2956 21913 8906.0
488 526 17550.0
137 40 1351310.0
764796 2823113 14551.0
835894 8012 4829.0
276157 359 5452.0
232 5706 7327.0
92793 315933 8142.0
4753 130936 4887.0
1543872 3437 17362.0
326871 16896 13417.0
1215 119 17064.0
164 45236 17489.0
453813 29 7085.0
405770 1366 5607.0
1832576 1601644 6260.0
68 2087096 5460.0
20 14 38022.0
162 21267 6554.0
11408 46 26459.0
15225 24830 19298.0
221 4454 14072.0
4501 222 7557.0
36892 88 24631.0
231443 1321 4706.0
835889 2620779 6973.0
15563 1321 4786.0
87695 672 561909.0
583 1897652 15693.0
849 816193 9037.0
178 36476 9606.0
5761 222 5101.0
796556 796557 26420.0
1932667 1596159 5434.0
7217 502544 171799.0
119 864 9897.0
133 986 5957.0
1975812 13963 23176.0
789918 677290 584119.0
11771 460 7232.0
2871777 2772732 5147.0
1805900 1118617 5043.0
613705 6720 5060.0
996 116 17154.0
85 247 110267.0
2279009 1942958 5956.0
46051 92 63665.0
849 1543948 10480.0
606 3489 11477.0
1994223 313 137526.0
1366 1864 8768.0
17 163680 33779.0
85 1002 4903.0
4035324 101821 283609.0
120084 20149 6240.0
178 2100659 4984.0
672 8631 19305.0
1084554 321 23021.0
103257 368777 6227.0
11334 131111 4820.0
4753 1097 4818.0
2759889 4795 223502.0
1547815 34231 5301.0
78872 46 44598.0
141 388 36406.0
21321 222 4713.0
2053641 2772732 7121.0
141 205 18504.0
28136 328738 9947.0
120084 1452630 4807.0
214345 1321 5035.0
849 599378 12490.0
19713 987 35770.0
97966 1366 13564.0
158152 672 28323.0
14935 1768596 14778.0
586082 40 7102.0
166 6763 36352.0
4753 20493 8352.0
119 113275 30179.0
227701 44 5235.0
881325 1366 6738.0
521989 89 6441.0
583 55198 7722.0
849 523 15977.0
1622 1939704 8745.0
296710 50816 11717.0
640200 95140 8028.0
289 21913 67707.0
13421 121328 17145.0
2036 1990 19223.0
23745 21913 8067.0
455 183 112605.0
3208551 313 7998.0
1543872 22742 17451.0
3020 1366 12718.0
312620 312868 8151.0
68 292 142038.0
1452643 120084 5092.0
14935 455128 13018.0
14061 222 5246.0
88 36892 44691.0
488 249 83505.0
849 1558115 6046.0
1050390 266873 16390.0
686417 249 5421.0
645745 755486 11617.0
3032092 645329 59623.0
458693 6 5085.0
1601991 368398 17228.0
119 178062 13052.0
1997702 1753503 48906.0
4144 6604 18653.0
4753 118462 5581.0
778 2527205 6571.0
663726 46 102830.0
764796 3713908 4858.0
176 690555 24712.0
4970 4971 9133.0
120084 1451770 4709.0
849 1065 9302.0
191 21913 22191.0
2705024 1622 4752.0
451 222 4750.0
44797 1321 4979.0
93767 1321 6994.0
99855 1366 9233.0
190805 121328 6002.0
14935 2437214 5070.0
5262 682160 14291.0
4753 12844 5817.0
24019 1366 8532.0
199 119 10673.0
1729020 1116779 7447.0
71357 7679 4780.0
74274 121328 60267.0
248 76977 19623.0
4952 2172 24015.0
4753 115363 5264.0
327247 14088 123794.0
682918 682160 16320.0
1925345 1771910 325491.0
103465 299732 7107.0
27326 1366 4895.0
2641 2660 6125.0
1248 119 6474.0
609153 3351 4815.0
1043 1366 10150.0
849 1155025 5305.0
455 305 16801.0
3278 15266 11430.0
185 166 183206.0
296 297 518702.0
119 1855567 35668.0
12222 623427 41123.0
43445 6 5704.0
2393258 2835984 16367.0
1961052 10763 7824.0
178 23189 28176.0
162 163 3281481.0
95 92 115511.0
7827 222 7342.0
141816 1032261 261817.0
178 1739 9106.0
4366 222 22598.0
131271 121144 11492.0
499925 413 134190.0
2378888 2278102 19885.0
20608 2172 9098.0
119966 1366 6011.0
9 27 9887.0
117 249 11235.0
160642 1366 9686.0
14935 452998 51437.0
492635 344627 4977.0
602624 987 4881.0
455926 10 6796.0
4753 1366 8514.0
76878 6 6101.0
2166566 238 9394.0
68 1554 24652.0
13963 103800 4700.0
178 183932 13327.0
929 229806 6125.0
4229 2129 24960.0
136548 1366 6354.0
12171 46 119397.0
299732 4795 1524749.0
1980295 3661 23571.0
1120515 1942764 13894.0
221 1646 10007.0
1907785 27 10063.0
609153 11845 20031.0
101498 6509 7033.0
444810 1366 11547.0
376746 256520 310351.0
85 890 9179.0
1653 119 5411.0
44 248957 12588.0
178 5447 46115.0
723312 36971 12253.0
521 2010324 4782.0
1366 316016 9374.0
327247 14592 8666.0
15373 248957 12359.0
68 1504 40131.0
583 14935 33553.0
2813690 6 20678.0
682 1366 6763.0
4753 2441 5343.0
2279009 4394 5940.0
18994 82 23132.0
162921 92 27320.0
929 1611366 52202.0
2010 144150 6541.0
162 30823 13743.0
276141 359 7717.0
3333 183 1912698.0
17 6809 5284.0
3755825 764789 6948.0
68 162922 133934.0
613705 93920 8957.0
260 5920 5640.0
2167 162 7831.0
64 66576 58960.0
4753 119784 6342.0
3617 2590 32547.0
905334 682160 8455.0
15407 222 6798.0
440438 92 19508.0
1076610 1942764 5263.0
1973329 1977841 7949.0
645745 402855 5378.0
11888 46 131597.0
27550 1366 7277.0
13963 2149851 7768.0
1973430 1973431 33834.0
276359 1366 6967.0
1468 139152 49242.0
835894 297514 7670.0
1543872 27774 15655.0
640574 49090 37561.0
14935 877842 9812.0
971939 6579 18870.0
559529 121329 15579.0
796556 871217 235600.0
4353 1321 14476.0
871217 807373 483896.0
28625 857 21406.0
91 92 61433.0
221712 1321 4775.0
271567 190 18792.0
28236 270862 27463.0
1822767 7 5032.0
298 3604 12881.0
43445 29 5075.0
276137 359 6494.0
36919 1510959 6462.0
849 822310 11814.0
2088624 10763 4932.0
1474750 580 18305.0
2107168 10763 5438.0
1771654 3415 10102.0
1828282 605 207662.0
1610617 1017311 4940.0
2092171 10763 8768.0
2100246 204 266177.0
308 6763 23606.0
2126450 22013 6457.0
2178 2256 49158.0
359 276137 7896.0
1321 134016 6883.0
696869 1774605 17771.0
92793 315932 8141.0
488 80122 306206.0
4178 353046 10914.0
656519 757 6440.0
2831077 11510 6123.0
163680 821 5341.0
14935 386607 8658.0
1515598 29 6650.0
147600 6505 5889.0
3348324 525306 5010.0
17 127582 37978.0
14592 327247 16189.0
2053381 6 6680.0
1716468 11510 7777.0
178 1015 6084.0
13592 4177 12209.0
135 182 127739.0
3433 583 22118.0
511639 452998 155890.0
353141 1017311 11796.0
15266 12 6269.0
70013 249 17924.0
1419838 240508 155587.0
106 1478 23766.0
672 15225 13201.0
2813690 4 7519.0
85 116644 5225.0
17863 46 439184.0
178 78109 7350.0
613192 431355 44599.0
4753 120711 6431.0
5672 334859 5600.0
375 119 21868.0
849 1557492 5087.0
333 308 169678.0
71357 12222 9745.0
119 199 32506.0
672 1716 9101.0
4753 12850 5745.0
503 2828355 9683.0
2590 893 5447.0
3230 4623 5681.0
1578 1366 6627.0
268126 10 6330.0
645745 802126 15615.0
214301 222 6191.0
4753 19528 7002.0
849 45815 9998.0
672 681779 37212.0
1976461 13963 7675.0
967544 6216 11334.0
849 276280 6748.0
14832 1032261 116222.0
1366 262701 6687.0
7001 299574 4829.0
779 778 53886.0
22535 222 5181.0
4753 130689 9648.0
23487 1366 8158.0
2068178 10763 8908.0
1543872 268142 15398.0
478948 17814 7479.0
4753 139145 4746.0
241542 16083 8080.0
796 21913 6007.0
696870 696869 7375.0
3760201 5509 5373.0
178 1426677 7997.0
867 605 381776.0
1904 23732 12835.0
71247 21913 8391.0
359 276142 11673.0
468 469 19070.0
54463 6 9543.0
175387 92 108273.0
1716468 682160 17435.0
178 2387291 162968.0
1049949 1366 5091.0
31 13 12137.0
68 636 279781.0
1863173 1883353 10249.0
1904 289 12886.0
19454 23 176445.0
531745 121328 7144.0
1771654 490191 19278.0
164 49018 9554.0
17 106 33178.0
3095 583 82837.0
176543 2642 4914.0
144445 17 7645.0
178 53648 5347.0
92793 315928 8127.0
268296 1366 4782.0
382983 222 4755.0
48 25642 71873.0
30592 1366 6466.0
3087119 313 33142.0
178 868347 11197.0
218874 1775692 60149.0
780179 13963 30258.0
68 174936 9355.0
14935 2078744 9545.0
3803 744 5190.0
197 530722 5344.0
2187 2188 6164.0
123252 1366 16869.0
6441 92 108077.0
849 690848 8610.0
672 142007 11516.0
681779 684 51697.0
163680 222 21784.0
3515 222 5022.0
292785 80625 12017.0
452256 14935 5831.0
687 496305 5596.0
729 222 5690.0
147602 6509 6771.0
1865 228512 18220.0
76878 29 5629.0
1543872 26931 17876.0
162922 92 39786.0
178 13041 10450.0
14935 455093 6442.0
21892 82 16171.0
117010 1321 7228.0
681869 672 42461.0
1197 1198 563867.0
7551 119799 91881.0
2264059 680575 159031.0
14935 782581 6326.0
186 86988 171827.0
36919 1690480 23298.0
517 222 14159.0
14088 71357 43946.0
4144 21267 5749.0
640200 1855 142728.0
2266 222 4718.0
16 13 163317.0
2861594 1774605 8988.0
19454 759843 35503.0
178 1083 13508.0
2603116 6 5994.0
339075 1366 6872.0
162 17219 12126.0
640200 755475 4984.0
14935 19642 11988.0
2048102 1468 7955.0
68 5760 433891.0
135 526 65497.0
2831077 682160 7458.0
867 63233 5333.0
849 1897652 5005.0
3230 264 6892.0
16284 121328 7407.0
1925888 1931272 229671.0
395065 127582 38668.0
2004687 299732 5586.0
16284 121329 8256.0
12844 46 104246.0
688 236 6272.0
29113 82 5324.0
178 146715 18940.0
278623 1775692 241486.0
68 440438 9702.0
28236 893 25725.0
366553 14718 52212.0
849 1414 10574.0
515402 82 10654.0
1469219 512221 7330.0
1886576 1898668 240895.0
1607362 381724 25306.0
14935 1536257 6970.0
14935 26505 26880.0
248957 764789 11700.0
138775 1032261 500068.0
248 343535 21374.0
2732 222 7031.0
5371 222 6350.0
405785 1366 7029.0
17 605 25819.0
3860 222 5239.0
133 2716 20911.0
296433 249 1183079.0
849 592425 8793.0
38 13 5588.0
14935 2160691 5349.0
142374 672 7905.0
1271 2172 17577.0
388246 1321 5846.0
452256 10 10902.0
162306 1775692 221685.0
2393258 1695839 15593.0
178 213416 6184.0
1771654 5874 19000.0
473 21913 8675.0
3680 307 10153.0
4753 131322 4751.0
135 141850 44653.0
93 92 60867.0
1093529 297514 8571.0
7910 119 13185.0
1886314 6763 33058.0
139 14832 5257.0
1130359 583 4749.0
28 27 9540.0
796 222 25385.0
2893110 3680758 11040.0
4562 222 4744.0
31171 40 333751.0
2103237 10763 6483.0
14935 219464 5847.0
11334 110 25863.0
321575 1321 9408.0
197 1812 5201.0
14935 461436 25676.0
1790 176 30975.0
14935 1894420 14924.0
145228 21036 8512.0
21036 682918 6374.0
7719 1856 5281.0
140 30087 4830.0
161091 82 6034.0
359 222589 15288.0
1496989 121329 4786.0
12222 640197 8849.0
2139248 168271 14710.0
33637 82 5988.0
101273 1366 7388.0
273575 1366 14838.0
849 809707 5759.0
296368 121329 8777.0
28380 1366 18243.0
235 117 92827.0
1840111 288132 8104.0
1471775 4795 33074.0
164513 327247 5985.0
1366 28380 17647.0
344385 10 10952.0
2364451 14019 23295.0
147601 6505 8733.0
3631 222 4995.0
14935 453688 6266.0
531740 97 27858.0
402806 49 9565.0
13963 1977234 4895.0
681869 684 106590.0
1911509 307 488996.0
1976351 13963 32297.0
640200 2120741 65556.0
1774605 19886 7353.0
14718 4035325 387645.0
1592 3808 89566.0
276139 359 5334.0
460 114 142741.0
6420 1153009 310200.0
1886632 1885633 214429.0
44 327 41619.0
290999 121329 9571.0
44 227 14771.0
2729903 2883830 7541.0
240153 62628 25547.0
178 1895108 16887.0
2127301 1366 8731.0
1880874 1880873 89923.0
3211 222 5045.0
764796 1038491 11045.0
929 1725377 8720.0
171619 6505 10594.0
553 238 404227.0
14935 437659 5769.0
683217 204 313812.0
64 65 64104.0
160 204 29199.0
2393258 1974306 19028.0
85 53 4799.0
807601 2781 101711.0
2011252 10763 12310.0
1990073 10763 47242.0
48 269704 5457.0
359 276179 13017.0
2488044 121329 11540.0
460 1897652 20352.0
2861572 4177 23002.0
723647 738709 170187.0
2647 222 5211.0
3 4 286348.0
3617 5447 69275.0
2928953 1899551 52447.0
44797 1366 6039.0
9591 22471 30359.0
162395 1321 5724.0
13963 1150337 5798.0
276134 359 6134.0
4753 73914 121197.0
849 256072 6027.0
102414 82 21553.0
119 640 36877.0
2862778 682160 6479.0
2052956 10763 21271.0
2232 606 5720.0
2063514 802126 7206.0
18382 681750 84570.0
16896 326871 13368.0
359 276136 5955.0
759843 4035323 5700.0
5932 1478 5975.0
590225 1807 9644.0
17 3311349 6980.0
298 3606 10344.0
2054960 17 7433.0
178 183875 15116.0
358407 15206 7912.0
17967 583954 117733.0
178 89645 15514.0
17832 46 132361.0
92 136408 9931.0
6405 5005 7693.0
2497287 121328 8697.0
359 276191 5721.0
17467 197 483143.0
178 2640 14467.0
1503083 121328 61210.0
28136 131425 12995.0
583 12823 5000.0
178 3643220 14035.0
9008 222 6442.0
2813690 10 12317.0
16648 222 5355.0
9345 4177 9210.0
2279009 5015 15043.0
100997 987 18078.0
1119 162 5887.0
20690 222 5028.0
13566 89997 11638.0
186 85223 147950.0
166 207 13372.0
12949 672 7014.0
190 97 158380.0
672 103257 68811.0
5860 260773 9482.0
178 147 5958.0
139707 672 7288.0
4178 262690 11043.0
627767 15225 8658.0
4753 130047 14696.0
640200 2110779 159696.0
1886314 207 7549.0
119 176555 9116.0
4946 8093 4740.0
56898 735633 8771.0
1637214 6505 13342.0
488 271 167416.0
645745 25103 5051.0
14935 54463 56002.0
1564 222 4810.0
1981275 307 5471.0
4753 131147 8102.0
18145 46 64412.0
1716468 19886 8117.0
135 183 144947.0
2057707 10763 21692.0
197 3803 38184.0
197 264 124523.0
108943 672 182121.0
458194 29 9976.0
1973260 8025 41070.0
849 476777 14386.0
39322 21913 4937.0
52163 4177 20005.0
577637 1695334 69433.0
258061 1366 4940.0
3095 215467 13667.0
23858 82 20294.0
12222 623535 104923.0
9891 222 4695.0
68 168224 18566.0
178 1247 15223.0
178 156 5291.0
2566858 1017311 7954.0
56199 1775692 86623.0
256260 1321 5237.0
162 1646 10271.0
14935 453018 15997.0
5487 5702 8263.0
1637214 40 92624.0
807408 6216 251063.0
351939 82 6240.0
1973 374 10821.0
2188588 1477543 9254.0
1907999 1907816 207587.0
368777 1775692 132701.0
3809 606 22972.0
892879 278 42438.0
7413 222 9524.0
178 4432 9926.0
164 529675 80028.0
2105074 1775692 29143.0
1893706 3904 8135.0
255845 1321 16088.0
197 1761 6233.0
2066943 10763 18750.0
17814 46 94072.0
3753315 1951819 7567.0
186 6193 29020.0
276191 359 4726.0
726089 19886 29696.0
4753 961 4698.0
4898 36461 5498.0
1904 45020 15453.0
672 217390 40799.0
17 204 192907.0
126629 2278102 10928.0
583954 419433 8776.0
9674 222 56273.0
2855555 313 5963.0
977878 3117 11474.0
688 12135 5834.0
3348324 525388 6848.0
1771654 1653059 17337.0
3617 1768202 54100.0
521 2862268 6952.0
867 6217 53823.0
849 3920 16370.0
645745 891917 6002.0
68668 278 16861.0
256260 1366 12742.0
178 2914 5967.0
119 338 31418.0
672 24830 12611.0
313873 1366 9334.0
3941 92 6404.0
3111591 313 5572.0
18000 46 244684.0
17976 1032261 276485.0
103466 22013 6772.0
1441 222 7827.0
2279009 1942960 10368.0
25103 1775692 217932.0
6875 1545008 10988.0
4178 401592 6100.0
7 27 9406.0
256741 2278102 26224.0
338046 1366 24386.0
186 208 5101.0
18668 366553 4792.0
17166 987 5036.0
218358 12222 6349.0
460900 278 31263.0
2501468 1899551 43815.0
106 206 9503.0
1886314 1478 31919.0
1366 1031781 7293.0
9590 36461 6046.0
4753 118769 6211.0
672 56199 23758.0
1768202 249 16686.0
1477744 197 14233.0
2484096 2484097 58207.0
3617 3333 1871951.0
2620779 32909 66878.0
11677 21913 4766.0
178 10857 19252.0
1312 40 11683.0
4366 37107 6862.0
178 1819 68507.0
17 348 33259.0
164 193 2130683.0
2826861 15476 7751.0
1904 28426 4824.0
12222 4563 11194.0
849 482533 6835.0
3803 264 42801.0
784887 583 5326.0
119 1960704 13648.0
1553506 681954 17548.0
14502 419 9434.0
949 192 19856.0
1101502 4035325 16049.0
696869 682160 9056.0
80104 583954 25205.0
102590 1366 5380.0
5844 222 8863.0
89 521989 22675.0
102513 82 5400.0
6505 320037 62325.0
238793 82 47157.0
452256 12 5136.0
244042 1366 10048.0
849 6967 15980.0
78984 46 37727.0
6505 190 53814.0
28136 25588 5227.0
178 2385 19555.0
2657176 781778 4701.0
159 1548162 89783.0
10124 161 9277.0
264 920853 17756.0
2826868 3661 20199.0
103564 1032261 128451.0
48 636 10692.0
458194 4 5192.0
531740 204 153589.0
414677 672 25211.0
478 183 31053.0
489947 1366 5366.0
12197 1366 135526.0
119 972 42624.0
85 118813 9361.0
6289 46 11920.0
139 73914 67818.0
2657176 1341 10584.0
1516 21913 6869.0
1948414 29 5652.0
3278 2232045 7281.0
3 27 10152.0
2003905 90 43866.0
2519193 1451419 17389.0
82985 46 9390.0
1104211 47 4710.0
609153 49314 5523.0
214340 1468 8393.0
178 2364451 1345754.0
39979 2883825 8357.0
197 414 5892.0
139212 3051 6344.0
849 525370 5509.0
145382 1366 9629.0
125927 40 3207742.0
40081 4177 29649.0
509531 1036979 5702.0
2073010 10763 5376.0
177455 6505 6249.0
1355 222 4830.0
178 69060 6197.0
31 14 31643.0
3258 123 6043.0
452655 29 6926.0
119 1693675 42468.0
764796 2879694 6349.0
25 27 5087.0
148536 460 5913.0
6509 96668 16811.0
217869 62744 5109.0
1686 929 23625.0
428812 726089 1056048.0
4413 222 8508.0
531740 370914 5490.0
1911509 79885 65223.0
281 857 243168.0
133 23733 5188.0
163680 17 37870.0
10745 222 5191.0
1985 21913 4957.0
6221 1326 5452.0
5760 92 125913.0
2420147 7288 6381.0
672 368777 11753.0
1911509 3589 9357.0
21164 4035357 109703.0
1454247 1366 6015.0
35937 20493 6688.0
163779 672 25297.0
2364451 1613584 21921.0
105547 315573 11330.0
2087091 2278102 9367.0
490850 1803080 9532.0
177455 6509 6304.0
112314 1366 10332.0
1932667 3589 6449.0
119 215 18437.0
116 264 40322.0
135 549 64243.0
723212 395065 120893.0
119 604608 12589.0
14935 215467 81229.0
79018 46 59280.0
849 644959 7511.0
1543872 17230 19015.0
174060 92 100771.0
3594 21913 5363.0
849 15366 5828.0
241844 1366 4750.0
96134 13079 5374.0
1637214 97 18381.0
2862778 696870 6508.0
238497 605 235886.0
2883889 2883826 14660.0
849 1544353 8642.0
2504 2649413 79438.0
17 2036 96899.0
103350 27202 17965.0
359 276157 6689.0
1607362 399317 25438.0
1466877 512221 4808.0
1125 1126 26695.0
13612 86 75770.0
276173 359 12553.0
488 525045 50445.0
2831077 1774605 22398.0
68 4550 273635.0
17 849 78031.0
2256 2178 12132.0
2975800 313 39494.0
759843 4035373 11396.0
2064085 438 36134.0
1454243 1366 6464.0
849 798937 11540.0
139456 17 8206.0
2165 168555 8142.0
688 828 198147.0
374 112 18135.0
1165697 321 16249.0
68 208 146793.0
149721 2642 68176.0
443810 1366 5960.0
115288 6509 8138.0
1596159 249 90294.0
562931 121328 30794.0
460 1643 5976.0
452655 6 8155.0
861579 872916 33901.0
71357 11510 103510.0
18007 1321 14165.0
28136 298973 36916.0
72 22638 213848.0
139152 1468 53349.0
2053381 10 4971.0
4144 8081 7044.0
640200 16896 6277.0
119 1248 17076.0
3230 1038 5377.0
197 1670072 57855.0
133 11808 13357.0
1774605 696869 10219.0
680046 580 11136.0
849 23327 10046.0
1543872 105537 15195.0
130609 2029101 8683.0
672 163779 15476.0
21959 556155 8376.0
253636 1366 7896.0
623 677 49413.0
2549164 1775692 204861.0
669 92 37629.0
2879654 313 37034.0
119 121 36129.0
281 85223 6630.0
690698 121328 7679.0
41 42 3638267.0
1438651 297 1294574.0
3069 1892 64112.0
119 437 40345.0
3010735 3010736 248188.0
344385 6 12990.0
1257 17356 4844.0
36567 4177 17872.0
178 1484 5571.0
178 2663 25944.0
108601 155 63530.0
20608 2178 99724.0
433194 2394 5539.0
57061 23354 130792.0
68 3148 182130.0
6763 1969454 9098.0
1469156 512221 5691.0
695762 696870 26156.0
2173 2172 39401.0
68 3260 22238.0
2519193 264 7587.0
241945 1321 6136.0
19886 696869 7199.0
1312 7141 8697.0
14935 551196 5797.0
452998 2883825 32644.0
62894 4177 7725.0
312620 314067 8123.0
4178 386185 6825.0
685740 297514 6172.0
85 271134 16745.0
3617 1439647 56966.0
120084 1452431 5806.0
2092827 121329 23824.0
68 157168 11643.0
849 638308 7228.0
162 81578 12180.0
1515598 6 8196.0
17988 46 68498.0
531740 12171 6563.0
79064 46 177933.0
4144 1646 10368.0
503 2831477 8828.0
162 26679 13089.0
723212 121328 19660.0
17761 583954 8267.0
2394 433194 25664.0
28236 165768 9074.0
559523 1366 6130.0
13963 1975603 23638.0
1774605 11510 7616.0
1179 2088 7236.0
1543872 315935 12980.0
262701 1366 6263.0
68 299 129410.0
185 348 177389.0
1865 21898 19854.0
1452431 120084 6892.0
1945 110 12392.0
89907 4177 19994.0
32 27 6658.0
2211851 2883826 4958.0
3197 21913 11606.0
3617 2387291 14572.0
10842 4177 5220.0
4952 2178 49206.0
17805 583954 18944.0
645745 11517 15990.0
162 192 774132.0
359 276132 7637.0
2838645 743642 19048.0
228728 1366 6532.0
18011 164513 8776.0
55 4458 23705.0
1629429 773016 5295.0
2723080 677290 7237.0
160 40 146597.0
17806 46 110033.0
148536 114 6282.0
1886576 348 48905.0
17 249 14628.0
108601 154 62048.0
1459280 266873 16390.0
478 1880874 14517.0
2701082 1879815 8004.0
162339 119 10145.0
178605 1366 5000.0
85 40 7499961.0
4753 303967 11418.0
2855 402805 68079.0
18034 260 4723.0
89 2292147 17762.0
4035327 2838 316742.0
4753 677 11836.0
1629245 1321 7473.0
4753 138664 12470.0
14935 2345207 9834.0
13566 90287 5768.0
133 46667 9123.0
1032261 395262 7003.0
744535 427923 48219.0
133 18206 6570.0
6505 147600 18498.0
538667 1366 8109.0
377255 4410 6719.0
22013 4795 1275704.0
248 4616 37862.0
30959 326871 12612.0
2156960 10 8540.0
125911 1032261 555911.0
138 40 1371965.0
512072 1321 6074.0
99188 1366 5603.0
1980295 15476 7677.0
8906 222 5076.0
849 2883827 87926.0
85 67423 5990.0
17672 419 8333.0
849 15694 121675.0
278623 672 50378.0
56199 672 39970.0
4178 269806 5061.0
178 557508 24017.0
5799 272 14808.0
90 1439922 22836.0
131430 2029101 5710.0
316 263 9887.0
13650 2333242 21711.0
301699 2029101 4899.0
2053641 2858242 6964.0
980604 3117 20684.0
48 608 27774.0
4109396 1608736 4714.0
744 249 37298.0
30 14 39518.0
685733 2620779 5726.0
9039 289576 7293.0
83917 46 14553.0
2100246 538580 23938.0
849 764375 10348.0
386691 681922 5420.0
141 511 12707.0
120084 1452413 4924.0
807373 871217 56316.0
1543872 10334 15356.0
688 266063 8869.0
2603116 2883830 5463.0
13404 21913 5480.0
1982621 2657176 102225.0
215467 29 6621.0
14935 876885 8922.0
4201 1761 6422.0
2275108 2883827 5823.0
2753 4492 4958.0
2504 2649414 70886.0
2188588 1693327 9127.0
849 26385 56007.0
231443 1366 9906.0
162 29429 21953.0
14568 7680 9605.0
114 1613584 6676.0
85 97 2390471.0
1744798 4035348 6797.0
17 1032261 373221.0
80104 46 51510.0
3065 395065 11385.0
1366 178376 20199.0
71357 277443 910606.0
583954 219847 7381.0
37529 1366 5852.0
646 119 6825.0
85 395810 5412.0
849 580975 7342.0
276136 359 4935.0
1543872 16319 15399.0
227715 44 5384.0
57375 6147 6668.0
7719 17977 20024.0
1289 222 5697.0
3212 222 4732.0
1990 1341 9982.0
14935 785976 10134.0
39979 10 17168.0
359 276152 7022.0
1944414 313 23460.0
3121 1126 24057.0
6708 44 5908.0
178 161507 9959.0
452998 2883826 32996.0
281 92 110716.0
7551 119800 174697.0
726089 682918 7802.0
2862922 743642 13345.0
476105 413 21402.0
4201 197 21959.0
4178 335251 7364.0
6150 76977 16944.0
380971 82 5078.0
365060 3579 25228.0
2658665 40 35489.0
2980 1366 5400.0
2017860 25103 215185.0
29951 1366 7851.0
3747550 313 5885.0
1543872 1416953 16498.0
60 272 9061.0
1179 83060 5464.0
1032261 111406 8630.0
269187 1366 10654.0
78783 46 37894.0
3617 325 5298.0
5876 40 15279.0
39 40 2459662.0
358086 168627 7115.0
2603116 2883825 6467.0
2048102 177 75265.0
2855 2231349 6664.0
4753 131328 5395.0
1990074 10763 5545.0
296710 423407 9088.0
19454 165903 114279.0
6509 1637214 15807.0
764796 2865036 12569.0
4753 137065 5637.0
757 88730 8669.0
2725418 2372047 12625.0
1543872 22750 15609.0
196977 121328 6089.0
137946 1366 6651.0
1554 92 110318.0
66733 743642 5605.0
28136 6289 42156.0
2603116 2883826 6639.0
6357 6414 103335.0
849 742782 4700.0
255504 1366 7437.0
178 4667 11794.0
112 18171 5055.0
218 222 5166.0
289 14866 39160.0
4144 4454 12964.0
139212 197 42290.0
68 12757 27211.0
1099435 368191 5477.0
630212 755486 7487.0
1454321 1366 10121.0
849 696785 54917.0
17 764789 20827.0
1765290 362 7502.0
68 3938 36980.0
5227 222 6281.0
1471775 32909 14426.0
140 40 2273673.0
2519193 4201 16782.0
778 135473 5463.0
359 2657 16023.0
796557 796556 36825.0
178 1903846 19855.0
2729903 2883825 4722.0
764796 1837058 5892.0
1932667 249 74176.0
17 157 21185.0
8586 260561 5999.0
3032091 1601644 5717.0
645269 56199 4767.0
4144 14716 7707.0
896972 4177 10420.0
2504 2036 384804.0
359 276693 4986.0
2990222 313 5743.0
36971 723312 10837.0
2729903 2883826 5147.0
3507169 569590 7160.0
298974 46 7138.0
640200 755486 21810.0
63706 307 91322.0
178 3119 7743.0
106 1494 41710.0
758406 92 25887.0
797 222 55865.0
178 2531056 6011.0
488 305 232514.0
99132 1366 7877.0
2443153 313 11632.0
2581454 313 5450.0
137341 2278102 12638.0
4753 29271 4772.0
1471775 562911 14525.0
1973580 1973575 5758.0
28136 7215 26920.0
424816 828 20723.0
1168288 1366 17417.0
599 117 11167.0
178 97050 10714.0
17 40 921385.0
139 204 65124.0
6092 222 8118.0
31921 132 7906.0
1504 92 191575.0
178 22541 7245.0
1477744 920853 9839.0
744855 3331 7738.0
3617 146715 40192.0
28875 385841 259245.0
28136 52 26869.0
297464 92254 5057.0
215651 204 104561.0
13963 21203 4950.0
170579 71357 23758.0
1104211 18139 6399.0
85 179041 4941.0
309862 1366 12548.0
682159 682918 5466.0
159 1548277 53071.0
4888 222 26942.0
162 46667 11992.0
72 9182 230779.0
15225 672 20769.0
68 95 26998.0
4753 103988 4955.0
566461 764789 64531.0
2109412 10763 5274.0
141 244 12521.0
3122 222 5695.0
14935 158684 20078.0
133424 168627 16120.0
4144 5930 16759.0
6396 3051 81894.0
6509 190 126836.0
8884 1880874 11572.0
3424473 313 5454.0
849 1445001 5294.0
3817069 9727 12908.0
178376 1321 27223.0
630212 802126 7257.0
103465 22013 6945.0
281 2209794 16328.0
2279009 1942955 21028.0
310099 1321 18047.0
1863173 1880873 9679.0
12222 655592 12672.0
2364451 460 24138.0
71357 386895 15979.0
298929 1366 18568.0
240508 1716 50300.0
4753 125911 9176.0
11647 987 5811.0
6509 248169 8164.0
608 619 4905.0
1976696 13963 5593.0
1093537 299732 5424.0
119 1299 41531.0
103473 22013 5204.0
22638 540096 58959.0
114 162743 5892.0
2172 2607 54503.0
6505 134227 31852.0
1973240 10763 5483.0
310207 32909 19196.0
85 920 9547.0
13963 881874 4945.0
178 234871 65118.0
197 117 46525.0
253308 1366 11149.0
299732 103442 11460.0
78755 46 40818.0
849 1928769 31239.0
2949 1856 5873.0
672 7722 19236.0
3727235 525388 7562.0
299 92 58692.0
221 14716 7798.0
2004687 1857935 6123.0
158152 21035 5720.0
14935 1756074 4824.0
1865 49314 65983.0
25101 1366 8584.0
1865 20877 15920.0
17855 46 39083.0
121 119 5685.0
560288 1366 7309.0
207 1886314 92635.0
1885633 6763 47833.0
308 309 7879.0
28875 87695 10271.0
1982621 2649413 77357.0
20039 46 22744.0
1945506 1622 11791.0
119 148 20938.0
331619 4410 16785.0
17 398046 13363.0
1702 1024 15276.0
54463 10 8045.0
212 40 94697.0
12222 544736 19437.0
13963 1971278 9604.0
1886632 106 48433.0
4753 103241 5844.0
2726 222 5139.0
378010 580 5029.0
48509 326871 4768.0
15563 1366 11983.0
1775692 1803080 171158.0
101930 6509 8721.0
4753 116609 6994.0
333 348 174093.0
890 6420 8543.0
163680 3205 4698.0
602546 94302 27063.0
583 24852 6295.0
288819 46 36863.0
6195 222 6372.0
111657 1366 5473.0
14718 4035336 6622.0
348 6763 27233.0
415875 46 51685.0
309290 1366 9809.0
78837 46 44272.0
139456 1468 44353.0
3086796 313 4923.0
764796 4016554 6723.0
2315 40 4911.0
139370 121328 8921.0
48509 645745 19830.0
433951 423903 11200.0
121329 248957 8327.0
119 780 8259.0
849 16017 5040.0
1795 40 72984.0
18382 428809 162388.0
967544 2405 5342.0
178 69464 16146.0
1093529 299732 6970.0
6523 583954 7020.0
197 1275 5217.0
64993 6420 20575.0
164 13205 811884.0
2813690 12 9837.0
849 2267558 6553.0
879583 13963 6018.0
1798082 2016831 4899.0
1857935 32909 144726.0
1543872 17228 15993.0
14935 452655 155362.0
285358 288132 7385.0
163680 4366 6835.0
276142 359 10414.0
623 890 191264.0
1361 17 39543.0
339 340 79989.0
685734 297514 8274.0
2049407 4177 15380.0
14935 599094 14652.0
1441838 121329 8913.0
17814 583954 82840.0
4109396 1609973 5035.0
446 222 7147.0
5262 2831077 11906.0
744855 1231 5197.0
368266 672 49073.0
15394 21913 4908.0
119 679 5287.0
2883963 2883830 12681.0
218874 103257 20264.0
366553 759843 204614.0
139372 2521 8898.0
775101 1366 7885.0
353112 3161 6309.0
13963 1977578 4742.0
1611265 1366 6333.0
14935 461041 8915.0
15266 4 4954.0
2211851 10 16036.0
452655 9 5919.0
1886632 166 45717.0
1995876 10763 409011.0
1321 351273 7715.0
575453 429 6054.0
2016815 1899551 15584.0
1975539 313 10770.0
348 1478 35636.0
1902346 10763 5946.0
71357 145178 137870.0
9027 1032261 315923.0
197 1783 5326.0
127582 395065 101633.0
58383 103257 9502.0
321 993 33515.0
4144 81578 11440.0
60438 46 4975.0
13963 450580 5286.0
497 238 203570.0
214301 21913 6008.0
2668269 313 7635.0
28136 85 25780.0
3260 92 36263.0
3012 222 5750.0
39113 1366 5710.0
3348324 526694 5232.0
3095 54463 9298.0
1904 21225 20154.0
321 75705 21155.0
3051 139212 6410.0
1885633 1478 33800.0
178 1556130 11651.0
78756 46 36648.0
71357 291864 8131.0
178 161189 47131.0
2753 2754 10298.0
25103 1803080 43303.0
4160 606 26718.0
1774605 682918 10653.0
12221 14573 35897.0
1642064 1596159 4891.0
486759 1127449 13701.0
4079472 869600 11776.0
78829 46 105886.0
672 268710 13584.0
178 65571 7187.0
6419 583954 6205.0
7189 987 7027.0
14935 2040458 4901.0
1691383 1670072 8374.0
177546 82 91692.0
2493425 1880874 412951.0
171612 222 4871.0
666176 419 6489.0
640200 2099899 28302.0
22013 103442 11017.0
759843 4035322 5835.0
4753 97 335423.0
764796 3149005 6110.0
57520 57521 21342.0
32909 103442 7638.0
1454323 1366 12637.0
39979 2883837 8060.0
21036 672 6204.0
255845 1366 5752.0
4807 1471775 9530.0
2620779 4795 225318.0
100318 2753 5112.0
1066618 121328 17842.0
545066 1321 7147.0
2364451 1596159 15642.0
78892 46 53832.0
1011212 1366 14328.0
1115342 1366 7536.0
2007552 10763 4797.0
179774 1366 5161.0
5576 222 21513.0
2041016 10763 70072.0
4144 5937 17881.0
78815 46 55989.0
849 581303 7512.0
1907711 27 9530.0
1856 1855 122411.0
68 281 153942.0
44886 912773 6837.0
2949674 1899551 89000.0
14570 3579 117067.0
640200 11517 130375.0
11631 1032260 331675.0
528796 4177 23744.0
2883825 6 62212.0
1883353 1880873 499431.0
4753 118721 6870.0
8534 222 4726.0
2542162 313 6213.0
2101 4354 11994.0
36301 684 7730.0
1517 116 82564.0
119 176643 5733.0
2087210 10763 9390.0
178 70180 5259.0
178 7577 4929.0
119 1743528 23097.0
384414 121328 8975.0
145249 2172 15067.0
6165 5005 98259.0
704 222 6402.0
14935 452256 78315.0
359 276168 6719.0
3149 222 4839.0
22010 4795 667523.0
4144 12202 8192.0
112 374 6104.0
690555 3331 9669.0
71357 6278 9260.0
164315 71357 4955.0
4753 130848 4834.0
58269 88 75170.0
4753 13176 11587.0
506567 1366 5361.0
987 8875 8714.0
178 2070528 11267.0
531740 161 11464.0
2092174 10763 15113.0
438 627 8785.0
455049 29 7902.0
2232045 29 6947.0
2217 2218 5541.0
829 166 174169.0
108943 25103 11689.0
7217 2056114 5452.0
5699 222 4842.0
338804 266126 5157.0
764625 89 6438.0
147 249 54376.0
178 4068 12827.0
6638 222 6876.0
2519193 6150 19166.0
360255 121328 21668.0
783101 10 18787.0
55 56 70893.0
1775692 25103 319775.0
191006 1366 8485.0
613705 20925 7503.0
4501 21913 9254.0
161856 40 24472.0
2590 18236 16961.0
1904 21898 7901.0
25566 282721 64517.0
339037 260561 14327.0
18139 583954 297962.0
1802 438730 6102.0
1070346 40 673352.0
2204 3661 17210.0
1982621 677290 17323.0
14663 46 218187.0
402158 1946335 9344.0
849 867465 15654.0
14935 1763983 5967.0
478948 40 548788.0
2274 222 5742.0
163680 11963 5634.0
171 774 5184.0
2017860 1803080 198815.0
276258 359 5373.0
85248 121328 7693.0
1945506 693758 16785.0
2087226 10763 951325.0
2678565 7288 6991.0
807408 6405 275091.0
21605 15225 12621.0
57061 3713 65903.0
4410 222 6973.0
140 204 114588.0
149 119 6522.0
2591 249 165541.0
3333 249 63439.0
141 245 15166.0
3954717 3284 6759.0
17 20329 8144.0
36971 1583162 75948.0
299312 1366 8965.0
1147614 8561 22711.0
2063514 1855 45185.0
2077429 2013645 14278.0
37291 1366 6060.0
41271 1366 4962.0
1964 25642 27429.0
65391 684 4765.0
967544 2781 5273.0
2105074 2549164 77023.0
4753 130118 4724.0
764796 2629406 5319.0
231274 1321 10696.0
2082408 10763 1204271.0
1454198 1321 5328.0
248 4623 12348.0
2459 40 7980.0
238986 1366 5853.0
2861368 4177 18326.0
14935 260137 5972.0
9365 222 5510.0
354428 419 8868.0
4035337 759843 72826.0
264457 1516037 4895.0
1872179 14 40453.0
7722 7723 82573.0
4074 17 6969.0
1899551 1902363 90050.0
17 583 25550.0
1825 222 6576.0
248 249 166029.0
4753 49 5336.0
40014 1596159 4806.0
38 14 36498.0
288654 1366 4839.0
807601 6579 282012.0
4753 19721 6238.0
3104037 313 8707.0
6875 1654895 18678.0
293497 11517 6864.0
79063 46 27783.0
2211851 2883827 6112.0
12222 214040 10529.0
4753 158154 5824.0
57494 57495 23688.0
6369 46 68152.0
2387291 1613584 18070.0
1975592 13963 4824.0
1886576 1893036 225447.0
1543872 17229 13704.0
178 1596159 2024133.0
13963 1977450 10512.0
83 1148749 35371.0
219785 1366 5145.0
1886632 348 48360.0
105 348 177497.0
3477 40 24632.0
849 501556 7445.0
328 329 57695.0
682918 696870 15287.0
178 37443 12092.0
103465 1857935 4996.0
1877883 1609 9637.0
13376 222 5118.0
21209 222 9013.0
244629 7445 196723.0
523445 3971823 7666.0
46162 2029101 7725.0
15266 10 12362.0
3067929 29 9142.0
119 393 12022.0
502544 7217 45403.0
488 489 135853.0
12222 284860 13293.0
3258 306626 6789.0
252137 1366 8522.0
1607362 431355 39532.0
502458 82 8014.0
359 276270 11502.0
119 1743744 6254.0
19436 4794 5088.0
17945 46 12825.0
2393258 265362 5544.0
90 215388 31479.0
2046963 1468 26709.0
789918 2649414 84334.0
39979 12 12606.0
1893036 1478 49221.0
60011 46 5491.0
949 4410 5867.0
672 162306 51060.0
4493 1366 5447.0
1541664 321 13979.0
8072 222 6892.0
476 238 207736.0
1360 929 14039.0
39979 29 28678.0
99 395065 10318.0
783101 12 9086.0
1886576 1886314 432207.0
17 166 32950.0
12411 222 5328.0
807601 6380 262672.0
555 88730 8455.0
345542 583954 11340.0
2839 222 5157.0
85 32929 4883.0
2008530 313 8719.0
1637630 1856 8706.0
2613227 1596159 4868.0
93998 2178 11659.0
677290 1990 23954.0
849 17473 80281.0
176 204 8449.0
677 6420 27251.0
178 774972 8336.0
47104 21913 11867.0
1985025 313 12051.0
2040920 10763 4726.0
840485 161 12638.0
4753 16177 6927.0
4178 412 10981.0
1637214 6509 11032.0
162 14716 8108.0
1048 115 5680.0
7551 160543 80302.0
1471775 103434 20850.0
178 558516 7353.0
6509 212 46957.0
128112 73914 9511.0
66733 1942764 17464.0
119 1840658 4889.0
672 28875 37841.0
106 1326 23716.0
849 6389 10618.0
941 942 4701.0
1471775 8012 36081.0
133 6495 6722.0
142513 1032261 350614.0
127871 1321 8557.0
2105074 2105037 32174.0
17472 222 6386.0
25553 161 7080.0
2126450 297514 7511.0
38982 82 20132.0
66733 693758 5461.0
103 857 2002408.0
672 224447 9082.0
488 930 17099.0
342 238 251144.0
264 139212 22565.0
1361 35772 44192.0
178 2361 4983.0
178 4036 36743.0
68 669 114105.0
2036309 10763 11568.0
1543872 57382 15158.0
1453582 1366 55919.0
291 92 122427.0
87897 20493 4756.0
423 117 4907.0
28136 374063 8702.0
36919 1477519 4969.0
1865 252785 6347.0
139 111406 9178.0
308 1494 26123.0
277 278 29338.0
1543872 3443 14343.0
18668 4035325 388629.0
3489 606 14021.0
176848 57521 10551.0
2503037 121329 13215.0
12222 627767 12877.0
119 344 9646.0
6150 197 14314.0
3850 21913 9608.0
316 271567 11782.0
849 671336 53776.0
1553506 681869 17882.0
489886 2142328 35002.0
2831077 19886 6036.0
13963 1977612 6014.0
1877860 1877894 89064.0
30626 21913 10892.0
641775 431355 30588.0
1895108 249 21021.0
29397 1366 4744.0
24 30 7681.0
307157 1366 11400.0
3375448 313 5404.0
4178 253258 10980.0
672 354661 42735.0
2173 2178 98517.0
92793 315931 8142.0
85 656 122949.0
1865 337856 5813.0
8829 222 4792.0
726089 682160 7738.0
17356 1257 4847.0
63271 672 249790.0
778 5823 39305.0
178 1522739 40886.0
849 83497 16845.0
87695 28875 10275.0
227700 44 6055.0
8076 8077 18141.0
15334 222 5447.0
2172 1271 25618.0
106 6763 26072.0
849 133301 7833.0
178 20679 12358.0
849 1557817 7682.0
197 139212 36445.0
2217 1494 5068.0
37 2883978 6307.0
3398765 313 17015.0
78787 583954 12954.0
7010 1939704 5251.0
1151175 1366 6177.0
783101 4 6477.0
478948 204 74627.0
30065 1855 19075.0
78862 46 68493.0
366553 23 13744.0
145060 4177 23142.0
1462377 5550 5632.0
6505 1637214 12879.0
2279009 6082 6505.0
147757 1321 13024.0
424816 12135 9802.0
466982 6 5060.0
25103 108943 32994.0
13071 214 16409.0
43337 672 22733.0
849 763424 10120.0
1771654 2198804 9951.0
428812 428809 157150.0
522288 522289 16479.0
28136 370118 6270.0
1307159 294 6090.0
1904 2747 6384.0
2211851 29 16282.0
42 3117 18777.0
1623 1366 5397.0
119 295 11840.0
509531 786134 13971.0
2016815 1880874 12182.0
37633 1321 13868.0
503 21508 6362.0
2388532 2278102 10896.0
85 98 2464344.0
85 120711 5493.0
1904 1927 4811.0
1543872 17225 17585.0
331619 6201 21583.0
89 764614 24929.0
17825 583954 12098.0
1454243 1321 12081.0
682159 696870 21078.0
18382 7679 84313.0
572155 1126 81015.0
1973574 1973575 6470.0
1361 6800 8308.0
4753 226790 5590.0
14935 461982 12555.0
3258 28426 16429.0
5129 5130 152619.0
2279009 2979360 6480.0
849 19 46903.0
1893036 1494 32692.0
8012 4795 777827.0
306321 21913 5519.0
218874 672 64609.0
640200 288632 19568.0
687 433194 27532.0
14935 2150935 6821.0
256248 330231 16593.0
68 92533 47777.0
162 4115 5495.0
63271 278 13994.0
3934592 5509 5481.0
835894 22013 6450.0
815 816 107887.0
2105037 2105074 12879.0
6505 93439 24203.0
1543872 17226 18271.0
639715 1855 34567.0
281810 1451419 4849.0
121328 248957 7143.0
640200 7723 11767.0
4753 130849 5112.0
2039 214 6044.0
15052 121328 5214.0
2603116 19 6528.0
971939 2781 6183.0
7679 1775692 86434.0
1822767 1867058 5484.0
406087 1321 9516.0
275 222 5112.0
2883978 2883825 14655.0
160 161 34284.0
14935 5016 4998.0
1637630 2949 13820.0
249080 1321 6687.0
2838645 1622 6336.0
18994 1321 8275.0
30348 21913 6136.0
3808 307 31594.0
2729903 2883837 7515.0
627767 43337 8940.0
759843 719854 57228.0
1032261 121328 144010.0
6754 489 13508.0
640200 1416953 6905.0
54463 29 8348.0
613705 123860 5515.0
139370 121329 12592.0
221 17219 9318.0
17 475389 8950.0
2178 36295 16248.0
89038 121328 10075.0
764796 2839197 4704.0
1883353 1880874 499316.0
1032261 131210 54707.0
476439 419 6283.0
4753 180400 10082.0
1543872 6720 18571.0
2005 222 5024.0
849 1558068 5044.0
1789 1732 29207.0
645745 6720 15147.0
672 145228 45808.0
158168 222 4697.0
17761 46 38286.0
4063 1366 8443.0
147601 40 14535.0
849 691224 10817.0
243390 82 10564.0
3940 92 6414.0
19278 392 7737.0
179277 1366 5654.0
1471775 297514 37083.0
238506 87695 38142.0
36295 2172 27309.0
178 1911509 9296.0
1822767 1928878 5542.0
2504 677290 673622.0
1032236 1366 6742.0
9339 521 6785.0
224447 672 27872.0
1321 432987 6144.0
119 253 23852.0
460 2003241 12260.0
361846 46 36113.0
21035 145228 10703.0
849 806700 5659.0
326871 30959 12606.0
871217 796556 58486.0
85 204 1573888.0
8631 672 35264.0
296433 561 56149.0
1613584 1613585 16202.0
424816 265927 17179.0
268729 1855 60583.0
492635 32909 6959.0
299733 32909 58594.0
